c 	att48_tsp_48_4_full_36_14_50_18_2256_0_0_0_100_1708280_0_0
c 	nn 48
c 	nm 4
c 	oComp 86
c 	ooProb 0.00349071
c 	coProb 0.00696923
c 	ooD 6.60442
c 	coD 2.45317
c 	ccD 9.05758
c 	totD 18.1152
c 	ooD/totD 0.364579
c 	coD/totD 0.135421
c 	ccD/totD 0.5
c 	ccEval 0.754799
c 	ooN 1892
c 	coN 352
c 	ccN 12
c 	totN 2256
c 	totN / nn(nn-1)=1
c 	 TYPE: TSPLIB
48
1495 381 2012 1157 990 764 178 147 1788 542 508 749 696 408 318 1213 714 1082 717 935 228 538 1670 816 1922 1096 840 1147 986 498 1250 553 678 2136 754 1046 326 1117 261 692 1525 1104 616 2162 488 753 1184 
1495 1135 637 583 2207 2056 1641 1590 736 1312 1494 1150 988 1552 1243 2360 2004 2291 1615 1279 1272 1163 906 983 585 2269 2097 381 2155 1898 1091 1661 840 988 1984 2272 1778 976 1443 872 504 2223 1957 1098 1727 1388 661 
381 1135 1633 778 1163 971 551 457 1412 375 481 474 349 475 301 1359 918 1255 686 699 207 262 1308 480 1541 1251 1029 774 1133 772 936 622 301 1760 922 1227 644 785 325 442 1144 1231 850 1790 640 591 810 
2012 637 1633 886 2550 2444 2175 2081 444 1697 1881 1480 1385 1969 1806 2662 2397 2624 1941 1519 1805 1576 735 1321 102 2589 2467 879 2485 2343 1190 2044 1336 451 2357 2613 2255 1161 1901 1467 532 2526 2373 594 2138 1695 900 
1157 583 778 886 1686 1565 1329 1210 636 814 999 609 500 1084 1006 1818 1516 1764 1078 703 970 691 588 443 788 1735 1592 283 1626 1458 528 1163 503 985 1481 1750 1377 396 1021 768 370 1680 1489 1025 1253 839 97 
990 2207 1163 2550 1686 235 1015 845 2191 895 717 1078 1219 689 1289 230 279 93 611 1047 1162 1049 1961 1244 2450 116 153 1826 83 525 1428 553 1401 2502 244 66 704 1403 848 1598 2019 174 387 2468 528 856 1654 
764 2056 971 2444 1565 235 781 618 2111 753 568 965 1077 507 1070 465 54 323 532 984 947 894 1901 1123 2344 349 85 1676 260 290 1375 402 1231 2435 105 285 469 1324 648 1396 1914 386 153 2415 334 769 1545 
178 1641 551 2175 1329 1015 781 228 1962 709 649 924 874 534 413 1244 737 1103 844 1103 372 715 1847 994 2086 1127 863 1303 1025 493 1426 659 841 2310 795 1064 312 1294 418 805 1695 1149 629 2338 565 911 1359 
147 1590 457 2081 1210 845 618 228 1831 507 425 737 725 307 459 1068 568 936 617 897 352 546 1691 831 1988 951 694 1230 842 355 1240 434 757 2177 610 900 194 1121 214 819 1579 961 470 2193 352 695 1226 
1788 736 1412 444 636 2191 2111 1962 1831 1389 1565 1154 1107 1668 1639 2282 2067 2258 1588 1145 1606 1294 292 1015 358 2218 2123 771 2121 2049 783 1718 1138 349 2017 2252 1987 790 1632 1366 297 2149 2058 401 1826 1344 606 
542 1312 375 1697 814 895 753 709 507 1389 186 242 326 280 646 1061 704 981 332 395 514 159 1215 378 1598 962 787 932 847 660 737 353 522 1727 675 961 620 632 295 795 1171 925 676 1727 441 225 802 
508 1494 481 1881 999 717 568 649 425 1565 186 411 510 129 698 893 519 804 220 502 559 332 1378 560 1782 790 604 1114 673 493 879 168 687 1899 491 782 487 793 250 921 1353 760 495 1892 262 282 984 
749 1150 474 1480 609 1078 965 924 737 1154 242 411 205 519 774 1215 919 1156 471 231 663 221 973 169 1380 1128 988 776 1018 899 504 567 468 1488 877 1142 861 390 524 807 949 1076 905 1486 673 239 581 
696 988 349 1385 500 1219 1077 874 725 1107 326 510 205 586 641 1376 1027 1303 632 424 555 192 974 133 1287 1282 1113 608 1167 959 591 678 265 1453 1000 1284 882 437 526 611 866 1238 993 1470 758 428 504 
408 1552 475 1969 1084 689 507 534 307 1668 280 129 519 586 642 887 455 780 312 629 504 397 1492 656 1871 776 558 1174 659 381 1001 157 724 2006 449 753 359 907 175 913 1445 761 408 2004 176 410 1077 
318 1243 301 1806 1006 1289 1070 413 459 1639 646 698 774 641 642 1505 1019 1382 917 997 140 558 1569 773 1722 1390 1142 927 1276 814 1231 799 503 1986 1048 1348 643 1075 467 393 1356 1389 926 2030 768 870 1056 
1213 2360 1359 2662 1818 230 465 1244 1068 2282 1061 893 1215 1376 887 1505 507 151 746 1144 1374 1218 2035 1383 2561 117 382 1982 230 754 1504 739 1579 2577 459 193 933 1503 1054 1799 2134 139 616 2532 739 980 1777 
714 2004 918 2397 1516 279 54 737 568 2067 704 519 919 1027 455 1019 507 369 495 945 895 843 1860 1076 2297 390 127 1625 292 251 1337 354 1178 2393 91 332 427 1281 595 1344 1867 418 112 2375 281 728 1498 
1082 2291 1255 2624 1764 93 323 1103 936 2258 981 804 1156 1303 780 1382 151 369 687 1114 1254 1135 2022 1323 2523 64 243 1911 139 611 1489 641 1490 2564 336 42 792 1471 940 1690 2093 154 475 2527 621 930 1730 
717 1615 686 1941 1078 611 532 844 617 1588 332 220 471 632 312 917 746 495 687 453 778 490 1371 639 1840 658 536 1237 548 574 844 207 852 1907 432 674 630 799 466 1120 1409 608 519 1884 339 246 1044 
935 1279 699 1519 703 1047 984 1103 897 1145 395 502 231 424 629 997 1144 945 1114 453 879 439 919 336 1418 1075 987 924 976 985 393 618 688 1457 884 1108 987 360 688 1034 992 1009 958 1432 745 225 646 
228 1272 207 1805 970 1162 947 372 352 1606 514 559 663 555 504 140 1374 895 1254 778 879 444 1512 685 1717 1260 1016 932 1145 704 1140 661 473 1954 919 1221 544 991 329 468 1332 1255 808 1989 636 739 1009 
538 1163 262 1576 691 1049 894 715 546 1294 159 332 221 192 397 558 1218 843 1135 490 439 444 1145 286 1479 1119 934 783 1002 768 713 499 363 1637 822 1114 694 580 340 650 1057 1083 804 1649 570 341 693 
1670 906 1308 735 588 1961 1901 1847 1691 292 1215 1378 973 974 1492 1569 2035 1860 2022 1371 919 1512 1145 860 646 1978 1905 813 1887 1870 534 1521 1070 543 1802 2019 1830 586 1483 1355 403 1905 1864 515 1638 1133 519 
816 983 480 1321 443 1244 1123 994 831 1015 378 560 169 133 656 773 1383 1076 1323 639 336 685 286 860 1222 1296 1150 611 1185 1036 458 723 368 1356 1038 1308 976 306 624 723 793 1245 1054 1364 819 406 424 
1922 585 1541 102 788 2450 2344 2086 1988 358 1598 1782 1380 1287 1871 1722 2561 2297 2523 1840 1418 1717 1479 646 1222 2488 2367 796 2384 2246 1091 1944 1246 435 2256 2513 2160 1059 1806 1391 431 2425 2274 569 2039 1595 800 
1096 2269 1251 2589 1735 116 349 1127 951 2218 962 790 1128 1282 776 1390 117 390 64 658 1075 1260 1119 1978 1296 2488 266 1889 118 639 1445 632 1477 2521 343 97 816 1433 941 1689 2059 91 500 2481 625 898 1698 
840 2097 1029 2467 1592 153 85 863 694 2123 787 604 988 1113 558 1142 382 127 243 536 987 1016 934 1905 1150 2367 266 1716 177 374 1376 436 1279 2443 113 207 552 1334 709 1459 1936 302 235 2418 390 780 1568 
1147 381 774 879 283 1826 1676 1303 1230 771 932 1114 776 608 1174 927 1982 1625 1911 1237 924 932 783 813 611 796 1889 1716 1775 1526 807 1281 474 1100 1604 1892 1414 663 1072 605 475 1844 1579 1172 1349 1015 379 
986 2155 1133 2485 1626 83 260 1025 842 2121 847 673 1018 1167 659 1276 230 292 139 548 976 1145 1002 1887 1185 2384 118 177 1775 543 1354 514 1360 2429 233 133 716 1334 825 1571 1954 127 404 2393 509 791 1592 
498 1898 772 2343 1458 525 290 493 355 2049 660 493 899 959 381 814 754 251 611 574 985 704 768 1870 1036 2246 639 374 1526 543 1370 373 1059 2386 324 572 183 1285 455 1168 1823 669 139 2384 242 761 1456 
1250 1091 936 1190 528 1428 1375 1426 1240 783 737 879 504 591 1001 1231 1504 1337 1489 844 393 1140 713 534 458 1091 1445 1376 807 1354 1370 1007 794 1076 1275 1486 1354 169 1026 1143 692 1372 1349 1043 1131 614 437 
553 1661 622 2044 1163 553 402 659 434 1718 353 168 567 678 157 799 739 354 641 207 618 661 499 1521 723 1944 632 436 1281 514 373 1007 849 2048 323 618 424 937 332 1062 1514 609 344 2035 134 394 1145 
678 840 301 1336 503 1401 1231 841 757 1138 522 687 468 265 724 503 1579 1178 1490 852 688 473 363 1070 368 1246 1477 1279 474 1360 1059 794 849 1486 1168 1466 941 627 604 356 860 1444 1122 1528 898 677 554 
2136 988 1760 451 985 2502 2435 2310 2177 349 1727 1899 1488 1453 2006 1986 2577 2393 2564 1907 1457 1954 1637 543 1356 435 2521 2443 1100 2429 2386 1076 2048 1486 2338 2561 2331 1112 1976 1701 633 2447 2390 146 2160 1666 953 
754 1984 922 2357 1481 244 105 795 610 2017 675 491 877 1000 449 1048 459 91 336 432 884 919 822 1802 1038 2256 343 113 1604 233 324 1275 323 1168 2338 305 488 1228 605 1356 1826 355 190 2316 286 673 1457 
1046 2272 1227 2613 1750 66 285 1064 900 2252 961 782 1142 1284 753 1348 193 332 42 674 1108 1221 1114 2019 1308 2513 97 207 1892 133 572 1486 618 1466 2561 305 753 1464 910 1661 2082 181 437 2526 590 919 1718 
326 1778 644 2255 1377 704 469 312 194 1987 620 487 861 882 359 643 933 427 792 630 987 544 694 1830 976 2160 816 552 1414 716 183 1354 424 941 2331 488 753 1250 357 1011 1745 841 317 2339 301 769 1385 
1117 976 785 1161 396 1403 1324 1294 1121 790 632 793 390 437 907 1075 1503 1281 1471 799 360 991 580 586 306 1059 1433 1334 663 1334 1285 169 937 627 1112 1228 1464 1250 909 974 637 1368 1280 1100 1053 555 317 
261 1443 325 1901 1021 848 648 418 214 1632 295 250 524 526 175 467 1054 595 940 466 688 329 340 1483 624 1806 941 709 1072 825 455 1026 332 604 1976 605 910 357 909 751 1389 931 525 1988 320 495 1029 
692 872 442 1467 768 1598 1396 805 819 1366 795 921 807 611 913 393 1799 1344 1690 1120 1034 468 650 1355 723 1391 1689 1459 605 1571 1168 1143 1062 356 1701 1356 1661 1011 974 751 1071 1671 1264 1766 1071 989 843 
1525 504 1144 532 370 2019 1914 1695 1579 297 1171 1353 949 866 1445 1356 2134 1867 2093 1409 992 1332 1057 403 793 431 2059 1936 475 1954 1823 692 1514 860 633 1826 2082 1745 637 1389 1071 1997 1846 698 1611 1164 370 
1104 2223 1231 2526 1680 174 386 1149 961 2149 925 760 1076 1238 761 1389 139 418 154 608 1009 1255 1083 1905 1245 2425 91 302 1844 127 669 1372 609 1444 2447 355 181 841 1368 931 1671 1997 530 2405 622 842 1640 
616 1957 850 2373 1489 387 153 629 470 2058 676 495 905 993 408 926 616 112 475 519 958 808 804 1864 1054 2274 500 235 1579 404 139 1349 344 1122 2390 190 437 317 1280 525 1264 1846 530 2379 236 735 1477 
2162 1098 1790 594 1025 2468 2415 2338 2193 401 1727 1892 1486 1470 2004 2030 2532 2375 2527 1884 1432 1989 1649 515 1364 569 2481 2418 1172 2393 2384 1043 2035 1528 146 2316 2526 2339 1100 1988 1766 698 2405 2379 2152 1647 981 
488 1727 640 2138 1253 528 334 565 352 1826 441 262 673 758 176 768 739 281 621 339 745 636 570 1638 819 2039 625 390 1349 509 242 1131 134 898 2160 286 590 301 1053 320 1071 1611 622 236 2152 520 1242 
753 1388 591 1695 839 856 769 911 695 1344 225 282 239 428 410 870 980 728 930 246 225 739 341 1133 406 1595 898 780 1015 791 761 614 394 677 1666 673 919 769 555 495 989 1164 842 735 1647 520 801 
1184 661 810 900 97 1654 1545 1359 1226 606 802 984 581 504 1077 1056 1777 1498 1730 1044 646 1009 693 519 424 800 1698 1568 379 1592 1456 437 1145 554 953 1457 1718 1385 317 1029 843 370 1640 1477 981 1242 801 
2256
0 1
0 0.996509 1 0.00349071 
0 2
0 0.996509 1 0.00349071 
0 3
0 0.996509 1 0.00349071 
0 4
0 0.996509 1 0.00349071 
0 5
0 0.993031 1 0.00696923 
0 6
0 0.996509 1 0.00349071 
0 7
0 0.996509 1 0.00349071 
0 8
0 0.993031 1 0.00696923 
0 9
0 0.996509 1 0.00349071 
0 10
0 0.996509 1 0.00349071 
0 11
0 0.996509 1 0.00349071 
0 12
0 0.996509 1 0.00349071 
0 13
0 0.996509 1 0.00349071 
0 14
0 0.996509 1 0.00349071 
0 15
0 0.996509 1 0.00349071 
0 16
0 0.996509 1 0.00349071 
0 17
0 0.996509 1 0.00349071 
0 18
0 0.996509 1 0.00349071 
0 19
0 0.993031 1 0.00696923 
0 20
0 0.996509 1 0.00349071 
0 21
0 0.996509 1 0.00349071 
0 22
0 0.996509 1 0.00349071 
0 23
0 0.996509 1 0.00349071 
0 24
0 0.996509 1 0.00349071 
0 25
0 0.996509 1 0.00349071 
0 26
0 0.996509 1 0.00349071 
0 27
0 0.996509 1 0.00349071 
0 28
0 0.996509 1 0.00349071 
0 29
0 0.993031 1 0.00696923 
0 30
0 0.996509 1 0.00349071 
0 31
0 0.996509 1 0.00349071 
0 32
0 0.996509 1 0.00349071 
0 33
0 0.996509 1 0.00349071 
0 34
0 0.996509 1 0.00349071 
0 35
0 0.996509 1 0.00349071 
0 36
0 0.996509 1 0.00349071 
0 37
0 0.996509 1 0.00349071 
0 38
0 0.996509 1 0.00349071 
0 39
0 0.996509 1 0.00349071 
0 40
0 0.996509 1 0.00349071 
0 41
0 0.996509 1 0.00349071 
0 42
0 0.996509 1 0.00349071 
0 43
0 0.996509 1 0.00349071 
0 44
0 0.996509 1 0.00349071 
0 45
0 0.996509 1 0.00349071 
0 46
0 0.996509 1 0.00349071 
0 47
0 0.996509 1 0.00349071 
1 0
0 0.996509 1 0.00349071 
1 2
0 0.996509 1 0.00349071 
1 3
0 0.996509 1 0.00349071 
1 4
0 0.996509 1 0.00349071 
1 5
0 0.993031 1 0.00696923 
1 6
0 0.996509 1 0.00349071 
1 7
0 0.996509 1 0.00349071 
1 8
0 0.993031 1 0.00696923 
1 9
0 0.996509 1 0.00349071 
1 10
0 0.996509 1 0.00349071 
1 11
0 0.996509 1 0.00349071 
1 12
0 0.996509 1 0.00349071 
1 13
0 0.996509 1 0.00349071 
1 14
0 0.996509 1 0.00349071 
1 15
0 0.996509 1 0.00349071 
1 16
0 0.996509 1 0.00349071 
1 17
0 0.996509 1 0.00349071 
1 18
0 0.996509 1 0.00349071 
1 19
0 0.993031 1 0.00696923 
1 20
0 0.996509 1 0.00349071 
1 21
0 0.996509 1 0.00349071 
1 22
0 0.996509 1 0.00349071 
1 23
0 0.996509 1 0.00349071 
1 24
0 0.996509 1 0.00349071 
1 25
0 0.996509 1 0.00349071 
1 26
0 0.996509 1 0.00349071 
1 27
0 0.996509 1 0.00349071 
1 28
0 0.996509 1 0.00349071 
1 29
0 0.993031 1 0.00696923 
1 30
0 0.996509 1 0.00349071 
1 31
0 0.996509 1 0.00349071 
1 32
0 0.996509 1 0.00349071 
1 33
0 0.996509 1 0.00349071 
1 34
0 0.996509 1 0.00349071 
1 35
0 0.996509 1 0.00349071 
1 36
0 0.996509 1 0.00349071 
1 37
0 0.996509 1 0.00349071 
1 38
0 0.996509 1 0.00349071 
1 39
0 0.996509 1 0.00349071 
1 40
0 0.996509 1 0.00349071 
1 41
0 0.996509 1 0.00349071 
1 42
0 0.996509 1 0.00349071 
1 43
0 0.996509 1 0.00349071 
1 44
0 0.996509 1 0.00349071 
1 45
0 0.996509 1 0.00349071 
1 46
0 0.996509 1 0.00349071 
1 47
0 0.996509 1 0.00349071 
2 0
0 0.996509 1 0.00349071 
2 1
0 0.996509 1 0.00349071 
2 3
0 0.996509 1 0.00349071 
2 4
0 0.996509 1 0.00349071 
2 5
0 0.993031 1 0.00696923 
2 6
0 0.996509 1 0.00349071 
2 7
0 0.996509 1 0.00349071 
2 8
0 0.993031 1 0.00696923 
2 9
0 0.996509 1 0.00349071 
2 10
0 0.996509 1 0.00349071 
2 11
0 0.996509 1 0.00349071 
2 12
0 0.996509 1 0.00349071 
2 13
0 0.996509 1 0.00349071 
2 14
0 0.996509 1 0.00349071 
2 15
0 0.996509 1 0.00349071 
2 16
0 0.996509 1 0.00349071 
2 17
0 0.996509 1 0.00349071 
2 18
0 0.996509 1 0.00349071 
2 19
0 0.993031 1 0.00696923 
2 20
0 0.996509 1 0.00349071 
2 21
0 0.996509 1 0.00349071 
2 22
0 0.996509 1 0.00349071 
2 23
0 0.996509 1 0.00349071 
2 24
0 0.996509 1 0.00349071 
2 25
0 0.996509 1 0.00349071 
2 26
0 0.996509 1 0.00349071 
2 27
0 0.996509 1 0.00349071 
2 28
0 0.996509 1 0.00349071 
2 29
0 0.993031 1 0.00696923 
2 30
0 0.996509 1 0.00349071 
2 31
0 0.996509 1 0.00349071 
2 32
0 0.996509 1 0.00349071 
2 33
0 0.996509 1 0.00349071 
2 34
0 0.996509 1 0.00349071 
2 35
0 0.996509 1 0.00349071 
2 36
0 0.996509 1 0.00349071 
2 37
0 0.996509 1 0.00349071 
2 38
0 0.996509 1 0.00349071 
2 39
0 0.996509 1 0.00349071 
2 40
0 0.996509 1 0.00349071 
2 41
0 0.996509 1 0.00349071 
2 42
0 0.996509 1 0.00349071 
2 43
0 0.996509 1 0.00349071 
2 44
0 0.996509 1 0.00349071 
2 45
0 0.996509 1 0.00349071 
2 46
0 0.996509 1 0.00349071 
2 47
0 0.996509 1 0.00349071 
3 0
0 0.996509 1 0.00349071 
3 1
0 0.996509 1 0.00349071 
3 2
0 0.996509 1 0.00349071 
3 4
0 0.996509 1 0.00349071 
3 5
0 0.993031 1 0.00696923 
3 6
0 0.996509 1 0.00349071 
3 7
0 0.996509 1 0.00349071 
3 8
0 0.993031 1 0.00696923 
3 9
0 0.996509 1 0.00349071 
3 10
0 0.996509 1 0.00349071 
3 11
0 0.996509 1 0.00349071 
3 12
0 0.996509 1 0.00349071 
3 13
0 0.996509 1 0.00349071 
3 14
0 0.996509 1 0.00349071 
3 15
0 0.996509 1 0.00349071 
3 16
0 0.996509 1 0.00349071 
3 17
0 0.996509 1 0.00349071 
3 18
0 0.996509 1 0.00349071 
3 19
0 0.993031 1 0.00696923 
3 20
0 0.996509 1 0.00349071 
3 21
0 0.996509 1 0.00349071 
3 22
0 0.996509 1 0.00349071 
3 23
0 0.996509 1 0.00349071 
3 24
0 0.996509 1 0.00349071 
3 25
0 0.996509 1 0.00349071 
3 26
0 0.996509 1 0.00349071 
3 27
0 0.996509 1 0.00349071 
3 28
0 0.996509 1 0.00349071 
3 29
0 0.993031 1 0.00696923 
3 30
0 0.996509 1 0.00349071 
3 31
0 0.996509 1 0.00349071 
3 32
0 0.996509 1 0.00349071 
3 33
0 0.996509 1 0.00349071 
3 34
0 0.996509 1 0.00349071 
3 35
0 0.996509 1 0.00349071 
3 36
0 0.996509 1 0.00349071 
3 37
0 0.996509 1 0.00349071 
3 38
0 0.996509 1 0.00349071 
3 39
0 0.996509 1 0.00349071 
3 40
0 0.996509 1 0.00349071 
3 41
0 0.996509 1 0.00349071 
3 42
0 0.996509 1 0.00349071 
3 43
0 0.996509 1 0.00349071 
3 44
0 0.996509 1 0.00349071 
3 45
0 0.996509 1 0.00349071 
3 46
0 0.996509 1 0.00349071 
3 47
0 0.996509 1 0.00349071 
4 0
0 0.996509 1 0.00349071 
4 1
0 0.996509 1 0.00349071 
4 2
0 0.996509 1 0.00349071 
4 3
0 0.996509 1 0.00349071 
4 5
0 0.993031 1 0.00696923 
4 6
0 0.996509 1 0.00349071 
4 7
0 0.996509 1 0.00349071 
4 8
0 0.993031 1 0.00696923 
4 9
0 0.996509 1 0.00349071 
4 10
0 0.996509 1 0.00349071 
4 11
0 0.996509 1 0.00349071 
4 12
0 0.996509 1 0.00349071 
4 13
0 0.996509 1 0.00349071 
4 14
0 0.996509 1 0.00349071 
4 15
0 0.996509 1 0.00349071 
4 16
0 0.996509 1 0.00349071 
4 17
0 0.996509 1 0.00349071 
4 18
0 0.996509 1 0.00349071 
4 19
0 0.993031 1 0.00696923 
4 20
0 0.996509 1 0.00349071 
4 21
0 0.996509 1 0.00349071 
4 22
0 0.996509 1 0.00349071 
4 23
0 0.996509 1 0.00349071 
4 24
0 0.996509 1 0.00349071 
4 25
0 0.996509 1 0.00349071 
4 26
0 0.996509 1 0.00349071 
4 27
0 0.996509 1 0.00349071 
4 28
0 0.996509 1 0.00349071 
4 29
0 0.993031 1 0.00696923 
4 30
0 0.996509 1 0.00349071 
4 31
0 0.996509 1 0.00349071 
4 32
0 0.996509 1 0.00349071 
4 33
0 0.996509 1 0.00349071 
4 34
0 0.996509 1 0.00349071 
4 35
0 0.996509 1 0.00349071 
4 36
0 0.996509 1 0.00349071 
4 37
0 0.996509 1 0.00349071 
4 38
0 0.996509 1 0.00349071 
4 39
0 0.996509 1 0.00349071 
4 40
0 0.996509 1 0.00349071 
4 41
0 0.996509 1 0.00349071 
4 42
0 0.996509 1 0.00349071 
4 43
0 0.996509 1 0.00349071 
4 44
0 0.996509 1 0.00349071 
4 45
0 0.996509 1 0.00349071 
4 46
0 0.996509 1 0.00349071 
4 47
0 0.996509 1 0.00349071 
5 0
0 0.993031 1 0.00696923 
5 1
0 0.993031 1 0.00696923 
5 2
0 0.993031 1 0.00696923 
5 3
0 0.993031 1 0.00696923 
5 4
0 0.993031 1 0.00696923 
5 6
0 0.993031 1 0.00696923 
5 7
0 0.993031 1 0.00696923 
5 8
0 0.372601 1 0.5 2 0.127399 
5 9
0 0.993031 1 0.00696923 
5 10
0 0.993031 1 0.00696923 
5 11
0 0.993031 1 0.00696923 
5 12
0 0.993031 1 0.00696923 
5 13
0 0.993031 1 0.00696923 
5 14
0 0.993031 1 0.00696923 
5 15
0 0.993031 1 0.00696923 
5 16
0 0.993031 1 0.00696923 
5 17
0 0.993031 1 0.00696923 
5 18
0 0.993031 1 0.00696923 
5 19
0 0.372601 1 0.5 2 0.127399 
5 20
0 0.993031 1 0.00696923 
5 21
0 0.993031 1 0.00696923 
5 22
0 0.993031 1 0.00696923 
5 23
0 0.993031 1 0.00696923 
5 24
0 0.993031 1 0.00696923 
5 25
0 0.993031 1 0.00696923 
5 26
0 0.993031 1 0.00696923 
5 27
0 0.993031 1 0.00696923 
5 28
0 0.993031 1 0.00696923 
5 29
0 0.372601 1 0.5 2 0.127399 
5 30
0 0.993031 1 0.00696923 
5 31
0 0.993031 1 0.00696923 
5 32
0 0.993031 1 0.00696923 
5 33
0 0.993031 1 0.00696923 
5 34
0 0.993031 1 0.00696923 
5 35
0 0.993031 1 0.00696923 
5 36
0 0.993031 1 0.00696923 
5 37
0 0.993031 1 0.00696923 
5 38
0 0.993031 1 0.00696923 
5 39
0 0.993031 1 0.00696923 
5 40
0 0.993031 1 0.00696923 
5 41
0 0.993031 1 0.00696923 
5 42
0 0.993031 1 0.00696923 
5 43
0 0.993031 1 0.00696923 
5 44
0 0.993031 1 0.00696923 
5 45
0 0.993031 1 0.00696923 
5 46
0 0.993031 1 0.00696923 
5 47
0 0.993031 1 0.00696923 
6 0
0 0.996509 1 0.00349071 
6 1
0 0.996509 1 0.00349071 
6 2
0 0.996509 1 0.00349071 
6 3
0 0.996509 1 0.00349071 
6 4
0 0.996509 1 0.00349071 
6 5
0 0.993031 1 0.00696923 
6 7
0 0.996509 1 0.00349071 
6 8
0 0.993031 1 0.00696923 
6 9
0 0.996509 1 0.00349071 
6 10
0 0.996509 1 0.00349071 
6 11
0 0.996509 1 0.00349071 
6 12
0 0.996509 1 0.00349071 
6 13
0 0.996509 1 0.00349071 
6 14
0 0.996509 1 0.00349071 
6 15
0 0.996509 1 0.00349071 
6 16
0 0.996509 1 0.00349071 
6 17
0 0.996509 1 0.00349071 
6 18
0 0.996509 1 0.00349071 
6 19
0 0.993031 1 0.00696923 
6 20
0 0.996509 1 0.00349071 
6 21
0 0.996509 1 0.00349071 
6 22
0 0.996509 1 0.00349071 
6 23
0 0.996509 1 0.00349071 
6 24
0 0.996509 1 0.00349071 
6 25
0 0.996509 1 0.00349071 
6 26
0 0.996509 1 0.00349071 
6 27
0 0.996509 1 0.00349071 
6 28
0 0.996509 1 0.00349071 
6 29
0 0.993031 1 0.00696923 
6 30
0 0.996509 1 0.00349071 
6 31
0 0.996509 1 0.00349071 
6 32
0 0.996509 1 0.00349071 
6 33
0 0.996509 1 0.00349071 
6 34
0 0.996509 1 0.00349071 
6 35
0 0.996509 1 0.00349071 
6 36
0 0.996509 1 0.00349071 
6 37
0 0.996509 1 0.00349071 
6 38
0 0.996509 1 0.00349071 
6 39
0 0.996509 1 0.00349071 
6 40
0 0.996509 1 0.00349071 
6 41
0 0.996509 1 0.00349071 
6 42
0 0.996509 1 0.00349071 
6 43
0 0.996509 1 0.00349071 
6 44
0 0.996509 1 0.00349071 
6 45
0 0.996509 1 0.00349071 
6 46
0 0.996509 1 0.00349071 
6 47
0 0.996509 1 0.00349071 
7 0
0 0.996509 1 0.00349071 
7 1
0 0.996509 1 0.00349071 
7 2
0 0.996509 1 0.00349071 
7 3
0 0.996509 1 0.00349071 
7 4
0 0.996509 1 0.00349071 
7 5
0 0.993031 1 0.00696923 
7 6
0 0.996509 1 0.00349071 
7 8
0 0.993031 1 0.00696923 
7 9
0 0.996509 1 0.00349071 
7 10
0 0.996509 1 0.00349071 
7 11
0 0.996509 1 0.00349071 
7 12
0 0.996509 1 0.00349071 
7 13
0 0.996509 1 0.00349071 
7 14
0 0.996509 1 0.00349071 
7 15
0 0.996509 1 0.00349071 
7 16
0 0.996509 1 0.00349071 
7 17
0 0.996509 1 0.00349071 
7 18
0 0.996509 1 0.00349071 
7 19
0 0.993031 1 0.00696923 
7 20
0 0.996509 1 0.00349071 
7 21
0 0.996509 1 0.00349071 
7 22
0 0.996509 1 0.00349071 
7 23
0 0.996509 1 0.00349071 
7 24
0 0.996509 1 0.00349071 
7 25
0 0.996509 1 0.00349071 
7 26
0 0.996509 1 0.00349071 
7 27
0 0.996509 1 0.00349071 
7 28
0 0.996509 1 0.00349071 
7 29
0 0.993031 1 0.00696923 
7 30
0 0.996509 1 0.00349071 
7 31
0 0.996509 1 0.00349071 
7 32
0 0.996509 1 0.00349071 
7 33
0 0.996509 1 0.00349071 
7 34
0 0.996509 1 0.00349071 
7 35
0 0.996509 1 0.00349071 
7 36
0 0.996509 1 0.00349071 
7 37
0 0.996509 1 0.00349071 
7 38
0 0.996509 1 0.00349071 
7 39
0 0.996509 1 0.00349071 
7 40
0 0.996509 1 0.00349071 
7 41
0 0.996509 1 0.00349071 
7 42
0 0.996509 1 0.00349071 
7 43
0 0.996509 1 0.00349071 
7 44
0 0.996509 1 0.00349071 
7 45
0 0.996509 1 0.00349071 
7 46
0 0.996509 1 0.00349071 
7 47
0 0.996509 1 0.00349071 
8 0
0 0.993031 1 0.00696923 
8 1
0 0.993031 1 0.00696923 
8 2
0 0.993031 1 0.00696923 
8 3
0 0.993031 1 0.00696923 
8 4
0 0.993031 1 0.00696923 
8 5
0 0.372601 1 0.5 2 0.127399 
8 6
0 0.993031 1 0.00696923 
8 7
0 0.993031 1 0.00696923 
8 9
0 0.993031 1 0.00696923 
8 10
0 0.993031 1 0.00696923 
8 11
0 0.993031 1 0.00696923 
8 12
0 0.993031 1 0.00696923 
8 13
0 0.993031 1 0.00696923 
8 14
0 0.993031 1 0.00696923 
8 15
0 0.993031 1 0.00696923 
8 16
0 0.993031 1 0.00696923 
8 17
0 0.993031 1 0.00696923 
8 18
0 0.993031 1 0.00696923 
8 19
0 0.372601 1 0.5 2 0.127399 
8 20
0 0.993031 1 0.00696923 
8 21
0 0.993031 1 0.00696923 
8 22
0 0.993031 1 0.00696923 
8 23
0 0.993031 1 0.00696923 
8 24
0 0.993031 1 0.00696923 
8 25
0 0.993031 1 0.00696923 
8 26
0 0.993031 1 0.00696923 
8 27
0 0.993031 1 0.00696923 
8 28
0 0.993031 1 0.00696923 
8 29
0 0.372601 1 0.5 2 0.127399 
8 30
0 0.993031 1 0.00696923 
8 31
0 0.993031 1 0.00696923 
8 32
0 0.993031 1 0.00696923 
8 33
0 0.993031 1 0.00696923 
8 34
0 0.993031 1 0.00696923 
8 35
0 0.993031 1 0.00696923 
8 36
0 0.993031 1 0.00696923 
8 37
0 0.993031 1 0.00696923 
8 38
0 0.993031 1 0.00696923 
8 39
0 0.993031 1 0.00696923 
8 40
0 0.993031 1 0.00696923 
8 41
0 0.993031 1 0.00696923 
8 42
0 0.993031 1 0.00696923 
8 43
0 0.993031 1 0.00696923 
8 44
0 0.993031 1 0.00696923 
8 45
0 0.993031 1 0.00696923 
8 46
0 0.993031 1 0.00696923 
8 47
0 0.993031 1 0.00696923 
9 0
0 0.996509 1 0.00349071 
9 1
0 0.996509 1 0.00349071 
9 2
0 0.996509 1 0.00349071 
9 3
0 0.996509 1 0.00349071 
9 4
0 0.996509 1 0.00349071 
9 5
0 0.993031 1 0.00696923 
9 6
0 0.996509 1 0.00349071 
9 7
0 0.996509 1 0.00349071 
9 8
0 0.993031 1 0.00696923 
9 10
0 0.996509 1 0.00349071 
9 11
0 0.996509 1 0.00349071 
9 12
0 0.996509 1 0.00349071 
9 13
0 0.996509 1 0.00349071 
9 14
0 0.996509 1 0.00349071 
9 15
0 0.996509 1 0.00349071 
9 16
0 0.996509 1 0.00349071 
9 17
0 0.996509 1 0.00349071 
9 18
0 0.996509 1 0.00349071 
9 19
0 0.993031 1 0.00696923 
9 20
0 0.996509 1 0.00349071 
9 21
0 0.996509 1 0.00349071 
9 22
0 0.996509 1 0.00349071 
9 23
0 0.996509 1 0.00349071 
9 24
0 0.996509 1 0.00349071 
9 25
0 0.996509 1 0.00349071 
9 26
0 0.996509 1 0.00349071 
9 27
0 0.996509 1 0.00349071 
9 28
0 0.996509 1 0.00349071 
9 29
0 0.993031 1 0.00696923 
9 30
0 0.996509 1 0.00349071 
9 31
0 0.996509 1 0.00349071 
9 32
0 0.996509 1 0.00349071 
9 33
0 0.996509 1 0.00349071 
9 34
0 0.996509 1 0.00349071 
9 35
0 0.996509 1 0.00349071 
9 36
0 0.996509 1 0.00349071 
9 37
0 0.996509 1 0.00349071 
9 38
0 0.996509 1 0.00349071 
9 39
0 0.996509 1 0.00349071 
9 40
0 0.996509 1 0.00349071 
9 41
0 0.996509 1 0.00349071 
9 42
0 0.996509 1 0.00349071 
9 43
0 0.996509 1 0.00349071 
9 44
0 0.996509 1 0.00349071 
9 45
0 0.996509 1 0.00349071 
9 46
0 0.996509 1 0.00349071 
9 47
0 0.996509 1 0.00349071 
10 0
0 0.996509 1 0.00349071 
10 1
0 0.996509 1 0.00349071 
10 2
0 0.996509 1 0.00349071 
10 3
0 0.996509 1 0.00349071 
10 4
0 0.996509 1 0.00349071 
10 5
0 0.993031 1 0.00696923 
10 6
0 0.996509 1 0.00349071 
10 7
0 0.996509 1 0.00349071 
10 8
0 0.993031 1 0.00696923 
10 9
0 0.996509 1 0.00349071 
10 11
0 0.996509 1 0.00349071 
10 12
0 0.996509 1 0.00349071 
10 13
0 0.996509 1 0.00349071 
10 14
0 0.996509 1 0.00349071 
10 15
0 0.996509 1 0.00349071 
10 16
0 0.996509 1 0.00349071 
10 17
0 0.996509 1 0.00349071 
10 18
0 0.996509 1 0.00349071 
10 19
0 0.993031 1 0.00696923 
10 20
0 0.996509 1 0.00349071 
10 21
0 0.996509 1 0.00349071 
10 22
0 0.996509 1 0.00349071 
10 23
0 0.996509 1 0.00349071 
10 24
0 0.996509 1 0.00349071 
10 25
0 0.996509 1 0.00349071 
10 26
0 0.996509 1 0.00349071 
10 27
0 0.996509 1 0.00349071 
10 28
0 0.996509 1 0.00349071 
10 29
0 0.993031 1 0.00696923 
10 30
0 0.996509 1 0.00349071 
10 31
0 0.996509 1 0.00349071 
10 32
0 0.996509 1 0.00349071 
10 33
0 0.996509 1 0.00349071 
10 34
0 0.996509 1 0.00349071 
10 35
0 0.996509 1 0.00349071 
10 36
0 0.996509 1 0.00349071 
10 37
0 0.996509 1 0.00349071 
10 38
0 0.996509 1 0.00349071 
10 39
0 0.996509 1 0.00349071 
10 40
0 0.996509 1 0.00349071 
10 41
0 0.996509 1 0.00349071 
10 42
0 0.996509 1 0.00349071 
10 43
0 0.996509 1 0.00349071 
10 44
0 0.996509 1 0.00349071 
10 45
0 0.996509 1 0.00349071 
10 46
0 0.996509 1 0.00349071 
10 47
0 0.996509 1 0.00349071 
11 0
0 0.996509 1 0.00349071 
11 1
0 0.996509 1 0.00349071 
11 2
0 0.996509 1 0.00349071 
11 3
0 0.996509 1 0.00349071 
11 4
0 0.996509 1 0.00349071 
11 5
0 0.993031 1 0.00696923 
11 6
0 0.996509 1 0.00349071 
11 7
0 0.996509 1 0.00349071 
11 8
0 0.993031 1 0.00696923 
11 9
0 0.996509 1 0.00349071 
11 10
0 0.996509 1 0.00349071 
11 12
0 0.996509 1 0.00349071 
11 13
0 0.996509 1 0.00349071 
11 14
0 0.996509 1 0.00349071 
11 15
0 0.996509 1 0.00349071 
11 16
0 0.996509 1 0.00349071 
11 17
0 0.996509 1 0.00349071 
11 18
0 0.996509 1 0.00349071 
11 19
0 0.993031 1 0.00696923 
11 20
0 0.996509 1 0.00349071 
11 21
0 0.996509 1 0.00349071 
11 22
0 0.996509 1 0.00349071 
11 23
0 0.996509 1 0.00349071 
11 24
0 0.996509 1 0.00349071 
11 25
0 0.996509 1 0.00349071 
11 26
0 0.996509 1 0.00349071 
11 27
0 0.996509 1 0.00349071 
11 28
0 0.996509 1 0.00349071 
11 29
0 0.993031 1 0.00696923 
11 30
0 0.996509 1 0.00349071 
11 31
0 0.996509 1 0.00349071 
11 32
0 0.996509 1 0.00349071 
11 33
0 0.996509 1 0.00349071 
11 34
0 0.996509 1 0.00349071 
11 35
0 0.996509 1 0.00349071 
11 36
0 0.996509 1 0.00349071 
11 37
0 0.996509 1 0.00349071 
11 38
0 0.996509 1 0.00349071 
11 39
0 0.996509 1 0.00349071 
11 40
0 0.996509 1 0.00349071 
11 41
0 0.996509 1 0.00349071 
11 42
0 0.996509 1 0.00349071 
11 43
0 0.996509 1 0.00349071 
11 44
0 0.996509 1 0.00349071 
11 45
0 0.996509 1 0.00349071 
11 46
0 0.996509 1 0.00349071 
11 47
0 0.996509 1 0.00349071 
12 0
0 0.996509 1 0.00349071 
12 1
0 0.996509 1 0.00349071 
12 2
0 0.996509 1 0.00349071 
12 3
0 0.996509 1 0.00349071 
12 4
0 0.996509 1 0.00349071 
12 5
0 0.993031 1 0.00696923 
12 6
0 0.996509 1 0.00349071 
12 7
0 0.996509 1 0.00349071 
12 8
0 0.993031 1 0.00696923 
12 9
0 0.996509 1 0.00349071 
12 10
0 0.996509 1 0.00349071 
12 11
0 0.996509 1 0.00349071 
12 13
0 0.996509 1 0.00349071 
12 14
0 0.996509 1 0.00349071 
12 15
0 0.996509 1 0.00349071 
12 16
0 0.996509 1 0.00349071 
12 17
0 0.996509 1 0.00349071 
12 18
0 0.996509 1 0.00349071 
12 19
0 0.993031 1 0.00696923 
12 20
0 0.996509 1 0.00349071 
12 21
0 0.996509 1 0.00349071 
12 22
0 0.996509 1 0.00349071 
12 23
0 0.996509 1 0.00349071 
12 24
0 0.996509 1 0.00349071 
12 25
0 0.996509 1 0.00349071 
12 26
0 0.996509 1 0.00349071 
12 27
0 0.996509 1 0.00349071 
12 28
0 0.996509 1 0.00349071 
12 29
0 0.993031 1 0.00696923 
12 30
0 0.996509 1 0.00349071 
12 31
0 0.996509 1 0.00349071 
12 32
0 0.996509 1 0.00349071 
12 33
0 0.996509 1 0.00349071 
12 34
0 0.996509 1 0.00349071 
12 35
0 0.996509 1 0.00349071 
12 36
0 0.996509 1 0.00349071 
12 37
0 0.996509 1 0.00349071 
12 38
0 0.996509 1 0.00349071 
12 39
0 0.996509 1 0.00349071 
12 40
0 0.996509 1 0.00349071 
12 41
0 0.996509 1 0.00349071 
12 42
0 0.996509 1 0.00349071 
12 43
0 0.996509 1 0.00349071 
12 44
0 0.996509 1 0.00349071 
12 45
0 0.996509 1 0.00349071 
12 46
0 0.996509 1 0.00349071 
12 47
0 0.996509 1 0.00349071 
13 0
0 0.996509 1 0.00349071 
13 1
0 0.996509 1 0.00349071 
13 2
0 0.996509 1 0.00349071 
13 3
0 0.996509 1 0.00349071 
13 4
0 0.996509 1 0.00349071 
13 5
0 0.993031 1 0.00696923 
13 6
0 0.996509 1 0.00349071 
13 7
0 0.996509 1 0.00349071 
13 8
0 0.993031 1 0.00696923 
13 9
0 0.996509 1 0.00349071 
13 10
0 0.996509 1 0.00349071 
13 11
0 0.996509 1 0.00349071 
13 12
0 0.996509 1 0.00349071 
13 14
0 0.996509 1 0.00349071 
13 15
0 0.996509 1 0.00349071 
13 16
0 0.996509 1 0.00349071 
13 17
0 0.996509 1 0.00349071 
13 18
0 0.996509 1 0.00349071 
13 19
0 0.993031 1 0.00696923 
13 20
0 0.996509 1 0.00349071 
13 21
0 0.996509 1 0.00349071 
13 22
0 0.996509 1 0.00349071 
13 23
0 0.996509 1 0.00349071 
13 24
0 0.996509 1 0.00349071 
13 25
0 0.996509 1 0.00349071 
13 26
0 0.996509 1 0.00349071 
13 27
0 0.996509 1 0.00349071 
13 28
0 0.996509 1 0.00349071 
13 29
0 0.993031 1 0.00696923 
13 30
0 0.996509 1 0.00349071 
13 31
0 0.996509 1 0.00349071 
13 32
0 0.996509 1 0.00349071 
13 33
0 0.996509 1 0.00349071 
13 34
0 0.996509 1 0.00349071 
13 35
0 0.996509 1 0.00349071 
13 36
0 0.996509 1 0.00349071 
13 37
0 0.996509 1 0.00349071 
13 38
0 0.996509 1 0.00349071 
13 39
0 0.996509 1 0.00349071 
13 40
0 0.996509 1 0.00349071 
13 41
0 0.996509 1 0.00349071 
13 42
0 0.996509 1 0.00349071 
13 43
0 0.996509 1 0.00349071 
13 44
0 0.996509 1 0.00349071 
13 45
0 0.996509 1 0.00349071 
13 46
0 0.996509 1 0.00349071 
13 47
0 0.996509 1 0.00349071 
14 0
0 0.996509 1 0.00349071 
14 1
0 0.996509 1 0.00349071 
14 2
0 0.996509 1 0.00349071 
14 3
0 0.996509 1 0.00349071 
14 4
0 0.996509 1 0.00349071 
14 5
0 0.993031 1 0.00696923 
14 6
0 0.996509 1 0.00349071 
14 7
0 0.996509 1 0.00349071 
14 8
0 0.993031 1 0.00696923 
14 9
0 0.996509 1 0.00349071 
14 10
0 0.996509 1 0.00349071 
14 11
0 0.996509 1 0.00349071 
14 12
0 0.996509 1 0.00349071 
14 13
0 0.996509 1 0.00349071 
14 15
0 0.996509 1 0.00349071 
14 16
0 0.996509 1 0.00349071 
14 17
0 0.996509 1 0.00349071 
14 18
0 0.996509 1 0.00349071 
14 19
0 0.993031 1 0.00696923 
14 20
0 0.996509 1 0.00349071 
14 21
0 0.996509 1 0.00349071 
14 22
0 0.996509 1 0.00349071 
14 23
0 0.996509 1 0.00349071 
14 24
0 0.996509 1 0.00349071 
14 25
0 0.996509 1 0.00349071 
14 26
0 0.996509 1 0.00349071 
14 27
0 0.996509 1 0.00349071 
14 28
0 0.996509 1 0.00349071 
14 29
0 0.993031 1 0.00696923 
14 30
0 0.996509 1 0.00349071 
14 31
0 0.996509 1 0.00349071 
14 32
0 0.996509 1 0.00349071 
14 33
0 0.996509 1 0.00349071 
14 34
0 0.996509 1 0.00349071 
14 35
0 0.996509 1 0.00349071 
14 36
0 0.996509 1 0.00349071 
14 37
0 0.996509 1 0.00349071 
14 38
0 0.996509 1 0.00349071 
14 39
0 0.996509 1 0.00349071 
14 40
0 0.996509 1 0.00349071 
14 41
0 0.996509 1 0.00349071 
14 42
0 0.996509 1 0.00349071 
14 43
0 0.996509 1 0.00349071 
14 44
0 0.996509 1 0.00349071 
14 45
0 0.996509 1 0.00349071 
14 46
0 0.996509 1 0.00349071 
14 47
0 0.996509 1 0.00349071 
15 0
0 0.996509 1 0.00349071 
15 1
0 0.996509 1 0.00349071 
15 2
0 0.996509 1 0.00349071 
15 3
0 0.996509 1 0.00349071 
15 4
0 0.996509 1 0.00349071 
15 5
0 0.993031 1 0.00696923 
15 6
0 0.996509 1 0.00349071 
15 7
0 0.996509 1 0.00349071 
15 8
0 0.993031 1 0.00696923 
15 9
0 0.996509 1 0.00349071 
15 10
0 0.996509 1 0.00349071 
15 11
0 0.996509 1 0.00349071 
15 12
0 0.996509 1 0.00349071 
15 13
0 0.996509 1 0.00349071 
15 14
0 0.996509 1 0.00349071 
15 16
0 0.996509 1 0.00349071 
15 17
0 0.996509 1 0.00349071 
15 18
0 0.996509 1 0.00349071 
15 19
0 0.993031 1 0.00696923 
15 20
0 0.996509 1 0.00349071 
15 21
0 0.996509 1 0.00349071 
15 22
0 0.996509 1 0.00349071 
15 23
0 0.996509 1 0.00349071 
15 24
0 0.996509 1 0.00349071 
15 25
0 0.996509 1 0.00349071 
15 26
0 0.996509 1 0.00349071 
15 27
0 0.996509 1 0.00349071 
15 28
0 0.996509 1 0.00349071 
15 29
0 0.993031 1 0.00696923 
15 30
0 0.996509 1 0.00349071 
15 31
0 0.996509 1 0.00349071 
15 32
0 0.996509 1 0.00349071 
15 33
0 0.996509 1 0.00349071 
15 34
0 0.996509 1 0.00349071 
15 35
0 0.996509 1 0.00349071 
15 36
0 0.996509 1 0.00349071 
15 37
0 0.996509 1 0.00349071 
15 38
0 0.996509 1 0.00349071 
15 39
0 0.996509 1 0.00349071 
15 40
0 0.996509 1 0.00349071 
15 41
0 0.996509 1 0.00349071 
15 42
0 0.996509 1 0.00349071 
15 43
0 0.996509 1 0.00349071 
15 44
0 0.996509 1 0.00349071 
15 45
0 0.996509 1 0.00349071 
15 46
0 0.996509 1 0.00349071 
15 47
0 0.996509 1 0.00349071 
16 0
0 0.996509 1 0.00349071 
16 1
0 0.996509 1 0.00349071 
16 2
0 0.996509 1 0.00349071 
16 3
0 0.996509 1 0.00349071 
16 4
0 0.996509 1 0.00349071 
16 5
0 0.993031 1 0.00696923 
16 6
0 0.996509 1 0.00349071 
16 7
0 0.996509 1 0.00349071 
16 8
0 0.993031 1 0.00696923 
16 9
0 0.996509 1 0.00349071 
16 10
0 0.996509 1 0.00349071 
16 11
0 0.996509 1 0.00349071 
16 12
0 0.996509 1 0.00349071 
16 13
0 0.996509 1 0.00349071 
16 14
0 0.996509 1 0.00349071 
16 15
0 0.996509 1 0.00349071 
16 17
0 0.996509 1 0.00349071 
16 18
0 0.996509 1 0.00349071 
16 19
0 0.993031 1 0.00696923 
16 20
0 0.996509 1 0.00349071 
16 21
0 0.996509 1 0.00349071 
16 22
0 0.996509 1 0.00349071 
16 23
0 0.996509 1 0.00349071 
16 24
0 0.996509 1 0.00349071 
16 25
0 0.996509 1 0.00349071 
16 26
0 0.996509 1 0.00349071 
16 27
0 0.996509 1 0.00349071 
16 28
0 0.996509 1 0.00349071 
16 29
0 0.993031 1 0.00696923 
16 30
0 0.996509 1 0.00349071 
16 31
0 0.996509 1 0.00349071 
16 32
0 0.996509 1 0.00349071 
16 33
0 0.996509 1 0.00349071 
16 34
0 0.996509 1 0.00349071 
16 35
0 0.996509 1 0.00349071 
16 36
0 0.996509 1 0.00349071 
16 37
0 0.996509 1 0.00349071 
16 38
0 0.996509 1 0.00349071 
16 39
0 0.996509 1 0.00349071 
16 40
0 0.996509 1 0.00349071 
16 41
0 0.996509 1 0.00349071 
16 42
0 0.996509 1 0.00349071 
16 43
0 0.996509 1 0.00349071 
16 44
0 0.996509 1 0.00349071 
16 45
0 0.996509 1 0.00349071 
16 46
0 0.996509 1 0.00349071 
16 47
0 0.996509 1 0.00349071 
17 0
0 0.996509 1 0.00349071 
17 1
0 0.996509 1 0.00349071 
17 2
0 0.996509 1 0.00349071 
17 3
0 0.996509 1 0.00349071 
17 4
0 0.996509 1 0.00349071 
17 5
0 0.993031 1 0.00696923 
17 6
0 0.996509 1 0.00349071 
17 7
0 0.996509 1 0.00349071 
17 8
0 0.993031 1 0.00696923 
17 9
0 0.996509 1 0.00349071 
17 10
0 0.996509 1 0.00349071 
17 11
0 0.996509 1 0.00349071 
17 12
0 0.996509 1 0.00349071 
17 13
0 0.996509 1 0.00349071 
17 14
0 0.996509 1 0.00349071 
17 15
0 0.996509 1 0.00349071 
17 16
0 0.996509 1 0.00349071 
17 18
0 0.996509 1 0.00349071 
17 19
0 0.993031 1 0.00696923 
17 20
0 0.996509 1 0.00349071 
17 21
0 0.996509 1 0.00349071 
17 22
0 0.996509 1 0.00349071 
17 23
0 0.996509 1 0.00349071 
17 24
0 0.996509 1 0.00349071 
17 25
0 0.996509 1 0.00349071 
17 26
0 0.996509 1 0.00349071 
17 27
0 0.996509 1 0.00349071 
17 28
0 0.996509 1 0.00349071 
17 29
0 0.993031 1 0.00696923 
17 30
0 0.996509 1 0.00349071 
17 31
0 0.996509 1 0.00349071 
17 32
0 0.996509 1 0.00349071 
17 33
0 0.996509 1 0.00349071 
17 34
0 0.996509 1 0.00349071 
17 35
0 0.996509 1 0.00349071 
17 36
0 0.996509 1 0.00349071 
17 37
0 0.996509 1 0.00349071 
17 38
0 0.996509 1 0.00349071 
17 39
0 0.996509 1 0.00349071 
17 40
0 0.996509 1 0.00349071 
17 41
0 0.996509 1 0.00349071 
17 42
0 0.996509 1 0.00349071 
17 43
0 0.996509 1 0.00349071 
17 44
0 0.996509 1 0.00349071 
17 45
0 0.996509 1 0.00349071 
17 46
0 0.996509 1 0.00349071 
17 47
0 0.996509 1 0.00349071 
18 0
0 0.996509 1 0.00349071 
18 1
0 0.996509 1 0.00349071 
18 2
0 0.996509 1 0.00349071 
18 3
0 0.996509 1 0.00349071 
18 4
0 0.996509 1 0.00349071 
18 5
0 0.993031 1 0.00696923 
18 6
0 0.996509 1 0.00349071 
18 7
0 0.996509 1 0.00349071 
18 8
0 0.993031 1 0.00696923 
18 9
0 0.996509 1 0.00349071 
18 10
0 0.996509 1 0.00349071 
18 11
0 0.996509 1 0.00349071 
18 12
0 0.996509 1 0.00349071 
18 13
0 0.996509 1 0.00349071 
18 14
0 0.996509 1 0.00349071 
18 15
0 0.996509 1 0.00349071 
18 16
0 0.996509 1 0.00349071 
18 17
0 0.996509 1 0.00349071 
18 19
0 0.993031 1 0.00696923 
18 20
0 0.996509 1 0.00349071 
18 21
0 0.996509 1 0.00349071 
18 22
0 0.996509 1 0.00349071 
18 23
0 0.996509 1 0.00349071 
18 24
0 0.996509 1 0.00349071 
18 25
0 0.996509 1 0.00349071 
18 26
0 0.996509 1 0.00349071 
18 27
0 0.996509 1 0.00349071 
18 28
0 0.996509 1 0.00349071 
18 29
0 0.993031 1 0.00696923 
18 30
0 0.996509 1 0.00349071 
18 31
0 0.996509 1 0.00349071 
18 32
0 0.996509 1 0.00349071 
18 33
0 0.996509 1 0.00349071 
18 34
0 0.996509 1 0.00349071 
18 35
0 0.996509 1 0.00349071 
18 36
0 0.996509 1 0.00349071 
18 37
0 0.996509 1 0.00349071 
18 38
0 0.996509 1 0.00349071 
18 39
0 0.996509 1 0.00349071 
18 40
0 0.996509 1 0.00349071 
18 41
0 0.996509 1 0.00349071 
18 42
0 0.996509 1 0.00349071 
18 43
0 0.996509 1 0.00349071 
18 44
0 0.996509 1 0.00349071 
18 45
0 0.996509 1 0.00349071 
18 46
0 0.996509 1 0.00349071 
18 47
0 0.996509 1 0.00349071 
19 0
0 0.993031 1 0.00696923 
19 1
0 0.993031 1 0.00696923 
19 2
0 0.993031 1 0.00696923 
19 3
0 0.993031 1 0.00696923 
19 4
0 0.993031 1 0.00696923 
19 5
0 0.372601 1 0.5 2 0.127399 
19 6
0 0.993031 1 0.00696923 
19 7
0 0.993031 1 0.00696923 
19 8
0 0.372601 1 0.5 2 0.127399 
19 9
0 0.993031 1 0.00696923 
19 10
0 0.993031 1 0.00696923 
19 11
0 0.993031 1 0.00696923 
19 12
0 0.993031 1 0.00696923 
19 13
0 0.993031 1 0.00696923 
19 14
0 0.993031 1 0.00696923 
19 15
0 0.993031 1 0.00696923 
19 16
0 0.993031 1 0.00696923 
19 17
0 0.993031 1 0.00696923 
19 18
0 0.993031 1 0.00696923 
19 20
0 0.993031 1 0.00696923 
19 21
0 0.993031 1 0.00696923 
19 22
0 0.993031 1 0.00696923 
19 23
0 0.993031 1 0.00696923 
19 24
0 0.993031 1 0.00696923 
19 25
0 0.993031 1 0.00696923 
19 26
0 0.993031 1 0.00696923 
19 27
0 0.993031 1 0.00696923 
19 28
0 0.993031 1 0.00696923 
19 29
0 0.372601 1 0.5 2 0.127399 
19 30
0 0.993031 1 0.00696923 
19 31
0 0.993031 1 0.00696923 
19 32
0 0.993031 1 0.00696923 
19 33
0 0.993031 1 0.00696923 
19 34
0 0.993031 1 0.00696923 
19 35
0 0.993031 1 0.00696923 
19 36
0 0.993031 1 0.00696923 
19 37
0 0.993031 1 0.00696923 
19 38
0 0.993031 1 0.00696923 
19 39
0 0.993031 1 0.00696923 
19 40
0 0.993031 1 0.00696923 
19 41
0 0.993031 1 0.00696923 
19 42
0 0.993031 1 0.00696923 
19 43
0 0.993031 1 0.00696923 
19 44
0 0.993031 1 0.00696923 
19 45
0 0.993031 1 0.00696923 
19 46
0 0.993031 1 0.00696923 
19 47
0 0.993031 1 0.00696923 
20 0
0 0.996509 1 0.00349071 
20 1
0 0.996509 1 0.00349071 
20 2
0 0.996509 1 0.00349071 
20 3
0 0.996509 1 0.00349071 
20 4
0 0.996509 1 0.00349071 
20 5
0 0.993031 1 0.00696923 
20 6
0 0.996509 1 0.00349071 
20 7
0 0.996509 1 0.00349071 
20 8
0 0.993031 1 0.00696923 
20 9
0 0.996509 1 0.00349071 
20 10
0 0.996509 1 0.00349071 
20 11
0 0.996509 1 0.00349071 
20 12
0 0.996509 1 0.00349071 
20 13
0 0.996509 1 0.00349071 
20 14
0 0.996509 1 0.00349071 
20 15
0 0.996509 1 0.00349071 
20 16
0 0.996509 1 0.00349071 
20 17
0 0.996509 1 0.00349071 
20 18
0 0.996509 1 0.00349071 
20 19
0 0.993031 1 0.00696923 
20 21
0 0.996509 1 0.00349071 
20 22
0 0.996509 1 0.00349071 
20 23
0 0.996509 1 0.00349071 
20 24
0 0.996509 1 0.00349071 
20 25
0 0.996509 1 0.00349071 
20 26
0 0.996509 1 0.00349071 
20 27
0 0.996509 1 0.00349071 
20 28
0 0.996509 1 0.00349071 
20 29
0 0.993031 1 0.00696923 
20 30
0 0.996509 1 0.00349071 
20 31
0 0.996509 1 0.00349071 
20 32
0 0.996509 1 0.00349071 
20 33
0 0.996509 1 0.00349071 
20 34
0 0.996509 1 0.00349071 
20 35
0 0.996509 1 0.00349071 
20 36
0 0.996509 1 0.00349071 
20 37
0 0.996509 1 0.00349071 
20 38
0 0.996509 1 0.00349071 
20 39
0 0.996509 1 0.00349071 
20 40
0 0.996509 1 0.00349071 
20 41
0 0.996509 1 0.00349071 
20 42
0 0.996509 1 0.00349071 
20 43
0 0.996509 1 0.00349071 
20 44
0 0.996509 1 0.00349071 
20 45
0 0.996509 1 0.00349071 
20 46
0 0.996509 1 0.00349071 
20 47
0 0.996509 1 0.00349071 
21 0
0 0.996509 1 0.00349071 
21 1
0 0.996509 1 0.00349071 
21 2
0 0.996509 1 0.00349071 
21 3
0 0.996509 1 0.00349071 
21 4
0 0.996509 1 0.00349071 
21 5
0 0.993031 1 0.00696923 
21 6
0 0.996509 1 0.00349071 
21 7
0 0.996509 1 0.00349071 
21 8
0 0.993031 1 0.00696923 
21 9
0 0.996509 1 0.00349071 
21 10
0 0.996509 1 0.00349071 
21 11
0 0.996509 1 0.00349071 
21 12
0 0.996509 1 0.00349071 
21 13
0 0.996509 1 0.00349071 
21 14
0 0.996509 1 0.00349071 
21 15
0 0.996509 1 0.00349071 
21 16
0 0.996509 1 0.00349071 
21 17
0 0.996509 1 0.00349071 
21 18
0 0.996509 1 0.00349071 
21 19
0 0.993031 1 0.00696923 
21 20
0 0.996509 1 0.00349071 
21 22
0 0.996509 1 0.00349071 
21 23
0 0.996509 1 0.00349071 
21 24
0 0.996509 1 0.00349071 
21 25
0 0.996509 1 0.00349071 
21 26
0 0.996509 1 0.00349071 
21 27
0 0.996509 1 0.00349071 
21 28
0 0.996509 1 0.00349071 
21 29
0 0.993031 1 0.00696923 
21 30
0 0.996509 1 0.00349071 
21 31
0 0.996509 1 0.00349071 
21 32
0 0.996509 1 0.00349071 
21 33
0 0.996509 1 0.00349071 
21 34
0 0.996509 1 0.00349071 
21 35
0 0.996509 1 0.00349071 
21 36
0 0.996509 1 0.00349071 
21 37
0 0.996509 1 0.00349071 
21 38
0 0.996509 1 0.00349071 
21 39
0 0.996509 1 0.00349071 
21 40
0 0.996509 1 0.00349071 
21 41
0 0.996509 1 0.00349071 
21 42
0 0.996509 1 0.00349071 
21 43
0 0.996509 1 0.00349071 
21 44
0 0.996509 1 0.00349071 
21 45
0 0.996509 1 0.00349071 
21 46
0 0.996509 1 0.00349071 
21 47
0 0.996509 1 0.00349071 
22 0
0 0.996509 1 0.00349071 
22 1
0 0.996509 1 0.00349071 
22 2
0 0.996509 1 0.00349071 
22 3
0 0.996509 1 0.00349071 
22 4
0 0.996509 1 0.00349071 
22 5
0 0.993031 1 0.00696923 
22 6
0 0.996509 1 0.00349071 
22 7
0 0.996509 1 0.00349071 
22 8
0 0.993031 1 0.00696923 
22 9
0 0.996509 1 0.00349071 
22 10
0 0.996509 1 0.00349071 
22 11
0 0.996509 1 0.00349071 
22 12
0 0.996509 1 0.00349071 
22 13
0 0.996509 1 0.00349071 
22 14
0 0.996509 1 0.00349071 
22 15
0 0.996509 1 0.00349071 
22 16
0 0.996509 1 0.00349071 
22 17
0 0.996509 1 0.00349071 
22 18
0 0.996509 1 0.00349071 
22 19
0 0.993031 1 0.00696923 
22 20
0 0.996509 1 0.00349071 
22 21
0 0.996509 1 0.00349071 
22 23
0 0.996509 1 0.00349071 
22 24
0 0.996509 1 0.00349071 
22 25
0 0.996509 1 0.00349071 
22 26
0 0.996509 1 0.00349071 
22 27
0 0.996509 1 0.00349071 
22 28
0 0.996509 1 0.00349071 
22 29
0 0.993031 1 0.00696923 
22 30
0 0.996509 1 0.00349071 
22 31
0 0.996509 1 0.00349071 
22 32
0 0.996509 1 0.00349071 
22 33
0 0.996509 1 0.00349071 
22 34
0 0.996509 1 0.00349071 
22 35
0 0.996509 1 0.00349071 
22 36
0 0.996509 1 0.00349071 
22 37
0 0.996509 1 0.00349071 
22 38
0 0.996509 1 0.00349071 
22 39
0 0.996509 1 0.00349071 
22 40
0 0.996509 1 0.00349071 
22 41
0 0.996509 1 0.00349071 
22 42
0 0.996509 1 0.00349071 
22 43
0 0.996509 1 0.00349071 
22 44
0 0.996509 1 0.00349071 
22 45
0 0.996509 1 0.00349071 
22 46
0 0.996509 1 0.00349071 
22 47
0 0.996509 1 0.00349071 
23 0
0 0.996509 1 0.00349071 
23 1
0 0.996509 1 0.00349071 
23 2
0 0.996509 1 0.00349071 
23 3
0 0.996509 1 0.00349071 
23 4
0 0.996509 1 0.00349071 
23 5
0 0.993031 1 0.00696923 
23 6
0 0.996509 1 0.00349071 
23 7
0 0.996509 1 0.00349071 
23 8
0 0.993031 1 0.00696923 
23 9
0 0.996509 1 0.00349071 
23 10
0 0.996509 1 0.00349071 
23 11
0 0.996509 1 0.00349071 
23 12
0 0.996509 1 0.00349071 
23 13
0 0.996509 1 0.00349071 
23 14
0 0.996509 1 0.00349071 
23 15
0 0.996509 1 0.00349071 
23 16
0 0.996509 1 0.00349071 
23 17
0 0.996509 1 0.00349071 
23 18
0 0.996509 1 0.00349071 
23 19
0 0.993031 1 0.00696923 
23 20
0 0.996509 1 0.00349071 
23 21
0 0.996509 1 0.00349071 
23 22
0 0.996509 1 0.00349071 
23 24
0 0.996509 1 0.00349071 
23 25
0 0.996509 1 0.00349071 
23 26
0 0.996509 1 0.00349071 
23 27
0 0.996509 1 0.00349071 
23 28
0 0.996509 1 0.00349071 
23 29
0 0.993031 1 0.00696923 
23 30
0 0.996509 1 0.00349071 
23 31
0 0.996509 1 0.00349071 
23 32
0 0.996509 1 0.00349071 
23 33
0 0.996509 1 0.00349071 
23 34
0 0.996509 1 0.00349071 
23 35
0 0.996509 1 0.00349071 
23 36
0 0.996509 1 0.00349071 
23 37
0 0.996509 1 0.00349071 
23 38
0 0.996509 1 0.00349071 
23 39
0 0.996509 1 0.00349071 
23 40
0 0.996509 1 0.00349071 
23 41
0 0.996509 1 0.00349071 
23 42
0 0.996509 1 0.00349071 
23 43
0 0.996509 1 0.00349071 
23 44
0 0.996509 1 0.00349071 
23 45
0 0.996509 1 0.00349071 
23 46
0 0.996509 1 0.00349071 
23 47
0 0.996509 1 0.00349071 
24 0
0 0.996509 1 0.00349071 
24 1
0 0.996509 1 0.00349071 
24 2
0 0.996509 1 0.00349071 
24 3
0 0.996509 1 0.00349071 
24 4
0 0.996509 1 0.00349071 
24 5
0 0.993031 1 0.00696923 
24 6
0 0.996509 1 0.00349071 
24 7
0 0.996509 1 0.00349071 
24 8
0 0.993031 1 0.00696923 
24 9
0 0.996509 1 0.00349071 
24 10
0 0.996509 1 0.00349071 
24 11
0 0.996509 1 0.00349071 
24 12
0 0.996509 1 0.00349071 
24 13
0 0.996509 1 0.00349071 
24 14
0 0.996509 1 0.00349071 
24 15
0 0.996509 1 0.00349071 
24 16
0 0.996509 1 0.00349071 
24 17
0 0.996509 1 0.00349071 
24 18
0 0.996509 1 0.00349071 
24 19
0 0.993031 1 0.00696923 
24 20
0 0.996509 1 0.00349071 
24 21
0 0.996509 1 0.00349071 
24 22
0 0.996509 1 0.00349071 
24 23
0 0.996509 1 0.00349071 
24 25
0 0.996509 1 0.00349071 
24 26
0 0.996509 1 0.00349071 
24 27
0 0.996509 1 0.00349071 
24 28
0 0.996509 1 0.00349071 
24 29
0 0.993031 1 0.00696923 
24 30
0 0.996509 1 0.00349071 
24 31
0 0.996509 1 0.00349071 
24 32
0 0.996509 1 0.00349071 
24 33
0 0.996509 1 0.00349071 
24 34
0 0.996509 1 0.00349071 
24 35
0 0.996509 1 0.00349071 
24 36
0 0.996509 1 0.00349071 
24 37
0 0.996509 1 0.00349071 
24 38
0 0.996509 1 0.00349071 
24 39
0 0.996509 1 0.00349071 
24 40
0 0.996509 1 0.00349071 
24 41
0 0.996509 1 0.00349071 
24 42
0 0.996509 1 0.00349071 
24 43
0 0.996509 1 0.00349071 
24 44
0 0.996509 1 0.00349071 
24 45
0 0.996509 1 0.00349071 
24 46
0 0.996509 1 0.00349071 
24 47
0 0.996509 1 0.00349071 
25 0
0 0.996509 1 0.00349071 
25 1
0 0.996509 1 0.00349071 
25 2
0 0.996509 1 0.00349071 
25 3
0 0.996509 1 0.00349071 
25 4
0 0.996509 1 0.00349071 
25 5
0 0.993031 1 0.00696923 
25 6
0 0.996509 1 0.00349071 
25 7
0 0.996509 1 0.00349071 
25 8
0 0.993031 1 0.00696923 
25 9
0 0.996509 1 0.00349071 
25 10
0 0.996509 1 0.00349071 
25 11
0 0.996509 1 0.00349071 
25 12
0 0.996509 1 0.00349071 
25 13
0 0.996509 1 0.00349071 
25 14
0 0.996509 1 0.00349071 
25 15
0 0.996509 1 0.00349071 
25 16
0 0.996509 1 0.00349071 
25 17
0 0.996509 1 0.00349071 
25 18
0 0.996509 1 0.00349071 
25 19
0 0.993031 1 0.00696923 
25 20
0 0.996509 1 0.00349071 
25 21
0 0.996509 1 0.00349071 
25 22
0 0.996509 1 0.00349071 
25 23
0 0.996509 1 0.00349071 
25 24
0 0.996509 1 0.00349071 
25 26
0 0.996509 1 0.00349071 
25 27
0 0.996509 1 0.00349071 
25 28
0 0.996509 1 0.00349071 
25 29
0 0.993031 1 0.00696923 
25 30
0 0.996509 1 0.00349071 
25 31
0 0.996509 1 0.00349071 
25 32
0 0.996509 1 0.00349071 
25 33
0 0.996509 1 0.00349071 
25 34
0 0.996509 1 0.00349071 
25 35
0 0.996509 1 0.00349071 
25 36
0 0.996509 1 0.00349071 
25 37
0 0.996509 1 0.00349071 
25 38
0 0.996509 1 0.00349071 
25 39
0 0.996509 1 0.00349071 
25 40
0 0.996509 1 0.00349071 
25 41
0 0.996509 1 0.00349071 
25 42
0 0.996509 1 0.00349071 
25 43
0 0.996509 1 0.00349071 
25 44
0 0.996509 1 0.00349071 
25 45
0 0.996509 1 0.00349071 
25 46
0 0.996509 1 0.00349071 
25 47
0 0.996509 1 0.00349071 
26 0
0 0.996509 1 0.00349071 
26 1
0 0.996509 1 0.00349071 
26 2
0 0.996509 1 0.00349071 
26 3
0 0.996509 1 0.00349071 
26 4
0 0.996509 1 0.00349071 
26 5
0 0.993031 1 0.00696923 
26 6
0 0.996509 1 0.00349071 
26 7
0 0.996509 1 0.00349071 
26 8
0 0.993031 1 0.00696923 
26 9
0 0.996509 1 0.00349071 
26 10
0 0.996509 1 0.00349071 
26 11
0 0.996509 1 0.00349071 
26 12
0 0.996509 1 0.00349071 
26 13
0 0.996509 1 0.00349071 
26 14
0 0.996509 1 0.00349071 
26 15
0 0.996509 1 0.00349071 
26 16
0 0.996509 1 0.00349071 
26 17
0 0.996509 1 0.00349071 
26 18
0 0.996509 1 0.00349071 
26 19
0 0.993031 1 0.00696923 
26 20
0 0.996509 1 0.00349071 
26 21
0 0.996509 1 0.00349071 
26 22
0 0.996509 1 0.00349071 
26 23
0 0.996509 1 0.00349071 
26 24
0 0.996509 1 0.00349071 
26 25
0 0.996509 1 0.00349071 
26 27
0 0.996509 1 0.00349071 
26 28
0 0.996509 1 0.00349071 
26 29
0 0.993031 1 0.00696923 
26 30
0 0.996509 1 0.00349071 
26 31
0 0.996509 1 0.00349071 
26 32
0 0.996509 1 0.00349071 
26 33
0 0.996509 1 0.00349071 
26 34
0 0.996509 1 0.00349071 
26 35
0 0.996509 1 0.00349071 
26 36
0 0.996509 1 0.00349071 
26 37
0 0.996509 1 0.00349071 
26 38
0 0.996509 1 0.00349071 
26 39
0 0.996509 1 0.00349071 
26 40
0 0.996509 1 0.00349071 
26 41
0 0.996509 1 0.00349071 
26 42
0 0.996509 1 0.00349071 
26 43
0 0.996509 1 0.00349071 
26 44
0 0.996509 1 0.00349071 
26 45
0 0.996509 1 0.00349071 
26 46
0 0.996509 1 0.00349071 
26 47
0 0.996509 1 0.00349071 
27 0
0 0.996509 1 0.00349071 
27 1
0 0.996509 1 0.00349071 
27 2
0 0.996509 1 0.00349071 
27 3
0 0.996509 1 0.00349071 
27 4
0 0.996509 1 0.00349071 
27 5
0 0.993031 1 0.00696923 
27 6
0 0.996509 1 0.00349071 
27 7
0 0.996509 1 0.00349071 
27 8
0 0.993031 1 0.00696923 
27 9
0 0.996509 1 0.00349071 
27 10
0 0.996509 1 0.00349071 
27 11
0 0.996509 1 0.00349071 
27 12
0 0.996509 1 0.00349071 
27 13
0 0.996509 1 0.00349071 
27 14
0 0.996509 1 0.00349071 
27 15
0 0.996509 1 0.00349071 
27 16
0 0.996509 1 0.00349071 
27 17
0 0.996509 1 0.00349071 
27 18
0 0.996509 1 0.00349071 
27 19
0 0.993031 1 0.00696923 
27 20
0 0.996509 1 0.00349071 
27 21
0 0.996509 1 0.00349071 
27 22
0 0.996509 1 0.00349071 
27 23
0 0.996509 1 0.00349071 
27 24
0 0.996509 1 0.00349071 
27 25
0 0.996509 1 0.00349071 
27 26
0 0.996509 1 0.00349071 
27 28
0 0.996509 1 0.00349071 
27 29
0 0.993031 1 0.00696923 
27 30
0 0.996509 1 0.00349071 
27 31
0 0.996509 1 0.00349071 
27 32
0 0.996509 1 0.00349071 
27 33
0 0.996509 1 0.00349071 
27 34
0 0.996509 1 0.00349071 
27 35
0 0.996509 1 0.00349071 
27 36
0 0.996509 1 0.00349071 
27 37
0 0.996509 1 0.00349071 
27 38
0 0.996509 1 0.00349071 
27 39
0 0.996509 1 0.00349071 
27 40
0 0.996509 1 0.00349071 
27 41
0 0.996509 1 0.00349071 
27 42
0 0.996509 1 0.00349071 
27 43
0 0.996509 1 0.00349071 
27 44
0 0.996509 1 0.00349071 
27 45
0 0.996509 1 0.00349071 
27 46
0 0.996509 1 0.00349071 
27 47
0 0.996509 1 0.00349071 
28 0
0 0.996509 1 0.00349071 
28 1
0 0.996509 1 0.00349071 
28 2
0 0.996509 1 0.00349071 
28 3
0 0.996509 1 0.00349071 
28 4
0 0.996509 1 0.00349071 
28 5
0 0.993031 1 0.00696923 
28 6
0 0.996509 1 0.00349071 
28 7
0 0.996509 1 0.00349071 
28 8
0 0.993031 1 0.00696923 
28 9
0 0.996509 1 0.00349071 
28 10
0 0.996509 1 0.00349071 
28 11
0 0.996509 1 0.00349071 
28 12
0 0.996509 1 0.00349071 
28 13
0 0.996509 1 0.00349071 
28 14
0 0.996509 1 0.00349071 
28 15
0 0.996509 1 0.00349071 
28 16
0 0.996509 1 0.00349071 
28 17
0 0.996509 1 0.00349071 
28 18
0 0.996509 1 0.00349071 
28 19
0 0.993031 1 0.00696923 
28 20
0 0.996509 1 0.00349071 
28 21
0 0.996509 1 0.00349071 
28 22
0 0.996509 1 0.00349071 
28 23
0 0.996509 1 0.00349071 
28 24
0 0.996509 1 0.00349071 
28 25
0 0.996509 1 0.00349071 
28 26
0 0.996509 1 0.00349071 
28 27
0 0.996509 1 0.00349071 
28 29
0 0.993031 1 0.00696923 
28 30
0 0.996509 1 0.00349071 
28 31
0 0.996509 1 0.00349071 
28 32
0 0.996509 1 0.00349071 
28 33
0 0.996509 1 0.00349071 
28 34
0 0.996509 1 0.00349071 
28 35
0 0.996509 1 0.00349071 
28 36
0 0.996509 1 0.00349071 
28 37
0 0.996509 1 0.00349071 
28 38
0 0.996509 1 0.00349071 
28 39
0 0.996509 1 0.00349071 
28 40
0 0.996509 1 0.00349071 
28 41
0 0.996509 1 0.00349071 
28 42
0 0.996509 1 0.00349071 
28 43
0 0.996509 1 0.00349071 
28 44
0 0.996509 1 0.00349071 
28 45
0 0.996509 1 0.00349071 
28 46
0 0.996509 1 0.00349071 
28 47
0 0.996509 1 0.00349071 
29 0
0 0.993031 1 0.00696923 
29 1
0 0.993031 1 0.00696923 
29 2
0 0.993031 1 0.00696923 
29 3
0 0.993031 1 0.00696923 
29 4
0 0.993031 1 0.00696923 
29 5
0 0.372601 1 0.5 2 0.127399 
29 6
0 0.993031 1 0.00696923 
29 7
0 0.993031 1 0.00696923 
29 8
0 0.372601 1 0.5 2 0.127399 
29 9
0 0.993031 1 0.00696923 
29 10
0 0.993031 1 0.00696923 
29 11
0 0.993031 1 0.00696923 
29 12
0 0.993031 1 0.00696923 
29 13
0 0.993031 1 0.00696923 
29 14
0 0.993031 1 0.00696923 
29 15
0 0.993031 1 0.00696923 
29 16
0 0.993031 1 0.00696923 
29 17
0 0.993031 1 0.00696923 
29 18
0 0.993031 1 0.00696923 
29 19
0 0.372601 1 0.5 2 0.127399 
29 20
0 0.993031 1 0.00696923 
29 21
0 0.993031 1 0.00696923 
29 22
0 0.993031 1 0.00696923 
29 23
0 0.993031 1 0.00696923 
29 24
0 0.993031 1 0.00696923 
29 25
0 0.993031 1 0.00696923 
29 26
0 0.993031 1 0.00696923 
29 27
0 0.993031 1 0.00696923 
29 28
0 0.993031 1 0.00696923 
29 30
0 0.993031 1 0.00696923 
29 31
0 0.993031 1 0.00696923 
29 32
0 0.993031 1 0.00696923 
29 33
0 0.993031 1 0.00696923 
29 34
0 0.993031 1 0.00696923 
29 35
0 0.993031 1 0.00696923 
29 36
0 0.993031 1 0.00696923 
29 37
0 0.993031 1 0.00696923 
29 38
0 0.993031 1 0.00696923 
29 39
0 0.993031 1 0.00696923 
29 40
0 0.993031 1 0.00696923 
29 41
0 0.993031 1 0.00696923 
29 42
0 0.993031 1 0.00696923 
29 43
0 0.993031 1 0.00696923 
29 44
0 0.993031 1 0.00696923 
29 45
0 0.993031 1 0.00696923 
29 46
0 0.993031 1 0.00696923 
29 47
0 0.993031 1 0.00696923 
30 0
0 0.996509 1 0.00349071 
30 1
0 0.996509 1 0.00349071 
30 2
0 0.996509 1 0.00349071 
30 3
0 0.996509 1 0.00349071 
30 4
0 0.996509 1 0.00349071 
30 5
0 0.993031 1 0.00696923 
30 6
0 0.996509 1 0.00349071 
30 7
0 0.996509 1 0.00349071 
30 8
0 0.993031 1 0.00696923 
30 9
0 0.996509 1 0.00349071 
30 10
0 0.996509 1 0.00349071 
30 11
0 0.996509 1 0.00349071 
30 12
0 0.996509 1 0.00349071 
30 13
0 0.996509 1 0.00349071 
30 14
0 0.996509 1 0.00349071 
30 15
0 0.996509 1 0.00349071 
30 16
0 0.996509 1 0.00349071 
30 17
0 0.996509 1 0.00349071 
30 18
0 0.996509 1 0.00349071 
30 19
0 0.993031 1 0.00696923 
30 20
0 0.996509 1 0.00349071 
30 21
0 0.996509 1 0.00349071 
30 22
0 0.996509 1 0.00349071 
30 23
0 0.996509 1 0.00349071 
30 24
0 0.996509 1 0.00349071 
30 25
0 0.996509 1 0.00349071 
30 26
0 0.996509 1 0.00349071 
30 27
0 0.996509 1 0.00349071 
30 28
0 0.996509 1 0.00349071 
30 29
0 0.993031 1 0.00696923 
30 31
0 0.996509 1 0.00349071 
30 32
0 0.996509 1 0.00349071 
30 33
0 0.996509 1 0.00349071 
30 34
0 0.996509 1 0.00349071 
30 35
0 0.996509 1 0.00349071 
30 36
0 0.996509 1 0.00349071 
30 37
0 0.996509 1 0.00349071 
30 38
0 0.996509 1 0.00349071 
30 39
0 0.996509 1 0.00349071 
30 40
0 0.996509 1 0.00349071 
30 41
0 0.996509 1 0.00349071 
30 42
0 0.996509 1 0.00349071 
30 43
0 0.996509 1 0.00349071 
30 44
0 0.996509 1 0.00349071 
30 45
0 0.996509 1 0.00349071 
30 46
0 0.996509 1 0.00349071 
30 47
0 0.996509 1 0.00349071 
31 0
0 0.996509 1 0.00349071 
31 1
0 0.996509 1 0.00349071 
31 2
0 0.996509 1 0.00349071 
31 3
0 0.996509 1 0.00349071 
31 4
0 0.996509 1 0.00349071 
31 5
0 0.993031 1 0.00696923 
31 6
0 0.996509 1 0.00349071 
31 7
0 0.996509 1 0.00349071 
31 8
0 0.993031 1 0.00696923 
31 9
0 0.996509 1 0.00349071 
31 10
0 0.996509 1 0.00349071 
31 11
0 0.996509 1 0.00349071 
31 12
0 0.996509 1 0.00349071 
31 13
0 0.996509 1 0.00349071 
31 14
0 0.996509 1 0.00349071 
31 15
0 0.996509 1 0.00349071 
31 16
0 0.996509 1 0.00349071 
31 17
0 0.996509 1 0.00349071 
31 18
0 0.996509 1 0.00349071 
31 19
0 0.993031 1 0.00696923 
31 20
0 0.996509 1 0.00349071 
31 21
0 0.996509 1 0.00349071 
31 22
0 0.996509 1 0.00349071 
31 23
0 0.996509 1 0.00349071 
31 24
0 0.996509 1 0.00349071 
31 25
0 0.996509 1 0.00349071 
31 26
0 0.996509 1 0.00349071 
31 27
0 0.996509 1 0.00349071 
31 28
0 0.996509 1 0.00349071 
31 29
0 0.993031 1 0.00696923 
31 30
0 0.996509 1 0.00349071 
31 32
0 0.996509 1 0.00349071 
31 33
0 0.996509 1 0.00349071 
31 34
0 0.996509 1 0.00349071 
31 35
0 0.996509 1 0.00349071 
31 36
0 0.996509 1 0.00349071 
31 37
0 0.996509 1 0.00349071 
31 38
0 0.996509 1 0.00349071 
31 39
0 0.996509 1 0.00349071 
31 40
0 0.996509 1 0.00349071 
31 41
0 0.996509 1 0.00349071 
31 42
0 0.996509 1 0.00349071 
31 43
0 0.996509 1 0.00349071 
31 44
0 0.996509 1 0.00349071 
31 45
0 0.996509 1 0.00349071 
31 46
0 0.996509 1 0.00349071 
31 47
0 0.996509 1 0.00349071 
32 0
0 0.996509 1 0.00349071 
32 1
0 0.996509 1 0.00349071 
32 2
0 0.996509 1 0.00349071 
32 3
0 0.996509 1 0.00349071 
32 4
0 0.996509 1 0.00349071 
32 5
0 0.993031 1 0.00696923 
32 6
0 0.996509 1 0.00349071 
32 7
0 0.996509 1 0.00349071 
32 8
0 0.993031 1 0.00696923 
32 9
0 0.996509 1 0.00349071 
32 10
0 0.996509 1 0.00349071 
32 11
0 0.996509 1 0.00349071 
32 12
0 0.996509 1 0.00349071 
32 13
0 0.996509 1 0.00349071 
32 14
0 0.996509 1 0.00349071 
32 15
0 0.996509 1 0.00349071 
32 16
0 0.996509 1 0.00349071 
32 17
0 0.996509 1 0.00349071 
32 18
0 0.996509 1 0.00349071 
32 19
0 0.993031 1 0.00696923 
32 20
0 0.996509 1 0.00349071 
32 21
0 0.996509 1 0.00349071 
32 22
0 0.996509 1 0.00349071 
32 23
0 0.996509 1 0.00349071 
32 24
0 0.996509 1 0.00349071 
32 25
0 0.996509 1 0.00349071 
32 26
0 0.996509 1 0.00349071 
32 27
0 0.996509 1 0.00349071 
32 28
0 0.996509 1 0.00349071 
32 29
0 0.993031 1 0.00696923 
32 30
0 0.996509 1 0.00349071 
32 31
0 0.996509 1 0.00349071 
32 33
0 0.996509 1 0.00349071 
32 34
0 0.996509 1 0.00349071 
32 35
0 0.996509 1 0.00349071 
32 36
0 0.996509 1 0.00349071 
32 37
0 0.996509 1 0.00349071 
32 38
0 0.996509 1 0.00349071 
32 39
0 0.996509 1 0.00349071 
32 40
0 0.996509 1 0.00349071 
32 41
0 0.996509 1 0.00349071 
32 42
0 0.996509 1 0.00349071 
32 43
0 0.996509 1 0.00349071 
32 44
0 0.996509 1 0.00349071 
32 45
0 0.996509 1 0.00349071 
32 46
0 0.996509 1 0.00349071 
32 47
0 0.996509 1 0.00349071 
33 0
0 0.996509 1 0.00349071 
33 1
0 0.996509 1 0.00349071 
33 2
0 0.996509 1 0.00349071 
33 3
0 0.996509 1 0.00349071 
33 4
0 0.996509 1 0.00349071 
33 5
0 0.993031 1 0.00696923 
33 6
0 0.996509 1 0.00349071 
33 7
0 0.996509 1 0.00349071 
33 8
0 0.993031 1 0.00696923 
33 9
0 0.996509 1 0.00349071 
33 10
0 0.996509 1 0.00349071 
33 11
0 0.996509 1 0.00349071 
33 12
0 0.996509 1 0.00349071 
33 13
0 0.996509 1 0.00349071 
33 14
0 0.996509 1 0.00349071 
33 15
0 0.996509 1 0.00349071 
33 16
0 0.996509 1 0.00349071 
33 17
0 0.996509 1 0.00349071 
33 18
0 0.996509 1 0.00349071 
33 19
0 0.993031 1 0.00696923 
33 20
0 0.996509 1 0.00349071 
33 21
0 0.996509 1 0.00349071 
33 22
0 0.996509 1 0.00349071 
33 23
0 0.996509 1 0.00349071 
33 24
0 0.996509 1 0.00349071 
33 25
0 0.996509 1 0.00349071 
33 26
0 0.996509 1 0.00349071 
33 27
0 0.996509 1 0.00349071 
33 28
0 0.996509 1 0.00349071 
33 29
0 0.993031 1 0.00696923 
33 30
0 0.996509 1 0.00349071 
33 31
0 0.996509 1 0.00349071 
33 32
0 0.996509 1 0.00349071 
33 34
0 0.996509 1 0.00349071 
33 35
0 0.996509 1 0.00349071 
33 36
0 0.996509 1 0.00349071 
33 37
0 0.996509 1 0.00349071 
33 38
0 0.996509 1 0.00349071 
33 39
0 0.996509 1 0.00349071 
33 40
0 0.996509 1 0.00349071 
33 41
0 0.996509 1 0.00349071 
33 42
0 0.996509 1 0.00349071 
33 43
0 0.996509 1 0.00349071 
33 44
0 0.996509 1 0.00349071 
33 45
0 0.996509 1 0.00349071 
33 46
0 0.996509 1 0.00349071 
33 47
0 0.996509 1 0.00349071 
34 0
0 0.996509 1 0.00349071 
34 1
0 0.996509 1 0.00349071 
34 2
0 0.996509 1 0.00349071 
34 3
0 0.996509 1 0.00349071 
34 4
0 0.996509 1 0.00349071 
34 5
0 0.993031 1 0.00696923 
34 6
0 0.996509 1 0.00349071 
34 7
0 0.996509 1 0.00349071 
34 8
0 0.993031 1 0.00696923 
34 9
0 0.996509 1 0.00349071 
34 10
0 0.996509 1 0.00349071 
34 11
0 0.996509 1 0.00349071 
34 12
0 0.996509 1 0.00349071 
34 13
0 0.996509 1 0.00349071 
34 14
0 0.996509 1 0.00349071 
34 15
0 0.996509 1 0.00349071 
34 16
0 0.996509 1 0.00349071 
34 17
0 0.996509 1 0.00349071 
34 18
0 0.996509 1 0.00349071 
34 19
0 0.993031 1 0.00696923 
34 20
0 0.996509 1 0.00349071 
34 21
0 0.996509 1 0.00349071 
34 22
0 0.996509 1 0.00349071 
34 23
0 0.996509 1 0.00349071 
34 24
0 0.996509 1 0.00349071 
34 25
0 0.996509 1 0.00349071 
34 26
0 0.996509 1 0.00349071 
34 27
0 0.996509 1 0.00349071 
34 28
0 0.996509 1 0.00349071 
34 29
0 0.993031 1 0.00696923 
34 30
0 0.996509 1 0.00349071 
34 31
0 0.996509 1 0.00349071 
34 32
0 0.996509 1 0.00349071 
34 33
0 0.996509 1 0.00349071 
34 35
0 0.996509 1 0.00349071 
34 36
0 0.996509 1 0.00349071 
34 37
0 0.996509 1 0.00349071 
34 38
0 0.996509 1 0.00349071 
34 39
0 0.996509 1 0.00349071 
34 40
0 0.996509 1 0.00349071 
34 41
0 0.996509 1 0.00349071 
34 42
0 0.996509 1 0.00349071 
34 43
0 0.996509 1 0.00349071 
34 44
0 0.996509 1 0.00349071 
34 45
0 0.996509 1 0.00349071 
34 46
0 0.996509 1 0.00349071 
34 47
0 0.996509 1 0.00349071 
35 0
0 0.996509 1 0.00349071 
35 1
0 0.996509 1 0.00349071 
35 2
0 0.996509 1 0.00349071 
35 3
0 0.996509 1 0.00349071 
35 4
0 0.996509 1 0.00349071 
35 5
0 0.993031 1 0.00696923 
35 6
0 0.996509 1 0.00349071 
35 7
0 0.996509 1 0.00349071 
35 8
0 0.993031 1 0.00696923 
35 9
0 0.996509 1 0.00349071 
35 10
0 0.996509 1 0.00349071 
35 11
0 0.996509 1 0.00349071 
35 12
0 0.996509 1 0.00349071 
35 13
0 0.996509 1 0.00349071 
35 14
0 0.996509 1 0.00349071 
35 15
0 0.996509 1 0.00349071 
35 16
0 0.996509 1 0.00349071 
35 17
0 0.996509 1 0.00349071 
35 18
0 0.996509 1 0.00349071 
35 19
0 0.993031 1 0.00696923 
35 20
0 0.996509 1 0.00349071 
35 21
0 0.996509 1 0.00349071 
35 22
0 0.996509 1 0.00349071 
35 23
0 0.996509 1 0.00349071 
35 24
0 0.996509 1 0.00349071 
35 25
0 0.996509 1 0.00349071 
35 26
0 0.996509 1 0.00349071 
35 27
0 0.996509 1 0.00349071 
35 28
0 0.996509 1 0.00349071 
35 29
0 0.993031 1 0.00696923 
35 30
0 0.996509 1 0.00349071 
35 31
0 0.996509 1 0.00349071 
35 32
0 0.996509 1 0.00349071 
35 33
0 0.996509 1 0.00349071 
35 34
0 0.996509 1 0.00349071 
35 36
0 0.996509 1 0.00349071 
35 37
0 0.996509 1 0.00349071 
35 38
0 0.996509 1 0.00349071 
35 39
0 0.996509 1 0.00349071 
35 40
0 0.996509 1 0.00349071 
35 41
0 0.996509 1 0.00349071 
35 42
0 0.996509 1 0.00349071 
35 43
0 0.996509 1 0.00349071 
35 44
0 0.996509 1 0.00349071 
35 45
0 0.996509 1 0.00349071 
35 46
0 0.996509 1 0.00349071 
35 47
0 0.996509 1 0.00349071 
36 0
0 0.996509 1 0.00349071 
36 1
0 0.996509 1 0.00349071 
36 2
0 0.996509 1 0.00349071 
36 3
0 0.996509 1 0.00349071 
36 4
0 0.996509 1 0.00349071 
36 5
0 0.993031 1 0.00696923 
36 6
0 0.996509 1 0.00349071 
36 7
0 0.996509 1 0.00349071 
36 8
0 0.993031 1 0.00696923 
36 9
0 0.996509 1 0.00349071 
36 10
0 0.996509 1 0.00349071 
36 11
0 0.996509 1 0.00349071 
36 12
0 0.996509 1 0.00349071 
36 13
0 0.996509 1 0.00349071 
36 14
0 0.996509 1 0.00349071 
36 15
0 0.996509 1 0.00349071 
36 16
0 0.996509 1 0.00349071 
36 17
0 0.996509 1 0.00349071 
36 18
0 0.996509 1 0.00349071 
36 19
0 0.993031 1 0.00696923 
36 20
0 0.996509 1 0.00349071 
36 21
0 0.996509 1 0.00349071 
36 22
0 0.996509 1 0.00349071 
36 23
0 0.996509 1 0.00349071 
36 24
0 0.996509 1 0.00349071 
36 25
0 0.996509 1 0.00349071 
36 26
0 0.996509 1 0.00349071 
36 27
0 0.996509 1 0.00349071 
36 28
0 0.996509 1 0.00349071 
36 29
0 0.993031 1 0.00696923 
36 30
0 0.996509 1 0.00349071 
36 31
0 0.996509 1 0.00349071 
36 32
0 0.996509 1 0.00349071 
36 33
0 0.996509 1 0.00349071 
36 34
0 0.996509 1 0.00349071 
36 35
0 0.996509 1 0.00349071 
36 37
0 0.996509 1 0.00349071 
36 38
0 0.996509 1 0.00349071 
36 39
0 0.996509 1 0.00349071 
36 40
0 0.996509 1 0.00349071 
36 41
0 0.996509 1 0.00349071 
36 42
0 0.996509 1 0.00349071 
36 43
0 0.996509 1 0.00349071 
36 44
0 0.996509 1 0.00349071 
36 45
0 0.996509 1 0.00349071 
36 46
0 0.996509 1 0.00349071 
36 47
0 0.996509 1 0.00349071 
37 0
0 0.996509 1 0.00349071 
37 1
0 0.996509 1 0.00349071 
37 2
0 0.996509 1 0.00349071 
37 3
0 0.996509 1 0.00349071 
37 4
0 0.996509 1 0.00349071 
37 5
0 0.993031 1 0.00696923 
37 6
0 0.996509 1 0.00349071 
37 7
0 0.996509 1 0.00349071 
37 8
0 0.993031 1 0.00696923 
37 9
0 0.996509 1 0.00349071 
37 10
0 0.996509 1 0.00349071 
37 11
0 0.996509 1 0.00349071 
37 12
0 0.996509 1 0.00349071 
37 13
0 0.996509 1 0.00349071 
37 14
0 0.996509 1 0.00349071 
37 15
0 0.996509 1 0.00349071 
37 16
0 0.996509 1 0.00349071 
37 17
0 0.996509 1 0.00349071 
37 18
0 0.996509 1 0.00349071 
37 19
0 0.993031 1 0.00696923 
37 20
0 0.996509 1 0.00349071 
37 21
0 0.996509 1 0.00349071 
37 22
0 0.996509 1 0.00349071 
37 23
0 0.996509 1 0.00349071 
37 24
0 0.996509 1 0.00349071 
37 25
0 0.996509 1 0.00349071 
37 26
0 0.996509 1 0.00349071 
37 27
0 0.996509 1 0.00349071 
37 28
0 0.996509 1 0.00349071 
37 29
0 0.993031 1 0.00696923 
37 30
0 0.996509 1 0.00349071 
37 31
0 0.996509 1 0.00349071 
37 32
0 0.996509 1 0.00349071 
37 33
0 0.996509 1 0.00349071 
37 34
0 0.996509 1 0.00349071 
37 35
0 0.996509 1 0.00349071 
37 36
0 0.996509 1 0.00349071 
37 38
0 0.996509 1 0.00349071 
37 39
0 0.996509 1 0.00349071 
37 40
0 0.996509 1 0.00349071 
37 41
0 0.996509 1 0.00349071 
37 42
0 0.996509 1 0.00349071 
37 43
0 0.996509 1 0.00349071 
37 44
0 0.996509 1 0.00349071 
37 45
0 0.996509 1 0.00349071 
37 46
0 0.996509 1 0.00349071 
37 47
0 0.996509 1 0.00349071 
38 0
0 0.996509 1 0.00349071 
38 1
0 0.996509 1 0.00349071 
38 2
0 0.996509 1 0.00349071 
38 3
0 0.996509 1 0.00349071 
38 4
0 0.996509 1 0.00349071 
38 5
0 0.993031 1 0.00696923 
38 6
0 0.996509 1 0.00349071 
38 7
0 0.996509 1 0.00349071 
38 8
0 0.993031 1 0.00696923 
38 9
0 0.996509 1 0.00349071 
38 10
0 0.996509 1 0.00349071 
38 11
0 0.996509 1 0.00349071 
38 12
0 0.996509 1 0.00349071 
38 13
0 0.996509 1 0.00349071 
38 14
0 0.996509 1 0.00349071 
38 15
0 0.996509 1 0.00349071 
38 16
0 0.996509 1 0.00349071 
38 17
0 0.996509 1 0.00349071 
38 18
0 0.996509 1 0.00349071 
38 19
0 0.993031 1 0.00696923 
38 20
0 0.996509 1 0.00349071 
38 21
0 0.996509 1 0.00349071 
38 22
0 0.996509 1 0.00349071 
38 23
0 0.996509 1 0.00349071 
38 24
0 0.996509 1 0.00349071 
38 25
0 0.996509 1 0.00349071 
38 26
0 0.996509 1 0.00349071 
38 27
0 0.996509 1 0.00349071 
38 28
0 0.996509 1 0.00349071 
38 29
0 0.993031 1 0.00696923 
38 30
0 0.996509 1 0.00349071 
38 31
0 0.996509 1 0.00349071 
38 32
0 0.996509 1 0.00349071 
38 33
0 0.996509 1 0.00349071 
38 34
0 0.996509 1 0.00349071 
38 35
0 0.996509 1 0.00349071 
38 36
0 0.996509 1 0.00349071 
38 37
0 0.996509 1 0.00349071 
38 39
0 0.996509 1 0.00349071 
38 40
0 0.996509 1 0.00349071 
38 41
0 0.996509 1 0.00349071 
38 42
0 0.996509 1 0.00349071 
38 43
0 0.996509 1 0.00349071 
38 44
0 0.996509 1 0.00349071 
38 45
0 0.996509 1 0.00349071 
38 46
0 0.996509 1 0.00349071 
38 47
0 0.996509 1 0.00349071 
39 0
0 0.996509 1 0.00349071 
39 1
0 0.996509 1 0.00349071 
39 2
0 0.996509 1 0.00349071 
39 3
0 0.996509 1 0.00349071 
39 4
0 0.996509 1 0.00349071 
39 5
0 0.993031 1 0.00696923 
39 6
0 0.996509 1 0.00349071 
39 7
0 0.996509 1 0.00349071 
39 8
0 0.993031 1 0.00696923 
39 9
0 0.996509 1 0.00349071 
39 10
0 0.996509 1 0.00349071 
39 11
0 0.996509 1 0.00349071 
39 12
0 0.996509 1 0.00349071 
39 13
0 0.996509 1 0.00349071 
39 14
0 0.996509 1 0.00349071 
39 15
0 0.996509 1 0.00349071 
39 16
0 0.996509 1 0.00349071 
39 17
0 0.996509 1 0.00349071 
39 18
0 0.996509 1 0.00349071 
39 19
0 0.993031 1 0.00696923 
39 20
0 0.996509 1 0.00349071 
39 21
0 0.996509 1 0.00349071 
39 22
0 0.996509 1 0.00349071 
39 23
0 0.996509 1 0.00349071 
39 24
0 0.996509 1 0.00349071 
39 25
0 0.996509 1 0.00349071 
39 26
0 0.996509 1 0.00349071 
39 27
0 0.996509 1 0.00349071 
39 28
0 0.996509 1 0.00349071 
39 29
0 0.993031 1 0.00696923 
39 30
0 0.996509 1 0.00349071 
39 31
0 0.996509 1 0.00349071 
39 32
0 0.996509 1 0.00349071 
39 33
0 0.996509 1 0.00349071 
39 34
0 0.996509 1 0.00349071 
39 35
0 0.996509 1 0.00349071 
39 36
0 0.996509 1 0.00349071 
39 37
0 0.996509 1 0.00349071 
39 38
0 0.996509 1 0.00349071 
39 40
0 0.996509 1 0.00349071 
39 41
0 0.996509 1 0.00349071 
39 42
0 0.996509 1 0.00349071 
39 43
0 0.996509 1 0.00349071 
39 44
0 0.996509 1 0.00349071 
39 45
0 0.996509 1 0.00349071 
39 46
0 0.996509 1 0.00349071 
39 47
0 0.996509 1 0.00349071 
40 0
0 0.996509 1 0.00349071 
40 1
0 0.996509 1 0.00349071 
40 2
0 0.996509 1 0.00349071 
40 3
0 0.996509 1 0.00349071 
40 4
0 0.996509 1 0.00349071 
40 5
0 0.993031 1 0.00696923 
40 6
0 0.996509 1 0.00349071 
40 7
0 0.996509 1 0.00349071 
40 8
0 0.993031 1 0.00696923 
40 9
0 0.996509 1 0.00349071 
40 10
0 0.996509 1 0.00349071 
40 11
0 0.996509 1 0.00349071 
40 12
0 0.996509 1 0.00349071 
40 13
0 0.996509 1 0.00349071 
40 14
0 0.996509 1 0.00349071 
40 15
0 0.996509 1 0.00349071 
40 16
0 0.996509 1 0.00349071 
40 17
0 0.996509 1 0.00349071 
40 18
0 0.996509 1 0.00349071 
40 19
0 0.993031 1 0.00696923 
40 20
0 0.996509 1 0.00349071 
40 21
0 0.996509 1 0.00349071 
40 22
0 0.996509 1 0.00349071 
40 23
0 0.996509 1 0.00349071 
40 24
0 0.996509 1 0.00349071 
40 25
0 0.996509 1 0.00349071 
40 26
0 0.996509 1 0.00349071 
40 27
0 0.996509 1 0.00349071 
40 28
0 0.996509 1 0.00349071 
40 29
0 0.993031 1 0.00696923 
40 30
0 0.996509 1 0.00349071 
40 31
0 0.996509 1 0.00349071 
40 32
0 0.996509 1 0.00349071 
40 33
0 0.996509 1 0.00349071 
40 34
0 0.996509 1 0.00349071 
40 35
0 0.996509 1 0.00349071 
40 36
0 0.996509 1 0.00349071 
40 37
0 0.996509 1 0.00349071 
40 38
0 0.996509 1 0.00349071 
40 39
0 0.996509 1 0.00349071 
40 41
0 0.996509 1 0.00349071 
40 42
0 0.996509 1 0.00349071 
40 43
0 0.996509 1 0.00349071 
40 44
0 0.996509 1 0.00349071 
40 45
0 0.996509 1 0.00349071 
40 46
0 0.996509 1 0.00349071 
40 47
0 0.996509 1 0.00349071 
41 0
0 0.996509 1 0.00349071 
41 1
0 0.996509 1 0.00349071 
41 2
0 0.996509 1 0.00349071 
41 3
0 0.996509 1 0.00349071 
41 4
0 0.996509 1 0.00349071 
41 5
0 0.993031 1 0.00696923 
41 6
0 0.996509 1 0.00349071 
41 7
0 0.996509 1 0.00349071 
41 8
0 0.993031 1 0.00696923 
41 9
0 0.996509 1 0.00349071 
41 10
0 0.996509 1 0.00349071 
41 11
0 0.996509 1 0.00349071 
41 12
0 0.996509 1 0.00349071 
41 13
0 0.996509 1 0.00349071 
41 14
0 0.996509 1 0.00349071 
41 15
0 0.996509 1 0.00349071 
41 16
0 0.996509 1 0.00349071 
41 17
0 0.996509 1 0.00349071 
41 18
0 0.996509 1 0.00349071 
41 19
0 0.993031 1 0.00696923 
41 20
0 0.996509 1 0.00349071 
41 21
0 0.996509 1 0.00349071 
41 22
0 0.996509 1 0.00349071 
41 23
0 0.996509 1 0.00349071 
41 24
0 0.996509 1 0.00349071 
41 25
0 0.996509 1 0.00349071 
41 26
0 0.996509 1 0.00349071 
41 27
0 0.996509 1 0.00349071 
41 28
0 0.996509 1 0.00349071 
41 29
0 0.993031 1 0.00696923 
41 30
0 0.996509 1 0.00349071 
41 31
0 0.996509 1 0.00349071 
41 32
0 0.996509 1 0.00349071 
41 33
0 0.996509 1 0.00349071 
41 34
0 0.996509 1 0.00349071 
41 35
0 0.996509 1 0.00349071 
41 36
0 0.996509 1 0.00349071 
41 37
0 0.996509 1 0.00349071 
41 38
0 0.996509 1 0.00349071 
41 39
0 0.996509 1 0.00349071 
41 40
0 0.996509 1 0.00349071 
41 42
0 0.996509 1 0.00349071 
41 43
0 0.996509 1 0.00349071 
41 44
0 0.996509 1 0.00349071 
41 45
0 0.996509 1 0.00349071 
41 46
0 0.996509 1 0.00349071 
41 47
0 0.996509 1 0.00349071 
42 0
0 0.996509 1 0.00349071 
42 1
0 0.996509 1 0.00349071 
42 2
0 0.996509 1 0.00349071 
42 3
0 0.996509 1 0.00349071 
42 4
0 0.996509 1 0.00349071 
42 5
0 0.993031 1 0.00696923 
42 6
0 0.996509 1 0.00349071 
42 7
0 0.996509 1 0.00349071 
42 8
0 0.993031 1 0.00696923 
42 9
0 0.996509 1 0.00349071 
42 10
0 0.996509 1 0.00349071 
42 11
0 0.996509 1 0.00349071 
42 12
0 0.996509 1 0.00349071 
42 13
0 0.996509 1 0.00349071 
42 14
0 0.996509 1 0.00349071 
42 15
0 0.996509 1 0.00349071 
42 16
0 0.996509 1 0.00349071 
42 17
0 0.996509 1 0.00349071 
42 18
0 0.996509 1 0.00349071 
42 19
0 0.993031 1 0.00696923 
42 20
0 0.996509 1 0.00349071 
42 21
0 0.996509 1 0.00349071 
42 22
0 0.996509 1 0.00349071 
42 23
0 0.996509 1 0.00349071 
42 24
0 0.996509 1 0.00349071 
42 25
0 0.996509 1 0.00349071 
42 26
0 0.996509 1 0.00349071 
42 27
0 0.996509 1 0.00349071 
42 28
0 0.996509 1 0.00349071 
42 29
0 0.993031 1 0.00696923 
42 30
0 0.996509 1 0.00349071 
42 31
0 0.996509 1 0.00349071 
42 32
0 0.996509 1 0.00349071 
42 33
0 0.996509 1 0.00349071 
42 34
0 0.996509 1 0.00349071 
42 35
0 0.996509 1 0.00349071 
42 36
0 0.996509 1 0.00349071 
42 37
0 0.996509 1 0.00349071 
42 38
0 0.996509 1 0.00349071 
42 39
0 0.996509 1 0.00349071 
42 40
0 0.996509 1 0.00349071 
42 41
0 0.996509 1 0.00349071 
42 43
0 0.996509 1 0.00349071 
42 44
0 0.996509 1 0.00349071 
42 45
0 0.996509 1 0.00349071 
42 46
0 0.996509 1 0.00349071 
42 47
0 0.996509 1 0.00349071 
43 0
0 0.996509 1 0.00349071 
43 1
0 0.996509 1 0.00349071 
43 2
0 0.996509 1 0.00349071 
43 3
0 0.996509 1 0.00349071 
43 4
0 0.996509 1 0.00349071 
43 5
0 0.993031 1 0.00696923 
43 6
0 0.996509 1 0.00349071 
43 7
0 0.996509 1 0.00349071 
43 8
0 0.993031 1 0.00696923 
43 9
0 0.996509 1 0.00349071 
43 10
0 0.996509 1 0.00349071 
43 11
0 0.996509 1 0.00349071 
43 12
0 0.996509 1 0.00349071 
43 13
0 0.996509 1 0.00349071 
43 14
0 0.996509 1 0.00349071 
43 15
0 0.996509 1 0.00349071 
43 16
0 0.996509 1 0.00349071 
43 17
0 0.996509 1 0.00349071 
43 18
0 0.996509 1 0.00349071 
43 19
0 0.993031 1 0.00696923 
43 20
0 0.996509 1 0.00349071 
43 21
0 0.996509 1 0.00349071 
43 22
0 0.996509 1 0.00349071 
43 23
0 0.996509 1 0.00349071 
43 24
0 0.996509 1 0.00349071 
43 25
0 0.996509 1 0.00349071 
43 26
0 0.996509 1 0.00349071 
43 27
0 0.996509 1 0.00349071 
43 28
0 0.996509 1 0.00349071 
43 29
0 0.993031 1 0.00696923 
43 30
0 0.996509 1 0.00349071 
43 31
0 0.996509 1 0.00349071 
43 32
0 0.996509 1 0.00349071 
43 33
0 0.996509 1 0.00349071 
43 34
0 0.996509 1 0.00349071 
43 35
0 0.996509 1 0.00349071 
43 36
0 0.996509 1 0.00349071 
43 37
0 0.996509 1 0.00349071 
43 38
0 0.996509 1 0.00349071 
43 39
0 0.996509 1 0.00349071 
43 40
0 0.996509 1 0.00349071 
43 41
0 0.996509 1 0.00349071 
43 42
0 0.996509 1 0.00349071 
43 44
0 0.996509 1 0.00349071 
43 45
0 0.996509 1 0.00349071 
43 46
0 0.996509 1 0.00349071 
43 47
0 0.996509 1 0.00349071 
44 0
0 0.996509 1 0.00349071 
44 1
0 0.996509 1 0.00349071 
44 2
0 0.996509 1 0.00349071 
44 3
0 0.996509 1 0.00349071 
44 4
0 0.996509 1 0.00349071 
44 5
0 0.993031 1 0.00696923 
44 6
0 0.996509 1 0.00349071 
44 7
0 0.996509 1 0.00349071 
44 8
0 0.993031 1 0.00696923 
44 9
0 0.996509 1 0.00349071 
44 10
0 0.996509 1 0.00349071 
44 11
0 0.996509 1 0.00349071 
44 12
0 0.996509 1 0.00349071 
44 13
0 0.996509 1 0.00349071 
44 14
0 0.996509 1 0.00349071 
44 15
0 0.996509 1 0.00349071 
44 16
0 0.996509 1 0.00349071 
44 17
0 0.996509 1 0.00349071 
44 18
0 0.996509 1 0.00349071 
44 19
0 0.993031 1 0.00696923 
44 20
0 0.996509 1 0.00349071 
44 21
0 0.996509 1 0.00349071 
44 22
0 0.996509 1 0.00349071 
44 23
0 0.996509 1 0.00349071 
44 24
0 0.996509 1 0.00349071 
44 25
0 0.996509 1 0.00349071 
44 26
0 0.996509 1 0.00349071 
44 27
0 0.996509 1 0.00349071 
44 28
0 0.996509 1 0.00349071 
44 29
0 0.993031 1 0.00696923 
44 30
0 0.996509 1 0.00349071 
44 31
0 0.996509 1 0.00349071 
44 32
0 0.996509 1 0.00349071 
44 33
0 0.996509 1 0.00349071 
44 34
0 0.996509 1 0.00349071 
44 35
0 0.996509 1 0.00349071 
44 36
0 0.996509 1 0.00349071 
44 37
0 0.996509 1 0.00349071 
44 38
0 0.996509 1 0.00349071 
44 39
0 0.996509 1 0.00349071 
44 40
0 0.996509 1 0.00349071 
44 41
0 0.996509 1 0.00349071 
44 42
0 0.996509 1 0.00349071 
44 43
0 0.996509 1 0.00349071 
44 45
0 0.996509 1 0.00349071 
44 46
0 0.996509 1 0.00349071 
44 47
0 0.996509 1 0.00349071 
45 0
0 0.996509 1 0.00349071 
45 1
0 0.996509 1 0.00349071 
45 2
0 0.996509 1 0.00349071 
45 3
0 0.996509 1 0.00349071 
45 4
0 0.996509 1 0.00349071 
45 5
0 0.993031 1 0.00696923 
45 6
0 0.996509 1 0.00349071 
45 7
0 0.996509 1 0.00349071 
45 8
0 0.993031 1 0.00696923 
45 9
0 0.996509 1 0.00349071 
45 10
0 0.996509 1 0.00349071 
45 11
0 0.996509 1 0.00349071 
45 12
0 0.996509 1 0.00349071 
45 13
0 0.996509 1 0.00349071 
45 14
0 0.996509 1 0.00349071 
45 15
0 0.996509 1 0.00349071 
45 16
0 0.996509 1 0.00349071 
45 17
0 0.996509 1 0.00349071 
45 18
0 0.996509 1 0.00349071 
45 19
0 0.993031 1 0.00696923 
45 20
0 0.996509 1 0.00349071 
45 21
0 0.996509 1 0.00349071 
45 22
0 0.996509 1 0.00349071 
45 23
0 0.996509 1 0.00349071 
45 24
0 0.996509 1 0.00349071 
45 25
0 0.996509 1 0.00349071 
45 26
0 0.996509 1 0.00349071 
45 27
0 0.996509 1 0.00349071 
45 28
0 0.996509 1 0.00349071 
45 29
0 0.993031 1 0.00696923 
45 30
0 0.996509 1 0.00349071 
45 31
0 0.996509 1 0.00349071 
45 32
0 0.996509 1 0.00349071 
45 33
0 0.996509 1 0.00349071 
45 34
0 0.996509 1 0.00349071 
45 35
0 0.996509 1 0.00349071 
45 36
0 0.996509 1 0.00349071 
45 37
0 0.996509 1 0.00349071 
45 38
0 0.996509 1 0.00349071 
45 39
0 0.996509 1 0.00349071 
45 40
0 0.996509 1 0.00349071 
45 41
0 0.996509 1 0.00349071 
45 42
0 0.996509 1 0.00349071 
45 43
0 0.996509 1 0.00349071 
45 44
0 0.996509 1 0.00349071 
45 46
0 0.996509 1 0.00349071 
45 47
0 0.996509 1 0.00349071 
46 0
0 0.996509 1 0.00349071 
46 1
0 0.996509 1 0.00349071 
46 2
0 0.996509 1 0.00349071 
46 3
0 0.996509 1 0.00349071 
46 4
0 0.996509 1 0.00349071 
46 5
0 0.993031 1 0.00696923 
46 6
0 0.996509 1 0.00349071 
46 7
0 0.996509 1 0.00349071 
46 8
0 0.993031 1 0.00696923 
46 9
0 0.996509 1 0.00349071 
46 10
0 0.996509 1 0.00349071 
46 11
0 0.996509 1 0.00349071 
46 12
0 0.996509 1 0.00349071 
46 13
0 0.996509 1 0.00349071 
46 14
0 0.996509 1 0.00349071 
46 15
0 0.996509 1 0.00349071 
46 16
0 0.996509 1 0.00349071 
46 17
0 0.996509 1 0.00349071 
46 18
0 0.996509 1 0.00349071 
46 19
0 0.993031 1 0.00696923 
46 20
0 0.996509 1 0.00349071 
46 21
0 0.996509 1 0.00349071 
46 22
0 0.996509 1 0.00349071 
46 23
0 0.996509 1 0.00349071 
46 24
0 0.996509 1 0.00349071 
46 25
0 0.996509 1 0.00349071 
46 26
0 0.996509 1 0.00349071 
46 27
0 0.996509 1 0.00349071 
46 28
0 0.996509 1 0.00349071 
46 29
0 0.993031 1 0.00696923 
46 30
0 0.996509 1 0.00349071 
46 31
0 0.996509 1 0.00349071 
46 32
0 0.996509 1 0.00349071 
46 33
0 0.996509 1 0.00349071 
46 34
0 0.996509 1 0.00349071 
46 35
0 0.996509 1 0.00349071 
46 36
0 0.996509 1 0.00349071 
46 37
0 0.996509 1 0.00349071 
46 38
0 0.996509 1 0.00349071 
46 39
0 0.996509 1 0.00349071 
46 40
0 0.996509 1 0.00349071 
46 41
0 0.996509 1 0.00349071 
46 42
0 0.996509 1 0.00349071 
46 43
0 0.996509 1 0.00349071 
46 44
0 0.996509 1 0.00349071 
46 45
0 0.996509 1 0.00349071 
46 47
0 0.996509 1 0.00349071 
47 0
0 0.996509 1 0.00349071 
47 1
0 0.996509 1 0.00349071 
47 2
0 0.996509 1 0.00349071 
47 3
0 0.996509 1 0.00349071 
47 4
0 0.996509 1 0.00349071 
47 5
0 0.993031 1 0.00696923 
47 6
0 0.996509 1 0.00349071 
47 7
0 0.996509 1 0.00349071 
47 8
0 0.993031 1 0.00696923 
47 9
0 0.996509 1 0.00349071 
47 10
0 0.996509 1 0.00349071 
47 11
0 0.996509 1 0.00349071 
47 12
0 0.996509 1 0.00349071 
47 13
0 0.996509 1 0.00349071 
47 14
0 0.996509 1 0.00349071 
47 15
0 0.996509 1 0.00349071 
47 16
0 0.996509 1 0.00349071 
47 17
0 0.996509 1 0.00349071 
47 18
0 0.996509 1 0.00349071 
47 19
0 0.993031 1 0.00696923 
47 20
0 0.996509 1 0.00349071 
47 21
0 0.996509 1 0.00349071 
47 22
0 0.996509 1 0.00349071 
47 23
0 0.996509 1 0.00349071 
47 24
0 0.996509 1 0.00349071 
47 25
0 0.996509 1 0.00349071 
47 26
0 0.996509 1 0.00349071 
47 27
0 0.996509 1 0.00349071 
47 28
0 0.996509 1 0.00349071 
47 29
0 0.993031 1 0.00696923 
47 30
0 0.996509 1 0.00349071 
47 31
0 0.996509 1 0.00349071 
47 32
0 0.996509 1 0.00349071 
47 33
0 0.996509 1 0.00349071 
47 34
0 0.996509 1 0.00349071 
47 35
0 0.996509 1 0.00349071 
47 36
0 0.996509 1 0.00349071 
47 37
0 0.996509 1 0.00349071 
47 38
0 0.996509 1 0.00349071 
47 39
0 0.996509 1 0.00349071 
47 40
0 0.996509 1 0.00349071 
47 41
0 0.996509 1 0.00349071 
47 42
0 0.996509 1 0.00349071 
47 43
0 0.996509 1 0.00349071 
47 44
0 0.996509 1 0.00349071 
47 45
0 0.996509 1 0.00349071 
47 46
0 0.996509 1 0.00349071 
