c 	bayg29_tsp_29_4_4_6_44_50_16_262_0_0_0_100_8704652_0_0
c 	nn 29
c 	nm 4
c 	oComp 4
c 	ooProb 0.0176757
c 	coProb 0.0350389
c 	ooD 0.883783
c 	coD 7.00778
c 	ccD 7.89156
c 	totD 15.7831
c 	ooD/totD 0.0559954
c 	coD/totD 0.444005
c 	ccD/totD 0.5
c 	ccEval 0.65763
c 	ooN 50
c 	coN 200
c 	ccN 12
c 	totN 262
c 	totN / nn(nn-1)=0.32266
c 	 TYPE: TSPLIB
29
97 205 139 86 60 220 65 111 115 227 95 82 225 168 103 266 205 149 120 58 257 152 52 180 136 82 34 145 
97 129 103 71 105 258 154 112 65 204 150 87 176 137 142 204 148 148 49 41 211 226 116 197 89 153 124 74 
205 129 219 125 175 386 269 134 184 313 201 215 267 248 271 274 236 272 160 151 300 350 239 322 78 276 220 60 
139 103 219 167 182 180 162 208 39 102 227 60 86 34 96 129 69 58 60 120 119 192 114 110 192 136 173 173 
86 71 125 167 51 296 150 42 131 268 88 131 245 201 175 275 218 202 119 50 281 238 131 244 51 166 95 69 
60 105 175 182 51 279 114 56 150 278 46 133 266 214 162 302 242 203 146 67 300 205 111 238 98 139 52 120 
220 258 386 180 296 279 178 328 206 147 308 172 203 165 121 251 216 122 231 249 209 111 169 72 338 144 237 331 
65 154 269 162 150 114 178 169 151 227 133 104 242 182 84 290 230 146 165 121 270 91 48 158 200 39 64 210 
111 112 134 208 42 56 328 169 172 309 68 169 286 242 208 315 259 240 160 90 322 260 160 281 57 192 107 90 
115 65 184 39 131 150 206 151 172 140 195 51 117 72 104 153 93 88 25 85 152 200 104 139 154 134 149 135 
227 204 313 102 268 278 147 227 309 140 320 146 64 68 143 106 88 81 159 219 63 216 187 88 293 191 258 272 
95 150 201 227 88 46 308 133 68 195 320 174 311 258 196 347 288 243 192 113 345 222 144 274 124 165 71 153 
82 87 215 60 131 133 172 104 169 51 146 174 144 86 57 189 128 71 71 82 176 150 56 114 168 83 115 160 
225 176 267 86 245 266 203 242 286 117 64 311 144 61 165 51 32 105 127 201 36 254 196 136 260 212 258 234 
168 137 248 34 201 214 165 182 242 72 68 258 86 61 106 110 56 49 91 153 91 197 136 94 225 151 201 205 
103 142 271 96 175 162 121 84 208 104 143 196 57 165 106 215 159 64 126 128 190 98 53 78 218 48 127 214 
266 204 274 129 275 302 251 290 315 153 106 347 189 51 110 215 61 155 157 235 47 305 243 186 282 261 300 252 
205 148 236 69 218 242 216 230 259 93 88 288 128 32 56 159 61 105 100 176 66 253 183 146 231 203 239 204 
149 148 272 58 202 203 122 146 240 88 81 243 71 105 49 64 155 105 113 152 127 150 106 52 235 112 179 221 
120 49 160 60 119 146 231 165 160 25 159 192 71 127 91 126 157 100 113 79 163 220 119 164 135 152 153 114 
58 41 151 120 50 67 249 121 90 85 219 113 82 201 153 128 235 176 152 79 236 201 90 195 90 127 84 91 
257 211 300 119 281 300 209 270 322 152 63 345 176 36 91 190 47 66 127 163 236 273 226 148 296 238 291 269 
152 226 350 192 238 205 111 91 260 200 216 222 150 254 197 98 305 253 150 220 201 273 112 130 286 74 155 291 
52 116 239 114 131 111 169 48 160 104 187 144 56 196 136 53 243 183 106 119 90 226 112 130 178 38 75 180 
180 197 322 110 244 238 72 158 281 139 88 274 114 136 94 78 186 146 52 164 195 148 130 130 281 120 205 270 
136 89 78 192 51 98 338 200 57 154 293 124 168 260 225 218 282 231 235 135 90 296 286 178 281 213 145 36 
82 153 276 136 166 139 144 39 192 134 191 165 83 212 151 48 261 203 112 152 127 238 74 38 120 213 94 217 
34 124 220 173 95 52 237 64 107 149 258 71 115 258 201 127 300 239 179 153 84 291 155 75 205 145 94 162 
145 74 60 173 69 120 331 210 90 135 272 153 160 234 205 214 252 204 221 114 91 269 291 180 270 36 217 162 
262
0 3
0 0.964961 1 0.0350389 
0 10
0 0.964961 1 0.0350389 
0 22
0 0.982324 1 0.0176757 
0 25
0 0.982324 1 0.0176757 
0 26
0 0.964961 1 0.0350389 
0 27
0 0.964961 1 0.0350389 
1 3
0 0.964961 1 0.0350389 
1 10
0 0.964961 1 0.0350389 
1 11
0 0.982324 1 0.0176757 
1 15
0 0.982324 1 0.0176757 
1 21
0 0.982324 1 0.0176757 
1 23
0 0.982324 1 0.0176757 
1 26
0 0.964961 1 0.0350389 
1 27
0 0.964961 1 0.0350389 
2 3
0 0.964961 1 0.0350389 
2 5
0 0.982324 1 0.0176757 
2 10
0 0.964961 1 0.0350389 
2 11
0 0.982324 1 0.0176757 
2 26
0 0.964961 1 0.0350389 
2 27
0 0.964961 1 0.0350389 
3 0
0 0.964961 1 0.0350389 
3 1
0 0.964961 1 0.0350389 
3 2
0 0.964961 1 0.0350389 
3 4
0 0.964961 1 0.0350389 
3 5
0 0.964961 1 0.0350389 
3 6
0 0.964961 1 0.0350389 
3 7
0 0.964961 1 0.0350389 
3 8
0 0.964961 1 0.0350389 
3 9
0 0.964961 1 0.0350389 
3 10
0 0.421185 1 0.5 2 0.0788152 
3 11
0 0.964961 1 0.0350389 
3 12
0 0.964961 1 0.0350389 
3 13
0 0.964961 1 0.0350389 
3 14
0 0.964961 1 0.0350389 
3 15
0 0.964961 1 0.0350389 
3 16
0 0.964961 1 0.0350389 
3 17
0 0.964961 1 0.0350389 
3 18
0 0.964961 1 0.0350389 
3 19
0 0.964961 1 0.0350389 
3 20
0 0.964961 1 0.0350389 
3 21
0 0.964961 1 0.0350389 
3 22
0 0.964961 1 0.0350389 
3 23
0 0.964961 1 0.0350389 
3 24
0 0.964961 1 0.0350389 
3 25
0 0.964961 1 0.0350389 
3 26
0 0.421185 1 0.5 2 0.0788152 
3 27
0 0.421185 1 0.5 2 0.0788152 
3 28
0 0.964961 1 0.0350389 
4 0
0 0.982324 1 0.0176757 
4 3
0 0.964961 1 0.0350389 
4 10
0 0.964961 1 0.0350389 
4 26
0 0.964961 1 0.0350389 
4 27
0 0.964961 1 0.0350389 
5 3
0 0.964961 1 0.0350389 
5 4
0 0.982324 1 0.0176757 
5 10
0 0.964961 1 0.0350389 
5 26
0 0.964961 1 0.0350389 
5 27
0 0.964961 1 0.0350389 
6 3
0 0.964961 1 0.0350389 
6 10
0 0.964961 1 0.0350389 
6 11
0 0.982324 1 0.0176757 
6 18
0 0.982324 1 0.0176757 
6 26
0 0.964961 1 0.0350389 
6 27
0 0.964961 1 0.0350389 
7 3
0 0.964961 1 0.0350389 
7 8
0 0.982324 1 0.0176757 
7 10
0 0.964961 1 0.0350389 
7 26
0 0.964961 1 0.0350389 
7 27
0 0.964961 1 0.0350389 
8 3
0 0.964961 1 0.0350389 
8 5
0 0.982324 1 0.0176757 
8 10
0 0.964961 1 0.0350389 
8 19
0 0.982324 1 0.0176757 
8 23
0 0.982324 1 0.0176757 
8 26
0 0.964961 1 0.0350389 
8 27
0 0.964961 1 0.0350389 
9 3
0 0.964961 1 0.0350389 
9 7
0 0.982324 1 0.0176757 
9 10
0 0.964961 1 0.0350389 
9 18
0 0.982324 1 0.0176757 
9 23
0 0.982324 1 0.0176757 
9 26
0 0.964961 1 0.0350389 
9 27
0 0.964961 1 0.0350389 
10 0
0 0.964961 1 0.0350389 
10 1
0 0.964961 1 0.0350389 
10 2
0 0.964961 1 0.0350389 
10 3
0 0.421185 1 0.5 2 0.0788152 
10 4
0 0.964961 1 0.0350389 
10 5
0 0.964961 1 0.0350389 
10 6
0 0.964961 1 0.0350389 
10 7
0 0.964961 1 0.0350389 
10 8
0 0.964961 1 0.0350389 
10 9
0 0.964961 1 0.0350389 
10 11
0 0.964961 1 0.0350389 
10 12
0 0.964961 1 0.0350389 
10 13
0 0.964961 1 0.0350389 
10 14
0 0.964961 1 0.0350389 
10 15
0 0.964961 1 0.0350389 
10 16
0 0.964961 1 0.0350389 
10 17
0 0.964961 1 0.0350389 
10 18
0 0.964961 1 0.0350389 
10 19
0 0.964961 1 0.0350389 
10 20
0 0.964961 1 0.0350389 
10 21
0 0.964961 1 0.0350389 
10 22
0 0.964961 1 0.0350389 
10 23
0 0.964961 1 0.0350389 
10 24
0 0.964961 1 0.0350389 
10 25
0 0.964961 1 0.0350389 
10 26
0 0.421185 1 0.5 2 0.0788152 
10 27
0 0.421185 1 0.5 2 0.0788152 
10 28
0 0.964961 1 0.0350389 
11 3
0 0.964961 1 0.0350389 
11 5
0 0.982324 1 0.0176757 
11 10
0 0.964961 1 0.0350389 
11 15
0 0.982324 1 0.0176757 
11 22
0 0.982324 1 0.0176757 
11 26
0 0.964961 1 0.0350389 
11 27
0 0.964961 1 0.0350389 
12 2
0 0.982324 1 0.0176757 
12 3
0 0.964961 1 0.0350389 
12 10
0 0.964961 1 0.0350389 
12 13
0 0.982324 1 0.0176757 
12 26
0 0.964961 1 0.0350389 
12 27
0 0.964961 1 0.0350389 
13 0
0 0.982324 1 0.0176757 
13 3
0 0.964961 1 0.0350389 
13 4
0 0.982324 1 0.0176757 
13 5
0 0.982324 1 0.0176757 
13 6
0 0.982324 1 0.0176757 
13 10
0 0.964961 1 0.0350389 
13 11
0 0.982324 1 0.0176757 
13 22
0 0.982324 1 0.0176757 
13 26
0 0.964961 1 0.0350389 
13 27
0 0.964961 1 0.0350389 
14 3
0 0.964961 1 0.0350389 
14 10
0 0.964961 1 0.0350389 
14 13
0 0.982324 1 0.0176757 
14 26
0 0.964961 1 0.0350389 
14 27
0 0.964961 1 0.0350389 
15 2
0 0.982324 1 0.0176757 
15 3
0 0.964961 1 0.0350389 
15 10
0 0.964961 1 0.0350389 
15 13
0 0.982324 1 0.0176757 
15 18
0 0.982324 1 0.0176757 
15 26
0 0.964961 1 0.0350389 
15 27
0 0.964961 1 0.0350389 
16 3
0 0.964961 1 0.0350389 
16 7
0 0.982324 1 0.0176757 
16 10
0 0.964961 1 0.0350389 
16 25
0 0.982324 1 0.0176757 
16 26
0 0.964961 1 0.0350389 
16 27
0 0.964961 1 0.0350389 
17 3
0 0.964961 1 0.0350389 
17 5
0 0.982324 1 0.0176757 
17 10
0 0.964961 1 0.0350389 
17 26
0 0.964961 1 0.0350389 
17 27
0 0.964961 1 0.0350389 
17 28
0 0.982324 1 0.0176757 
18 3
0 0.964961 1 0.0350389 
18 7
0 0.982324 1 0.0176757 
18 10
0 0.964961 1 0.0350389 
18 11
0 0.982324 1 0.0176757 
18 26
0 0.964961 1 0.0350389 
18 27
0 0.964961 1 0.0350389 
19 3
0 0.964961 1 0.0350389 
19 6
0 0.982324 1 0.0176757 
19 10
0 0.964961 1 0.0350389 
19 11
0 0.982324 1 0.0176757 
19 13
0 0.982324 1 0.0176757 
19 26
0 0.964961 1 0.0350389 
19 27
0 0.964961 1 0.0350389 
20 3
0 0.964961 1 0.0350389 
20 7
0 0.982324 1 0.0176757 
20 10
0 0.964961 1 0.0350389 
20 26
0 0.964961 1 0.0350389 
20 27
0 0.964961 1 0.0350389 
21 3
0 0.964961 1 0.0350389 
21 10
0 0.964961 1 0.0350389 
21 26
0 0.964961 1 0.0350389 
21 27
0 0.964961 1 0.0350389 
22 3
0 0.964961 1 0.0350389 
22 10
0 0.964961 1 0.0350389 
22 23
0 0.982324 1 0.0176757 
22 24
0 0.982324 1 0.0176757 
22 26
0 0.964961 1 0.0350389 
22 27
0 0.964961 1 0.0350389 
23 0
0 0.982324 1 0.0176757 
23 3
0 0.964961 1 0.0350389 
23 10
0 0.964961 1 0.0350389 
23 26
0 0.964961 1 0.0350389 
23 27
0 0.964961 1 0.0350389 
24 3
0 0.964961 1 0.0350389 
24 10
0 0.964961 1 0.0350389 
24 15
0 0.982324 1 0.0176757 
24 26
0 0.964961 1 0.0350389 
24 27
0 0.964961 1 0.0350389 
25 3
0 0.964961 1 0.0350389 
25 10
0 0.964961 1 0.0350389 
25 23
0 0.982324 1 0.0176757 
25 26
0 0.964961 1 0.0350389 
25 27
0 0.964961 1 0.0350389 
26 0
0 0.964961 1 0.0350389 
26 1
0 0.964961 1 0.0350389 
26 2
0 0.964961 1 0.0350389 
26 3
0 0.421185 1 0.5 2 0.0788152 
26 4
0 0.964961 1 0.0350389 
26 5
0 0.964961 1 0.0350389 
26 6
0 0.964961 1 0.0350389 
26 7
0 0.964961 1 0.0350389 
26 8
0 0.964961 1 0.0350389 
26 9
0 0.964961 1 0.0350389 
26 10
0 0.421185 1 0.5 2 0.0788152 
26 11
0 0.964961 1 0.0350389 
26 12
0 0.964961 1 0.0350389 
26 13
0 0.964961 1 0.0350389 
26 14
0 0.964961 1 0.0350389 
26 15
0 0.964961 1 0.0350389 
26 16
0 0.964961 1 0.0350389 
26 17
0 0.964961 1 0.0350389 
26 18
0 0.964961 1 0.0350389 
26 19
0 0.964961 1 0.0350389 
26 20
0 0.964961 1 0.0350389 
26 21
0 0.964961 1 0.0350389 
26 22
0 0.964961 1 0.0350389 
26 23
0 0.964961 1 0.0350389 
26 24
0 0.964961 1 0.0350389 
26 25
0 0.964961 1 0.0350389 
26 27
0 0.421185 1 0.5 2 0.0788152 
26 28
0 0.964961 1 0.0350389 
27 0
0 0.964961 1 0.0350389 
27 1
0 0.964961 1 0.0350389 
27 2
0 0.964961 1 0.0350389 
27 3
0 0.421185 1 0.5 2 0.0788152 
27 4
0 0.964961 1 0.0350389 
27 5
0 0.964961 1 0.0350389 
27 6
0 0.964961 1 0.0350389 
27 7
0 0.964961 1 0.0350389 
27 8
0 0.964961 1 0.0350389 
27 9
0 0.964961 1 0.0350389 
27 10
0 0.421185 1 0.5 2 0.0788152 
27 11
0 0.964961 1 0.0350389 
27 12
0 0.964961 1 0.0350389 
27 13
0 0.964961 1 0.0350389 
27 14
0 0.964961 1 0.0350389 
27 15
0 0.964961 1 0.0350389 
27 16
0 0.964961 1 0.0350389 
27 17
0 0.964961 1 0.0350389 
27 18
0 0.964961 1 0.0350389 
27 19
0 0.964961 1 0.0350389 
27 20
0 0.964961 1 0.0350389 
27 21
0 0.964961 1 0.0350389 
27 22
0 0.964961 1 0.0350389 
27 23
0 0.964961 1 0.0350389 
27 24
0 0.964961 1 0.0350389 
27 25
0 0.964961 1 0.0350389 
27 26
0 0.421185 1 0.5 2 0.0788152 
27 28
0 0.964961 1 0.0350389 
28 3
0 0.964961 1 0.0350389 
28 10
0 0.964961 1 0.0350389 
28 24
0 0.982324 1 0.0176757 
28 26
0 0.964961 1 0.0350389 
28 27
0 0.964961 1 0.0350389 
