c 	bayg29_tsp_29_4_full_30_20_50_11_812_0_0_0_100_963716_0_0
c 	nn 29
c 	nm 4
c 	oComp 48
c 	ooProb 0.00555755
c 	coProb 0.0110842
c 	ooD 3.33453
c 	coD 2.21684
c 	ccD 5.55137
c 	totD 11.1027
c 	ooD/totD 0.300334
c 	coD/totD 0.199666
c 	ccD/totD 0.5
c 	ccEval 0.462614
c 	ooN 600
c 	coN 200
c 	ccN 12
c 	totN 812
c 	totN / nn(nn-1)=1
c 	 TYPE: TSPLIB
29
97 205 139 86 60 220 65 111 115 227 95 82 225 168 103 266 205 149 120 58 257 152 52 180 136 82 34 145 
97 129 103 71 105 258 154 112 65 204 150 87 176 137 142 204 148 148 49 41 211 226 116 197 89 153 124 74 
205 129 219 125 175 386 269 134 184 313 201 215 267 248 271 274 236 272 160 151 300 350 239 322 78 276 220 60 
139 103 219 167 182 180 162 208 39 102 227 60 86 34 96 129 69 58 60 120 119 192 114 110 192 136 173 173 
86 71 125 167 51 296 150 42 131 268 88 131 245 201 175 275 218 202 119 50 281 238 131 244 51 166 95 69 
60 105 175 182 51 279 114 56 150 278 46 133 266 214 162 302 242 203 146 67 300 205 111 238 98 139 52 120 
220 258 386 180 296 279 178 328 206 147 308 172 203 165 121 251 216 122 231 249 209 111 169 72 338 144 237 331 
65 154 269 162 150 114 178 169 151 227 133 104 242 182 84 290 230 146 165 121 270 91 48 158 200 39 64 210 
111 112 134 208 42 56 328 169 172 309 68 169 286 242 208 315 259 240 160 90 322 260 160 281 57 192 107 90 
115 65 184 39 131 150 206 151 172 140 195 51 117 72 104 153 93 88 25 85 152 200 104 139 154 134 149 135 
227 204 313 102 268 278 147 227 309 140 320 146 64 68 143 106 88 81 159 219 63 216 187 88 293 191 258 272 
95 150 201 227 88 46 308 133 68 195 320 174 311 258 196 347 288 243 192 113 345 222 144 274 124 165 71 153 
82 87 215 60 131 133 172 104 169 51 146 174 144 86 57 189 128 71 71 82 176 150 56 114 168 83 115 160 
225 176 267 86 245 266 203 242 286 117 64 311 144 61 165 51 32 105 127 201 36 254 196 136 260 212 258 234 
168 137 248 34 201 214 165 182 242 72 68 258 86 61 106 110 56 49 91 153 91 197 136 94 225 151 201 205 
103 142 271 96 175 162 121 84 208 104 143 196 57 165 106 215 159 64 126 128 190 98 53 78 218 48 127 214 
266 204 274 129 275 302 251 290 315 153 106 347 189 51 110 215 61 155 157 235 47 305 243 186 282 261 300 252 
205 148 236 69 218 242 216 230 259 93 88 288 128 32 56 159 61 105 100 176 66 253 183 146 231 203 239 204 
149 148 272 58 202 203 122 146 240 88 81 243 71 105 49 64 155 105 113 152 127 150 106 52 235 112 179 221 
120 49 160 60 119 146 231 165 160 25 159 192 71 127 91 126 157 100 113 79 163 220 119 164 135 152 153 114 
58 41 151 120 50 67 249 121 90 85 219 113 82 201 153 128 235 176 152 79 236 201 90 195 90 127 84 91 
257 211 300 119 281 300 209 270 322 152 63 345 176 36 91 190 47 66 127 163 236 273 226 148 296 238 291 269 
152 226 350 192 238 205 111 91 260 200 216 222 150 254 197 98 305 253 150 220 201 273 112 130 286 74 155 291 
52 116 239 114 131 111 169 48 160 104 187 144 56 196 136 53 243 183 106 119 90 226 112 130 178 38 75 180 
180 197 322 110 244 238 72 158 281 139 88 274 114 136 94 78 186 146 52 164 195 148 130 130 281 120 205 270 
136 89 78 192 51 98 338 200 57 154 293 124 168 260 225 218 282 231 235 135 90 296 286 178 281 213 145 36 
82 153 276 136 166 139 144 39 192 134 191 165 83 212 151 48 261 203 112 152 127 238 74 38 120 213 94 217 
34 124 220 173 95 52 237 64 107 149 258 71 115 258 201 127 300 239 179 153 84 291 155 75 205 145 94 162 
145 74 60 173 69 120 331 210 90 135 272 153 160 234 205 214 252 204 221 114 91 269 291 180 270 36 217 162 
812
0 1
0 0.994442 1 0.00555755 
0 2
0 0.994442 1 0.00555755 
0 3
0 0.994442 1 0.00555755 
0 4
0 0.988916 1 0.0110842 
0 5
0 0.994442 1 0.00555755 
0 6
0 0.994442 1 0.00555755 
0 7
0 0.994442 1 0.00555755 
0 8
0 0.988916 1 0.0110842 
0 9
0 0.994442 1 0.00555755 
0 10
0 0.994442 1 0.00555755 
0 11
0 0.994442 1 0.00555755 
0 12
0 0.994442 1 0.00555755 
0 13
0 0.994442 1 0.00555755 
0 14
0 0.994442 1 0.00555755 
0 15
0 0.994442 1 0.00555755 
0 16
0 0.988916 1 0.0110842 
0 17
0 0.994442 1 0.00555755 
0 18
0 0.988916 1 0.0110842 
0 19
0 0.994442 1 0.00555755 
0 20
0 0.994442 1 0.00555755 
0 21
0 0.994442 1 0.00555755 
0 22
0 0.994442 1 0.00555755 
0 23
0 0.994442 1 0.00555755 
0 24
0 0.994442 1 0.00555755 
0 25
0 0.994442 1 0.00555755 
0 26
0 0.994442 1 0.00555755 
0 27
0 0.994442 1 0.00555755 
0 28
0 0.994442 1 0.00555755 
1 0
0 0.994442 1 0.00555755 
1 2
0 0.994442 1 0.00555755 
1 3
0 0.994442 1 0.00555755 
1 4
0 0.988916 1 0.0110842 
1 5
0 0.994442 1 0.00555755 
1 6
0 0.994442 1 0.00555755 
1 7
0 0.994442 1 0.00555755 
1 8
0 0.988916 1 0.0110842 
1 9
0 0.994442 1 0.00555755 
1 10
0 0.994442 1 0.00555755 
1 11
0 0.994442 1 0.00555755 
1 12
0 0.994442 1 0.00555755 
1 13
0 0.994442 1 0.00555755 
1 14
0 0.994442 1 0.00555755 
1 15
0 0.994442 1 0.00555755 
1 16
0 0.988916 1 0.0110842 
1 17
0 0.994442 1 0.00555755 
1 18
0 0.988916 1 0.0110842 
1 19
0 0.994442 1 0.00555755 
1 20
0 0.994442 1 0.00555755 
1 21
0 0.994442 1 0.00555755 
1 22
0 0.994442 1 0.00555755 
1 23
0 0.994442 1 0.00555755 
1 24
0 0.994442 1 0.00555755 
1 25
0 0.994442 1 0.00555755 
1 26
0 0.994442 1 0.00555755 
1 27
0 0.994442 1 0.00555755 
1 28
0 0.994442 1 0.00555755 
2 0
0 0.994442 1 0.00555755 
2 1
0 0.994442 1 0.00555755 
2 3
0 0.994442 1 0.00555755 
2 4
0 0.988916 1 0.0110842 
2 5
0 0.994442 1 0.00555755 
2 6
0 0.994442 1 0.00555755 
2 7
0 0.994442 1 0.00555755 
2 8
0 0.988916 1 0.0110842 
2 9
0 0.994442 1 0.00555755 
2 10
0 0.994442 1 0.00555755 
2 11
0 0.994442 1 0.00555755 
2 12
0 0.994442 1 0.00555755 
2 13
0 0.994442 1 0.00555755 
2 14
0 0.994442 1 0.00555755 
2 15
0 0.994442 1 0.00555755 
2 16
0 0.988916 1 0.0110842 
2 17
0 0.994442 1 0.00555755 
2 18
0 0.988916 1 0.0110842 
2 19
0 0.994442 1 0.00555755 
2 20
0 0.994442 1 0.00555755 
2 21
0 0.994442 1 0.00555755 
2 22
0 0.994442 1 0.00555755 
2 23
0 0.994442 1 0.00555755 
2 24
0 0.994442 1 0.00555755 
2 25
0 0.994442 1 0.00555755 
2 26
0 0.994442 1 0.00555755 
2 27
0 0.994442 1 0.00555755 
2 28
0 0.994442 1 0.00555755 
3 0
0 0.994442 1 0.00555755 
3 1
0 0.994442 1 0.00555755 
3 2
0 0.994442 1 0.00555755 
3 4
0 0.988916 1 0.0110842 
3 5
0 0.994442 1 0.00555755 
3 6
0 0.994442 1 0.00555755 
3 7
0 0.994442 1 0.00555755 
3 8
0 0.988916 1 0.0110842 
3 9
0 0.994442 1 0.00555755 
3 10
0 0.994442 1 0.00555755 
3 11
0 0.994442 1 0.00555755 
3 12
0 0.994442 1 0.00555755 
3 13
0 0.994442 1 0.00555755 
3 14
0 0.994442 1 0.00555755 
3 15
0 0.994442 1 0.00555755 
3 16
0 0.988916 1 0.0110842 
3 17
0 0.994442 1 0.00555755 
3 18
0 0.988916 1 0.0110842 
3 19
0 0.994442 1 0.00555755 
3 20
0 0.994442 1 0.00555755 
3 21
0 0.994442 1 0.00555755 
3 22
0 0.994442 1 0.00555755 
3 23
0 0.994442 1 0.00555755 
3 24
0 0.994442 1 0.00555755 
3 25
0 0.994442 1 0.00555755 
3 26
0 0.994442 1 0.00555755 
3 27
0 0.994442 1 0.00555755 
3 28
0 0.994442 1 0.00555755 
4 0
0 0.988916 1 0.0110842 
4 1
0 0.988916 1 0.0110842 
4 2
0 0.988916 1 0.0110842 
4 3
0 0.988916 1 0.0110842 
4 5
0 0.988916 1 0.0110842 
4 6
0 0.988916 1 0.0110842 
4 7
0 0.988916 1 0.0110842 
4 8
0 0.537386 1 0.462614 
4 9
0 0.988916 1 0.0110842 
4 10
0 0.988916 1 0.0110842 
4 11
0 0.988916 1 0.0110842 
4 12
0 0.988916 1 0.0110842 
4 13
0 0.988916 1 0.0110842 
4 14
0 0.988916 1 0.0110842 
4 15
0 0.988916 1 0.0110842 
4 16
0 0.537386 1 0.462614 
4 17
0 0.988916 1 0.0110842 
4 18
0 0.537386 1 0.462614 
4 19
0 0.988916 1 0.0110842 
4 20
0 0.988916 1 0.0110842 
4 21
0 0.988916 1 0.0110842 
4 22
0 0.988916 1 0.0110842 
4 23
0 0.988916 1 0.0110842 
4 24
0 0.988916 1 0.0110842 
4 25
0 0.988916 1 0.0110842 
4 26
0 0.988916 1 0.0110842 
4 27
0 0.988916 1 0.0110842 
4 28
0 0.988916 1 0.0110842 
5 0
0 0.994442 1 0.00555755 
5 1
0 0.994442 1 0.00555755 
5 2
0 0.994442 1 0.00555755 
5 3
0 0.994442 1 0.00555755 
5 4
0 0.988916 1 0.0110842 
5 6
0 0.994442 1 0.00555755 
5 7
0 0.994442 1 0.00555755 
5 8
0 0.988916 1 0.0110842 
5 9
0 0.994442 1 0.00555755 
5 10
0 0.994442 1 0.00555755 
5 11
0 0.994442 1 0.00555755 
5 12
0 0.994442 1 0.00555755 
5 13
0 0.994442 1 0.00555755 
5 14
0 0.994442 1 0.00555755 
5 15
0 0.994442 1 0.00555755 
5 16
0 0.988916 1 0.0110842 
5 17
0 0.994442 1 0.00555755 
5 18
0 0.988916 1 0.0110842 
5 19
0 0.994442 1 0.00555755 
5 20
0 0.994442 1 0.00555755 
5 21
0 0.994442 1 0.00555755 
5 22
0 0.994442 1 0.00555755 
5 23
0 0.994442 1 0.00555755 
5 24
0 0.994442 1 0.00555755 
5 25
0 0.994442 1 0.00555755 
5 26
0 0.994442 1 0.00555755 
5 27
0 0.994442 1 0.00555755 
5 28
0 0.994442 1 0.00555755 
6 0
0 0.994442 1 0.00555755 
6 1
0 0.994442 1 0.00555755 
6 2
0 0.994442 1 0.00555755 
6 3
0 0.994442 1 0.00555755 
6 4
0 0.988916 1 0.0110842 
6 5
0 0.994442 1 0.00555755 
6 7
0 0.994442 1 0.00555755 
6 8
0 0.988916 1 0.0110842 
6 9
0 0.994442 1 0.00555755 
6 10
0 0.994442 1 0.00555755 
6 11
0 0.994442 1 0.00555755 
6 12
0 0.994442 1 0.00555755 
6 13
0 0.994442 1 0.00555755 
6 14
0 0.994442 1 0.00555755 
6 15
0 0.994442 1 0.00555755 
6 16
0 0.988916 1 0.0110842 
6 17
0 0.994442 1 0.00555755 
6 18
0 0.988916 1 0.0110842 
6 19
0 0.994442 1 0.00555755 
6 20
0 0.994442 1 0.00555755 
6 21
0 0.994442 1 0.00555755 
6 22
0 0.994442 1 0.00555755 
6 23
0 0.994442 1 0.00555755 
6 24
0 0.994442 1 0.00555755 
6 25
0 0.994442 1 0.00555755 
6 26
0 0.994442 1 0.00555755 
6 27
0 0.994442 1 0.00555755 
6 28
0 0.994442 1 0.00555755 
7 0
0 0.994442 1 0.00555755 
7 1
0 0.994442 1 0.00555755 
7 2
0 0.994442 1 0.00555755 
7 3
0 0.994442 1 0.00555755 
7 4
0 0.988916 1 0.0110842 
7 5
0 0.994442 1 0.00555755 
7 6
0 0.994442 1 0.00555755 
7 8
0 0.988916 1 0.0110842 
7 9
0 0.994442 1 0.00555755 
7 10
0 0.994442 1 0.00555755 
7 11
0 0.994442 1 0.00555755 
7 12
0 0.994442 1 0.00555755 
7 13
0 0.994442 1 0.00555755 
7 14
0 0.994442 1 0.00555755 
7 15
0 0.994442 1 0.00555755 
7 16
0 0.988916 1 0.0110842 
7 17
0 0.994442 1 0.00555755 
7 18
0 0.988916 1 0.0110842 
7 19
0 0.994442 1 0.00555755 
7 20
0 0.994442 1 0.00555755 
7 21
0 0.994442 1 0.00555755 
7 22
0 0.994442 1 0.00555755 
7 23
0 0.994442 1 0.00555755 
7 24
0 0.994442 1 0.00555755 
7 25
0 0.994442 1 0.00555755 
7 26
0 0.994442 1 0.00555755 
7 27
0 0.994442 1 0.00555755 
7 28
0 0.994442 1 0.00555755 
8 0
0 0.988916 1 0.0110842 
8 1
0 0.988916 1 0.0110842 
8 2
0 0.988916 1 0.0110842 
8 3
0 0.988916 1 0.0110842 
8 4
0 0.537386 1 0.462614 
8 5
0 0.988916 1 0.0110842 
8 6
0 0.988916 1 0.0110842 
8 7
0 0.988916 1 0.0110842 
8 9
0 0.988916 1 0.0110842 
8 10
0 0.988916 1 0.0110842 
8 11
0 0.988916 1 0.0110842 
8 12
0 0.988916 1 0.0110842 
8 13
0 0.988916 1 0.0110842 
8 14
0 0.988916 1 0.0110842 
8 15
0 0.988916 1 0.0110842 
8 16
0 0.537386 1 0.462614 
8 17
0 0.988916 1 0.0110842 
8 18
0 0.537386 1 0.462614 
8 19
0 0.988916 1 0.0110842 
8 20
0 0.988916 1 0.0110842 
8 21
0 0.988916 1 0.0110842 
8 22
0 0.988916 1 0.0110842 
8 23
0 0.988916 1 0.0110842 
8 24
0 0.988916 1 0.0110842 
8 25
0 0.988916 1 0.0110842 
8 26
0 0.988916 1 0.0110842 
8 27
0 0.988916 1 0.0110842 
8 28
0 0.988916 1 0.0110842 
9 0
0 0.994442 1 0.00555755 
9 1
0 0.994442 1 0.00555755 
9 2
0 0.994442 1 0.00555755 
9 3
0 0.994442 1 0.00555755 
9 4
0 0.988916 1 0.0110842 
9 5
0 0.994442 1 0.00555755 
9 6
0 0.994442 1 0.00555755 
9 7
0 0.994442 1 0.00555755 
9 8
0 0.988916 1 0.0110842 
9 10
0 0.994442 1 0.00555755 
9 11
0 0.994442 1 0.00555755 
9 12
0 0.994442 1 0.00555755 
9 13
0 0.994442 1 0.00555755 
9 14
0 0.994442 1 0.00555755 
9 15
0 0.994442 1 0.00555755 
9 16
0 0.988916 1 0.0110842 
9 17
0 0.994442 1 0.00555755 
9 18
0 0.988916 1 0.0110842 
9 19
0 0.994442 1 0.00555755 
9 20
0 0.994442 1 0.00555755 
9 21
0 0.994442 1 0.00555755 
9 22
0 0.994442 1 0.00555755 
9 23
0 0.994442 1 0.00555755 
9 24
0 0.994442 1 0.00555755 
9 25
0 0.994442 1 0.00555755 
9 26
0 0.994442 1 0.00555755 
9 27
0 0.994442 1 0.00555755 
9 28
0 0.994442 1 0.00555755 
10 0
0 0.994442 1 0.00555755 
10 1
0 0.994442 1 0.00555755 
10 2
0 0.994442 1 0.00555755 
10 3
0 0.994442 1 0.00555755 
10 4
0 0.988916 1 0.0110842 
10 5
0 0.994442 1 0.00555755 
10 6
0 0.994442 1 0.00555755 
10 7
0 0.994442 1 0.00555755 
10 8
0 0.988916 1 0.0110842 
10 9
0 0.994442 1 0.00555755 
10 11
0 0.994442 1 0.00555755 
10 12
0 0.994442 1 0.00555755 
10 13
0 0.994442 1 0.00555755 
10 14
0 0.994442 1 0.00555755 
10 15
0 0.994442 1 0.00555755 
10 16
0 0.988916 1 0.0110842 
10 17
0 0.994442 1 0.00555755 
10 18
0 0.988916 1 0.0110842 
10 19
0 0.994442 1 0.00555755 
10 20
0 0.994442 1 0.00555755 
10 21
0 0.994442 1 0.00555755 
10 22
0 0.994442 1 0.00555755 
10 23
0 0.994442 1 0.00555755 
10 24
0 0.994442 1 0.00555755 
10 25
0 0.994442 1 0.00555755 
10 26
0 0.994442 1 0.00555755 
10 27
0 0.994442 1 0.00555755 
10 28
0 0.994442 1 0.00555755 
11 0
0 0.994442 1 0.00555755 
11 1
0 0.994442 1 0.00555755 
11 2
0 0.994442 1 0.00555755 
11 3
0 0.994442 1 0.00555755 
11 4
0 0.988916 1 0.0110842 
11 5
0 0.994442 1 0.00555755 
11 6
0 0.994442 1 0.00555755 
11 7
0 0.994442 1 0.00555755 
11 8
0 0.988916 1 0.0110842 
11 9
0 0.994442 1 0.00555755 
11 10
0 0.994442 1 0.00555755 
11 12
0 0.994442 1 0.00555755 
11 13
0 0.994442 1 0.00555755 
11 14
0 0.994442 1 0.00555755 
11 15
0 0.994442 1 0.00555755 
11 16
0 0.988916 1 0.0110842 
11 17
0 0.994442 1 0.00555755 
11 18
0 0.988916 1 0.0110842 
11 19
0 0.994442 1 0.00555755 
11 20
0 0.994442 1 0.00555755 
11 21
0 0.994442 1 0.00555755 
11 22
0 0.994442 1 0.00555755 
11 23
0 0.994442 1 0.00555755 
11 24
0 0.994442 1 0.00555755 
11 25
0 0.994442 1 0.00555755 
11 26
0 0.994442 1 0.00555755 
11 27
0 0.994442 1 0.00555755 
11 28
0 0.994442 1 0.00555755 
12 0
0 0.994442 1 0.00555755 
12 1
0 0.994442 1 0.00555755 
12 2
0 0.994442 1 0.00555755 
12 3
0 0.994442 1 0.00555755 
12 4
0 0.988916 1 0.0110842 
12 5
0 0.994442 1 0.00555755 
12 6
0 0.994442 1 0.00555755 
12 7
0 0.994442 1 0.00555755 
12 8
0 0.988916 1 0.0110842 
12 9
0 0.994442 1 0.00555755 
12 10
0 0.994442 1 0.00555755 
12 11
0 0.994442 1 0.00555755 
12 13
0 0.994442 1 0.00555755 
12 14
0 0.994442 1 0.00555755 
12 15
0 0.994442 1 0.00555755 
12 16
0 0.988916 1 0.0110842 
12 17
0 0.994442 1 0.00555755 
12 18
0 0.988916 1 0.0110842 
12 19
0 0.994442 1 0.00555755 
12 20
0 0.994442 1 0.00555755 
12 21
0 0.994442 1 0.00555755 
12 22
0 0.994442 1 0.00555755 
12 23
0 0.994442 1 0.00555755 
12 24
0 0.994442 1 0.00555755 
12 25
0 0.994442 1 0.00555755 
12 26
0 0.994442 1 0.00555755 
12 27
0 0.994442 1 0.00555755 
12 28
0 0.994442 1 0.00555755 
13 0
0 0.994442 1 0.00555755 
13 1
0 0.994442 1 0.00555755 
13 2
0 0.994442 1 0.00555755 
13 3
0 0.994442 1 0.00555755 
13 4
0 0.988916 1 0.0110842 
13 5
0 0.994442 1 0.00555755 
13 6
0 0.994442 1 0.00555755 
13 7
0 0.994442 1 0.00555755 
13 8
0 0.988916 1 0.0110842 
13 9
0 0.994442 1 0.00555755 
13 10
0 0.994442 1 0.00555755 
13 11
0 0.994442 1 0.00555755 
13 12
0 0.994442 1 0.00555755 
13 14
0 0.994442 1 0.00555755 
13 15
0 0.994442 1 0.00555755 
13 16
0 0.988916 1 0.0110842 
13 17
0 0.994442 1 0.00555755 
13 18
0 0.988916 1 0.0110842 
13 19
0 0.994442 1 0.00555755 
13 20
0 0.994442 1 0.00555755 
13 21
0 0.994442 1 0.00555755 
13 22
0 0.994442 1 0.00555755 
13 23
0 0.994442 1 0.00555755 
13 24
0 0.994442 1 0.00555755 
13 25
0 0.994442 1 0.00555755 
13 26
0 0.994442 1 0.00555755 
13 27
0 0.994442 1 0.00555755 
13 28
0 0.994442 1 0.00555755 
14 0
0 0.994442 1 0.00555755 
14 1
0 0.994442 1 0.00555755 
14 2
0 0.994442 1 0.00555755 
14 3
0 0.994442 1 0.00555755 
14 4
0 0.988916 1 0.0110842 
14 5
0 0.994442 1 0.00555755 
14 6
0 0.994442 1 0.00555755 
14 7
0 0.994442 1 0.00555755 
14 8
0 0.988916 1 0.0110842 
14 9
0 0.994442 1 0.00555755 
14 10
0 0.994442 1 0.00555755 
14 11
0 0.994442 1 0.00555755 
14 12
0 0.994442 1 0.00555755 
14 13
0 0.994442 1 0.00555755 
14 15
0 0.994442 1 0.00555755 
14 16
0 0.988916 1 0.0110842 
14 17
0 0.994442 1 0.00555755 
14 18
0 0.988916 1 0.0110842 
14 19
0 0.994442 1 0.00555755 
14 20
0 0.994442 1 0.00555755 
14 21
0 0.994442 1 0.00555755 
14 22
0 0.994442 1 0.00555755 
14 23
0 0.994442 1 0.00555755 
14 24
0 0.994442 1 0.00555755 
14 25
0 0.994442 1 0.00555755 
14 26
0 0.994442 1 0.00555755 
14 27
0 0.994442 1 0.00555755 
14 28
0 0.994442 1 0.00555755 
15 0
0 0.994442 1 0.00555755 
15 1
0 0.994442 1 0.00555755 
15 2
0 0.994442 1 0.00555755 
15 3
0 0.994442 1 0.00555755 
15 4
0 0.988916 1 0.0110842 
15 5
0 0.994442 1 0.00555755 
15 6
0 0.994442 1 0.00555755 
15 7
0 0.994442 1 0.00555755 
15 8
0 0.988916 1 0.0110842 
15 9
0 0.994442 1 0.00555755 
15 10
0 0.994442 1 0.00555755 
15 11
0 0.994442 1 0.00555755 
15 12
0 0.994442 1 0.00555755 
15 13
0 0.994442 1 0.00555755 
15 14
0 0.994442 1 0.00555755 
15 16
0 0.988916 1 0.0110842 
15 17
0 0.994442 1 0.00555755 
15 18
0 0.988916 1 0.0110842 
15 19
0 0.994442 1 0.00555755 
15 20
0 0.994442 1 0.00555755 
15 21
0 0.994442 1 0.00555755 
15 22
0 0.994442 1 0.00555755 
15 23
0 0.994442 1 0.00555755 
15 24
0 0.994442 1 0.00555755 
15 25
0 0.994442 1 0.00555755 
15 26
0 0.994442 1 0.00555755 
15 27
0 0.994442 1 0.00555755 
15 28
0 0.994442 1 0.00555755 
16 0
0 0.988916 1 0.0110842 
16 1
0 0.988916 1 0.0110842 
16 2
0 0.988916 1 0.0110842 
16 3
0 0.988916 1 0.0110842 
16 4
0 0.537386 1 0.462614 
16 5
0 0.988916 1 0.0110842 
16 6
0 0.988916 1 0.0110842 
16 7
0 0.988916 1 0.0110842 
16 8
0 0.537386 1 0.462614 
16 9
0 0.988916 1 0.0110842 
16 10
0 0.988916 1 0.0110842 
16 11
0 0.988916 1 0.0110842 
16 12
0 0.988916 1 0.0110842 
16 13
0 0.988916 1 0.0110842 
16 14
0 0.988916 1 0.0110842 
16 15
0 0.988916 1 0.0110842 
16 17
0 0.988916 1 0.0110842 
16 18
0 0.537386 1 0.462614 
16 19
0 0.988916 1 0.0110842 
16 20
0 0.988916 1 0.0110842 
16 21
0 0.988916 1 0.0110842 
16 22
0 0.988916 1 0.0110842 
16 23
0 0.988916 1 0.0110842 
16 24
0 0.988916 1 0.0110842 
16 25
0 0.988916 1 0.0110842 
16 26
0 0.988916 1 0.0110842 
16 27
0 0.988916 1 0.0110842 
16 28
0 0.988916 1 0.0110842 
17 0
0 0.994442 1 0.00555755 
17 1
0 0.994442 1 0.00555755 
17 2
0 0.994442 1 0.00555755 
17 3
0 0.994442 1 0.00555755 
17 4
0 0.988916 1 0.0110842 
17 5
0 0.994442 1 0.00555755 
17 6
0 0.994442 1 0.00555755 
17 7
0 0.994442 1 0.00555755 
17 8
0 0.988916 1 0.0110842 
17 9
0 0.994442 1 0.00555755 
17 10
0 0.994442 1 0.00555755 
17 11
0 0.994442 1 0.00555755 
17 12
0 0.994442 1 0.00555755 
17 13
0 0.994442 1 0.00555755 
17 14
0 0.994442 1 0.00555755 
17 15
0 0.994442 1 0.00555755 
17 16
0 0.988916 1 0.0110842 
17 18
0 0.988916 1 0.0110842 
17 19
0 0.994442 1 0.00555755 
17 20
0 0.994442 1 0.00555755 
17 21
0 0.994442 1 0.00555755 
17 22
0 0.994442 1 0.00555755 
17 23
0 0.994442 1 0.00555755 
17 24
0 0.994442 1 0.00555755 
17 25
0 0.994442 1 0.00555755 
17 26
0 0.994442 1 0.00555755 
17 27
0 0.994442 1 0.00555755 
17 28
0 0.994442 1 0.00555755 
18 0
0 0.988916 1 0.0110842 
18 1
0 0.988916 1 0.0110842 
18 2
0 0.988916 1 0.0110842 
18 3
0 0.988916 1 0.0110842 
18 4
0 0.537386 1 0.462614 
18 5
0 0.988916 1 0.0110842 
18 6
0 0.988916 1 0.0110842 
18 7
0 0.988916 1 0.0110842 
18 8
0 0.537386 1 0.462614 
18 9
0 0.988916 1 0.0110842 
18 10
0 0.988916 1 0.0110842 
18 11
0 0.988916 1 0.0110842 
18 12
0 0.988916 1 0.0110842 
18 13
0 0.988916 1 0.0110842 
18 14
0 0.988916 1 0.0110842 
18 15
0 0.988916 1 0.0110842 
18 16
0 0.537386 1 0.462614 
18 17
0 0.988916 1 0.0110842 
18 19
0 0.988916 1 0.0110842 
18 20
0 0.988916 1 0.0110842 
18 21
0 0.988916 1 0.0110842 
18 22
0 0.988916 1 0.0110842 
18 23
0 0.988916 1 0.0110842 
18 24
0 0.988916 1 0.0110842 
18 25
0 0.988916 1 0.0110842 
18 26
0 0.988916 1 0.0110842 
18 27
0 0.988916 1 0.0110842 
18 28
0 0.988916 1 0.0110842 
19 0
0 0.994442 1 0.00555755 
19 1
0 0.994442 1 0.00555755 
19 2
0 0.994442 1 0.00555755 
19 3
0 0.994442 1 0.00555755 
19 4
0 0.988916 1 0.0110842 
19 5
0 0.994442 1 0.00555755 
19 6
0 0.994442 1 0.00555755 
19 7
0 0.994442 1 0.00555755 
19 8
0 0.988916 1 0.0110842 
19 9
0 0.994442 1 0.00555755 
19 10
0 0.994442 1 0.00555755 
19 11
0 0.994442 1 0.00555755 
19 12
0 0.994442 1 0.00555755 
19 13
0 0.994442 1 0.00555755 
19 14
0 0.994442 1 0.00555755 
19 15
0 0.994442 1 0.00555755 
19 16
0 0.988916 1 0.0110842 
19 17
0 0.994442 1 0.00555755 
19 18
0 0.988916 1 0.0110842 
19 20
0 0.994442 1 0.00555755 
19 21
0 0.994442 1 0.00555755 
19 22
0 0.994442 1 0.00555755 
19 23
0 0.994442 1 0.00555755 
19 24
0 0.994442 1 0.00555755 
19 25
0 0.994442 1 0.00555755 
19 26
0 0.994442 1 0.00555755 
19 27
0 0.994442 1 0.00555755 
19 28
0 0.994442 1 0.00555755 
20 0
0 0.994442 1 0.00555755 
20 1
0 0.994442 1 0.00555755 
20 2
0 0.994442 1 0.00555755 
20 3
0 0.994442 1 0.00555755 
20 4
0 0.988916 1 0.0110842 
20 5
0 0.994442 1 0.00555755 
20 6
0 0.994442 1 0.00555755 
20 7
0 0.994442 1 0.00555755 
20 8
0 0.988916 1 0.0110842 
20 9
0 0.994442 1 0.00555755 
20 10
0 0.994442 1 0.00555755 
20 11
0 0.994442 1 0.00555755 
20 12
0 0.994442 1 0.00555755 
20 13
0 0.994442 1 0.00555755 
20 14
0 0.994442 1 0.00555755 
20 15
0 0.994442 1 0.00555755 
20 16
0 0.988916 1 0.0110842 
20 17
0 0.994442 1 0.00555755 
20 18
0 0.988916 1 0.0110842 
20 19
0 0.994442 1 0.00555755 
20 21
0 0.994442 1 0.00555755 
20 22
0 0.994442 1 0.00555755 
20 23
0 0.994442 1 0.00555755 
20 24
0 0.994442 1 0.00555755 
20 25
0 0.994442 1 0.00555755 
20 26
0 0.994442 1 0.00555755 
20 27
0 0.994442 1 0.00555755 
20 28
0 0.994442 1 0.00555755 
21 0
0 0.994442 1 0.00555755 
21 1
0 0.994442 1 0.00555755 
21 2
0 0.994442 1 0.00555755 
21 3
0 0.994442 1 0.00555755 
21 4
0 0.988916 1 0.0110842 
21 5
0 0.994442 1 0.00555755 
21 6
0 0.994442 1 0.00555755 
21 7
0 0.994442 1 0.00555755 
21 8
0 0.988916 1 0.0110842 
21 9
0 0.994442 1 0.00555755 
21 10
0 0.994442 1 0.00555755 
21 11
0 0.994442 1 0.00555755 
21 12
0 0.994442 1 0.00555755 
21 13
0 0.994442 1 0.00555755 
21 14
0 0.994442 1 0.00555755 
21 15
0 0.994442 1 0.00555755 
21 16
0 0.988916 1 0.0110842 
21 17
0 0.994442 1 0.00555755 
21 18
0 0.988916 1 0.0110842 
21 19
0 0.994442 1 0.00555755 
21 20
0 0.994442 1 0.00555755 
21 22
0 0.994442 1 0.00555755 
21 23
0 0.994442 1 0.00555755 
21 24
0 0.994442 1 0.00555755 
21 25
0 0.994442 1 0.00555755 
21 26
0 0.994442 1 0.00555755 
21 27
0 0.994442 1 0.00555755 
21 28
0 0.994442 1 0.00555755 
22 0
0 0.994442 1 0.00555755 
22 1
0 0.994442 1 0.00555755 
22 2
0 0.994442 1 0.00555755 
22 3
0 0.994442 1 0.00555755 
22 4
0 0.988916 1 0.0110842 
22 5
0 0.994442 1 0.00555755 
22 6
0 0.994442 1 0.00555755 
22 7
0 0.994442 1 0.00555755 
22 8
0 0.988916 1 0.0110842 
22 9
0 0.994442 1 0.00555755 
22 10
0 0.994442 1 0.00555755 
22 11
0 0.994442 1 0.00555755 
22 12
0 0.994442 1 0.00555755 
22 13
0 0.994442 1 0.00555755 
22 14
0 0.994442 1 0.00555755 
22 15
0 0.994442 1 0.00555755 
22 16
0 0.988916 1 0.0110842 
22 17
0 0.994442 1 0.00555755 
22 18
0 0.988916 1 0.0110842 
22 19
0 0.994442 1 0.00555755 
22 20
0 0.994442 1 0.00555755 
22 21
0 0.994442 1 0.00555755 
22 23
0 0.994442 1 0.00555755 
22 24
0 0.994442 1 0.00555755 
22 25
0 0.994442 1 0.00555755 
22 26
0 0.994442 1 0.00555755 
22 27
0 0.994442 1 0.00555755 
22 28
0 0.994442 1 0.00555755 
23 0
0 0.994442 1 0.00555755 
23 1
0 0.994442 1 0.00555755 
23 2
0 0.994442 1 0.00555755 
23 3
0 0.994442 1 0.00555755 
23 4
0 0.988916 1 0.0110842 
23 5
0 0.994442 1 0.00555755 
23 6
0 0.994442 1 0.00555755 
23 7
0 0.994442 1 0.00555755 
23 8
0 0.988916 1 0.0110842 
23 9
0 0.994442 1 0.00555755 
23 10
0 0.994442 1 0.00555755 
23 11
0 0.994442 1 0.00555755 
23 12
0 0.994442 1 0.00555755 
23 13
0 0.994442 1 0.00555755 
23 14
0 0.994442 1 0.00555755 
23 15
0 0.994442 1 0.00555755 
23 16
0 0.988916 1 0.0110842 
23 17
0 0.994442 1 0.00555755 
23 18
0 0.988916 1 0.0110842 
23 19
0 0.994442 1 0.00555755 
23 20
0 0.994442 1 0.00555755 
23 21
0 0.994442 1 0.00555755 
23 22
0 0.994442 1 0.00555755 
23 24
0 0.994442 1 0.00555755 
23 25
0 0.994442 1 0.00555755 
23 26
0 0.994442 1 0.00555755 
23 27
0 0.994442 1 0.00555755 
23 28
0 0.994442 1 0.00555755 
24 0
0 0.994442 1 0.00555755 
24 1
0 0.994442 1 0.00555755 
24 2
0 0.994442 1 0.00555755 
24 3
0 0.994442 1 0.00555755 
24 4
0 0.988916 1 0.0110842 
24 5
0 0.994442 1 0.00555755 
24 6
0 0.994442 1 0.00555755 
24 7
0 0.994442 1 0.00555755 
24 8
0 0.988916 1 0.0110842 
24 9
0 0.994442 1 0.00555755 
24 10
0 0.994442 1 0.00555755 
24 11
0 0.994442 1 0.00555755 
24 12
0 0.994442 1 0.00555755 
24 13
0 0.994442 1 0.00555755 
24 14
0 0.994442 1 0.00555755 
24 15
0 0.994442 1 0.00555755 
24 16
0 0.988916 1 0.0110842 
24 17
0 0.994442 1 0.00555755 
24 18
0 0.988916 1 0.0110842 
24 19
0 0.994442 1 0.00555755 
24 20
0 0.994442 1 0.00555755 
24 21
0 0.994442 1 0.00555755 
24 22
0 0.994442 1 0.00555755 
24 23
0 0.994442 1 0.00555755 
24 25
0 0.994442 1 0.00555755 
24 26
0 0.994442 1 0.00555755 
24 27
0 0.994442 1 0.00555755 
24 28
0 0.994442 1 0.00555755 
25 0
0 0.994442 1 0.00555755 
25 1
0 0.994442 1 0.00555755 
25 2
0 0.994442 1 0.00555755 
25 3
0 0.994442 1 0.00555755 
25 4
0 0.988916 1 0.0110842 
25 5
0 0.994442 1 0.00555755 
25 6
0 0.994442 1 0.00555755 
25 7
0 0.994442 1 0.00555755 
25 8
0 0.988916 1 0.0110842 
25 9
0 0.994442 1 0.00555755 
25 10
0 0.994442 1 0.00555755 
25 11
0 0.994442 1 0.00555755 
25 12
0 0.994442 1 0.00555755 
25 13
0 0.994442 1 0.00555755 
25 14
0 0.994442 1 0.00555755 
25 15
0 0.994442 1 0.00555755 
25 16
0 0.988916 1 0.0110842 
25 17
0 0.994442 1 0.00555755 
25 18
0 0.988916 1 0.0110842 
25 19
0 0.994442 1 0.00555755 
25 20
0 0.994442 1 0.00555755 
25 21
0 0.994442 1 0.00555755 
25 22
0 0.994442 1 0.00555755 
25 23
0 0.994442 1 0.00555755 
25 24
0 0.994442 1 0.00555755 
25 26
0 0.994442 1 0.00555755 
25 27
0 0.994442 1 0.00555755 
25 28
0 0.994442 1 0.00555755 
26 0
0 0.994442 1 0.00555755 
26 1
0 0.994442 1 0.00555755 
26 2
0 0.994442 1 0.00555755 
26 3
0 0.994442 1 0.00555755 
26 4
0 0.988916 1 0.0110842 
26 5
0 0.994442 1 0.00555755 
26 6
0 0.994442 1 0.00555755 
26 7
0 0.994442 1 0.00555755 
26 8
0 0.988916 1 0.0110842 
26 9
0 0.994442 1 0.00555755 
26 10
0 0.994442 1 0.00555755 
26 11
0 0.994442 1 0.00555755 
26 12
0 0.994442 1 0.00555755 
26 13
0 0.994442 1 0.00555755 
26 14
0 0.994442 1 0.00555755 
26 15
0 0.994442 1 0.00555755 
26 16
0 0.988916 1 0.0110842 
26 17
0 0.994442 1 0.00555755 
26 18
0 0.988916 1 0.0110842 
26 19
0 0.994442 1 0.00555755 
26 20
0 0.994442 1 0.00555755 
26 21
0 0.994442 1 0.00555755 
26 22
0 0.994442 1 0.00555755 
26 23
0 0.994442 1 0.00555755 
26 24
0 0.994442 1 0.00555755 
26 25
0 0.994442 1 0.00555755 
26 27
0 0.994442 1 0.00555755 
26 28
0 0.994442 1 0.00555755 
27 0
0 0.994442 1 0.00555755 
27 1
0 0.994442 1 0.00555755 
27 2
0 0.994442 1 0.00555755 
27 3
0 0.994442 1 0.00555755 
27 4
0 0.988916 1 0.0110842 
27 5
0 0.994442 1 0.00555755 
27 6
0 0.994442 1 0.00555755 
27 7
0 0.994442 1 0.00555755 
27 8
0 0.988916 1 0.0110842 
27 9
0 0.994442 1 0.00555755 
27 10
0 0.994442 1 0.00555755 
27 11
0 0.994442 1 0.00555755 
27 12
0 0.994442 1 0.00555755 
27 13
0 0.994442 1 0.00555755 
27 14
0 0.994442 1 0.00555755 
27 15
0 0.994442 1 0.00555755 
27 16
0 0.988916 1 0.0110842 
27 17
0 0.994442 1 0.00555755 
27 18
0 0.988916 1 0.0110842 
27 19
0 0.994442 1 0.00555755 
27 20
0 0.994442 1 0.00555755 
27 21
0 0.994442 1 0.00555755 
27 22
0 0.994442 1 0.00555755 
27 23
0 0.994442 1 0.00555755 
27 24
0 0.994442 1 0.00555755 
27 25
0 0.994442 1 0.00555755 
27 26
0 0.994442 1 0.00555755 
27 28
0 0.994442 1 0.00555755 
28 0
0 0.994442 1 0.00555755 
28 1
0 0.994442 1 0.00555755 
28 2
0 0.994442 1 0.00555755 
28 3
0 0.994442 1 0.00555755 
28 4
0 0.988916 1 0.0110842 
28 5
0 0.994442 1 0.00555755 
28 6
0 0.994442 1 0.00555755 
28 7
0 0.994442 1 0.00555755 
28 8
0 0.988916 1 0.0110842 
28 9
0 0.994442 1 0.00555755 
28 10
0 0.994442 1 0.00555755 
28 11
0 0.994442 1 0.00555755 
28 12
0 0.994442 1 0.00555755 
28 13
0 0.994442 1 0.00555755 
28 14
0 0.994442 1 0.00555755 
28 15
0 0.994442 1 0.00555755 
28 16
0 0.988916 1 0.0110842 
28 17
0 0.994442 1 0.00555755 
28 18
0 0.988916 1 0.0110842 
28 19
0 0.994442 1 0.00555755 
28 20
0 0.994442 1 0.00555755 
28 21
0 0.994442 1 0.00555755 
28 22
0 0.994442 1 0.00555755 
28 23
0 0.994442 1 0.00555755 
28 24
0 0.994442 1 0.00555755 
28 25
0 0.994442 1 0.00555755 
28 26
0 0.994442 1 0.00555755 
28 27
0 0.994442 1 0.00555755 
