c 	berlin52_tsp_52_4_full_37_13_50_20_2652_0_0_0_100_5773035_0_0
c 	nn 52
c 	nm 4
c 	oComp 94
c 	ooProb 0.00323725
c 	coProb 0.00646402
c 	ooD 7.30323
c 	coD 2.48218
c 	ccD 9.78541
c 	totD 19.5708
c 	ooD/totD 0.373169
c 	coD/totD 0.126831
c 	ccD/totD 0.5
c 	ccEval 0.815451
c 	ooN 2256
c 	coN 384
c 	ccN 12
c 	totN 2652
c 	totN / nn(nn-1)=1
c 	 TYPE: TSPLIB
52
666 281 396 291 326 641 427 600 561 1041 655 975 1121 299 260 430 162 305 210 287 46 181 275 410 729 799 707 406 360 146 91 827 135 122 125 208 240 166 209 395 566 464 154 240 280 791 267 64 217 789 1220 
666 649 1047 945 978 45 956 1135 1133 1639 1259 1440 1516 958 724 495 595 843 564 392 636 510 922 1029 1192 1302 1244 635 390 541 730 1489 782 777 785 858 897 828 870 896 103 1124 745 823 859 1151 910 728 596 1422 1716 
281 649 604 509 543 611 308 486 487 1267 891 1248 1400 505 537 217 135 207 441 289 241 361 506 653 1006 1068 970 651 504 209 245 903 394 374 368 447 462 392 427 247 550 557 434 220 553 1072 505 288 463 995 1484 
396 1047 604 104 70 1026 525 611 534 663 294 711 897 100 384 800 532 475 501 681 437 538 125 109 516 527 417 580 690 541 371 517 267 275 271 190 155 230 188 545 950 245 307 411 231 660 137 345 478 397 909 
291 945 509 104 35 924 471 584 513 761 382 769 944 25 309 700 430 401 407 577 332 437 32 150 552 584 479 510 594 437 270 590 163 171 166 87 51 127 85 480 848 267 212 331 171 674 47 242 387 500 984 
326 978 543 70 35 957 492 596 523 726 349 744 923 40 329 735 466 428 435 612 368 469 57 124 533 559 452 528 624 472 305 568 197 206 201 121 86 162 120 504 881 260 241 360 182 662 71 277 414 465 955 
641 45 611 1026 924 957 918 1096 1096 1627 1245 1440 1522 935 714 451 562 807 552 362 609 491 901 1012 1190 1298 1237 637 386 512 701 1460 760 754 762 836 875 804 847 858 76 1095 727 789 844 1157 890 702 585 1405 1715 
427 956 308 525 471 492 918 183 180 1145 812 1234 1414 453 661 507 381 126 636 580 415 587 487 616 1023 1049 941 831 759 457 339 645 455 435 422 461 446 414 422 64 856 359 530 187 599 1136 495 383 644 860 1430 
600 1135 486 611 584 596 1096 183 83 1166 874 1317 1507 561 818 670 565 308 810 763 593 767 606 714 1126 1135 1024 998 940 640 510 570 607 589 575 596 572 558 555 239 1036 390 686 361 734 1257 618 551 815 883 1487 
561 1133 487 534 513 523 1096 180 83 1083 792 1237 1428 490 764 686 548 291 770 751 560 735 538 639 1050 1055 945 950 912 619 471 501 552 536 521 534 506 500 492 244 1032 308 632 329 670 1185 550 507 772 800 1404 
1041 1639 1267 663 761 726 1627 1145 1166 1083 387 443 620 762 915 1461 1190 1124 1076 1314 1086 1144 770 631 541 417 418 1042 1251 1187 1031 706 906 920 920 835 810 885 846 1180 1552 789 913 1068 787 705 775 1000 1043 285 399 
655 1259 891 294 382 349 1245 812 874 792 387 452 653 388 538 1078 807 769 694 927 700 758 388 245 335 283 182 688 875 800 651 584 520 535 536 451 430 503 465 836 1170 484 526 705 401 517 391 617 663 188 619 
975 1440 1248 711 769 744 1440 1234 1317 1237 443 452 206 784 759 1400 1137 1169 920 1195 1020 1008 760 620 254 185 294 805 1056 1104 1004 1010 854 874 881 807 804 863 836 1248 1371 931 822 1098 696 324 756 959 885 540 279 
1121 1516 1400 897 944 923 1522 1414 1507 1428 620 653 206 962 884 1534 1281 1341 1035 1313 1165 1127 931 799 396 374 484 887 1146 1239 1161 1216 1010 1031 1039 971 975 1026 1004 1423 1457 1125 966 1268 849 365 925 1114 1000 745 319 
299 958 505 100 25 40 935 453 561 490 762 388 784 962 332 700 432 388 425 586 339 451 56 164 571 599 492 533 612 443 270 569 176 181 175 103 61 133 90 464 860 242 231 320 196 696 72 246 406 497 995 
260 724 537 384 309 329 714 661 818 764 915 538 759 884 332 651 408 549 165 435 297 249 278 326 506 598 526 201 337 357 331 897 211 229 243 244 284 265 282 641 640 570 132 476 156 539 262 282 130 710 1023 
430 495 217 800 700 735 451 507 670 686 1461 1078 1400 1534 700 651 272 421 512 253 383 418 691 834 1149 1226 1136 707 492 296 430 1120 561 545 543 627 650 576 615 443 408 773 579 437 708 1188 687 462 544 1197 1649 
162 595 135 532 430 466 562 381 565 548 1190 807 1137 1281 432 408 272 258 306 205 116 229 420 563 890 960 867 517 385 80 163 903 290 273 271 356 380 305 345 330 493 541 315 228 441 946 416 190 329 929 1381 
305 843 207 475 401 428 807 126 308 291 1124 769 1169 1341 388 549 421 258 512 461 290 461 410 551 945 985 879 711 633 332 220 701 351 330 318 371 366 319 336 92 742 368 420 75 504 1045 415 267 522 843 1382 
210 564 441 501 407 435 552 636 810 770 1076 694 920 1035 425 165 512 306 512 279 224 94 378 467 666 762 691 210 189 236 300 990 257 262 275 323 366 314 348 601 477 638 194 450 295 680 365 264 35 859 1186 
287 392 289 681 577 612 362 580 763 751 1314 927 1195 1313 586 435 253 205 461 279 251 187 558 685 941 1031 952 459 242 150 340 1098 416 406 411 492 527 453 496 525 290 733 402 433 530 958 549 344 313 1072 1457 
46 636 241 437 332 368 609 415 593 560 1086 700 1020 1165 339 297 383 116 290 224 251 175 318 455 774 844 753 429 353 104 97 853 180 165 167 251 281 206 249 378 535 488 199 233 326 832 311 94 237 832 1266 
181 510 361 538 437 469 491 587 767 735 1144 758 1008 1127 451 249 418 229 461 94 187 175 412 522 754 846 770 296 179 152 267 1002 275 273 283 349 390 326 366 545 415 641 236 407 357 774 401 244 127 914 1271 
275 922 506 125 32 57 901 487 606 538 770 388 760 931 56 278 691 420 410 378 558 318 412 147 537 576 472 478 567 421 263 621 142 153 151 67 45 115 79 492 825 298 184 338 140 653 16 230 358 515 982 
410 1029 653 109 150 124 1012 616 714 639 631 245 620 799 164 326 834 563 551 467 685 455 522 147 412 435 329 509 654 556 409 606 275 290 292 207 191 261 226 628 936 354 286 481 173 551 148 373 439 393 835 
729 1192 1006 516 552 533 1190 1023 1126 1050 541 335 254 396 571 506 1149 890 945 666 941 774 754 537 412 126 159 559 805 853 766 917 614 635 644 576 580 630 609 1029 1120 756 575 872 454 186 531 719 631 496 525 
799 1302 1068 527 584 559 1298 1049 1135 1055 417 283 185 374 599 598 1226 960 985 762 1031 844 846 576 435 126 110 674 912 931 823 862 674 694 700 624 620 680 653 1063 1226 751 647 914 519 292 572 779 726 410 426 
707 1244 970 417 479 452 1237 941 1024 945 418 182 294 484 492 526 1136 867 879 691 952 753 770 472 329 159 110 630 853 844 725 767 579 598 603 524 517 580 550 956 1163 641 559 809 429 344 470 683 656 337 514 
406 635 651 580 510 528 637 831 998 950 1042 688 805 887 533 201 707 517 711 210 459 429 296 478 509 559 674 630 260 445 492 1096 402 416 431 444 484 459 481 802 571 771 322 644 349 523 462 448 191 871 1082 
360 390 504 690 594 624 386 759 940 912 1251 875 1056 1146 612 337 492 385 633 189 242 353 179 567 654 805 912 853 260 305 447 1173 439 441 453 509 552 494 532 713 315 816 383 583 481 782 553 423 215 1044 1330 
146 541 209 541 437 472 512 457 640 619 1187 800 1104 1239 443 357 296 80 332 236 150 104 152 421 556 853 931 844 445 305 190 948 281 268 271 354 386 310 353 409 439 583 285 293 416 896 414 198 262 936 1356 
91 730 245 371 270 305 701 339 510 471 1031 651 1004 1161 270 331 430 163 220 300 340 97 267 263 409 766 823 725 492 447 190 759 151 130 123 203 221 148 186 311 628 394 207 151 312 845 261 50 306 767 1238 
827 1489 903 517 590 568 1460 645 570 501 706 584 1010 1216 569 897 1120 903 701 990 1098 853 1002 621 606 917 862 767 1096 1173 948 759 734 732 720 669 625 679 642 704 1387 365 799 688 747 1095 636 764 974 475 1089 
135 782 394 267 163 197 760 455 607 552 906 520 854 1010 176 211 561 290 351 257 416 180 275 142 275 614 674 579 402 439 281 151 734 21 34 76 115 59 92 442 684 382 80 276 161 697 133 105 244 656 1093 
122 777 374 275 171 206 754 435 589 536 920 535 874 1031 181 229 545 273 330 262 406 165 273 153 290 635 694 598 416 441 268 130 732 21 15 86 121 53 93 421 678 376 96 256 182 718 146 85 252 668 1112 
125 785 368 271 166 201 762 422 575 521 920 536 881 1039 175 243 543 271 318 275 411 167 283 151 292 644 700 603 431 453 271 123 720 34 15 85 115 43 85 408 686 364 111 243 191 730 145 81 266 665 1116 
208 858 447 190 87 121 836 461 596 534 835 451 807 971 103 244 627 356 371 323 492 251 349 67 207 576 624 524 444 509 354 203 669 76 86 85 43 56 41 458 760 327 130 297 139 676 60 166 305 581 1036 
240 897 462 155 51 86 875 446 572 506 810 430 804 975 61 284 650 380 366 366 527 281 390 45 191 580 620 517 484 552 386 221 625 115 121 115 43 76 35 449 799 286 173 294 164 691 49 191 348 551 1026 
166 828 392 230 127 162 804 414 558 500 885 503 863 1026 133 265 576 305 319 314 453 206 326 115 261 630 680 580 459 494 310 148 679 59 53 43 56 76 43 407 729 324 136 244 186 726 113 115 302 626 1092 
209 870 427 188 85 120 847 422 555 492 846 465 836 1004 90 282 615 345 336 348 496 249 366 79 226 609 653 550 481 532 353 186 642 92 93 85 41 35 43 421 771 293 162 263 179 714 81 157 334 585 1060 
395 896 247 545 480 504 858 64 239 244 1180 836 1248 1423 464 641 443 330 92 601 525 378 545 492 628 1029 1063 956 802 713 409 311 704 442 421 408 458 449 407 421 796 402 512 166 593 1133 499 359 612 896 1453 
566 103 550 950 848 881 76 856 1036 1032 1552 1170 1371 1457 860 640 408 493 742 477 290 535 415 825 936 1120 1226 1163 571 315 439 628 1387 684 678 686 760 799 729 771 796 1022 651 721 769 1093 814 627 510 1329 1645 
464 1124 557 245 267 260 1095 359 390 308 789 484 931 1125 242 570 773 541 368 638 733 488 641 298 354 756 751 641 771 816 583 394 365 382 376 364 327 286 324 293 402 1022 455 337 437 904 313 400 626 504 1097 
154 745 434 307 212 241 727 530 686 632 913 526 822 966 231 132 579 315 420 194 402 199 236 184 286 575 647 559 322 383 285 207 799 80 96 111 130 173 136 162 512 651 455 347 131 640 170 157 175 678 1071 
240 823 220 411 331 360 789 187 361 329 1068 705 1098 1268 320 476 437 228 75 450 433 233 407 338 481 872 914 809 644 583 293 151 688 276 256 243 297 294 244 263 166 721 337 347 430 970 343 196 457 790 1315 
280 859 553 231 171 182 844 599 734 670 787 401 696 849 196 156 708 441 504 295 530 326 357 140 173 454 519 429 349 481 416 312 747 161 182 191 139 164 186 179 593 769 437 131 430 540 125 265 266 564 941 
791 1151 1072 660 674 662 1157 1136 1257 1185 705 517 324 365 696 539 1188 946 1045 680 958 832 774 653 551 186 292 344 523 782 896 845 1095 697 718 730 676 691 726 714 1133 1093 904 640 970 540 642 796 646 682 598 
267 910 505 137 47 71 890 495 618 550 775 391 756 925 72 262 687 416 415 365 549 311 401 16 148 531 572 470 462 553 414 261 636 133 146 145 60 49 113 81 499 814 313 170 343 125 642 225 343 523 980 
64 728 288 345 242 277 702 383 551 507 1000 617 959 1114 246 282 462 190 267 264 344 94 244 230 373 719 779 683 448 423 198 50 764 105 85 81 166 191 115 157 359 627 400 157 196 265 796 225 265 742 1197 
217 596 463 478 387 414 585 644 815 772 1043 663 885 1000 406 130 544 329 522 35 313 237 127 358 439 631 726 656 191 215 262 306 974 244 252 266 305 348 302 334 612 510 626 175 457 266 646 343 265 830 1151 
789 1422 995 397 500 465 1405 860 883 800 285 188 540 745 497 710 1197 929 843 859 1072 832 914 515 393 496 410 337 871 1044 936 767 475 656 668 665 581 551 626 585 896 1329 504 678 790 564 682 523 742 830 625 
1220 1716 1484 909 984 955 1715 1430 1487 1404 399 619 279 319 995 1023 1649 1381 1382 1186 1457 1266 1271 982 835 525 426 514 1082 1330 1356 1238 1089 1093 1112 1116 1036 1026 1092 1060 1453 1645 1097 1071 1315 941 598 980 1197 1151 625 
2652
0 1
0 0.996763 1 0.00323725 
0 2
0 0.996763 1 0.00323725 
0 3
0 0.996763 1 0.00323725 
0 4
0 0.996763 1 0.00323725 
0 5
0 0.996763 1 0.00323725 
0 6
0 0.996763 1 0.00323725 
0 7
0 0.996763 1 0.00323725 
0 8
0 0.996763 1 0.00323725 
0 9
0 0.996763 1 0.00323725 
0 10
0 0.996763 1 0.00323725 
0 11
0 0.996763 1 0.00323725 
0 12
0 0.993536 1 0.00646402 
0 13
0 0.996763 1 0.00323725 
0 14
0 0.996763 1 0.00323725 
0 15
0 0.996763 1 0.00323725 
0 16
0 0.996763 1 0.00323725 
0 17
0 0.996763 1 0.00323725 
0 18
0 0.996763 1 0.00323725 
0 19
0 0.996763 1 0.00323725 
0 20
0 0.993536 1 0.00646402 
0 21
0 0.996763 1 0.00323725 
0 22
0 0.996763 1 0.00323725 
0 23
0 0.996763 1 0.00323725 
0 24
0 0.996763 1 0.00323725 
0 25
0 0.996763 1 0.00323725 
0 26
0 0.996763 1 0.00323725 
0 27
0 0.996763 1 0.00323725 
0 28
0 0.996763 1 0.00323725 
0 29
0 0.996763 1 0.00323725 
0 30
0 0.996763 1 0.00323725 
0 31
0 0.996763 1 0.00323725 
0 32
0 0.996763 1 0.00323725 
0 33
0 0.993536 1 0.00646402 
0 34
0 0.996763 1 0.00323725 
0 35
0 0.996763 1 0.00323725 
0 36
0 0.996763 1 0.00323725 
0 37
0 0.996763 1 0.00323725 
0 38
0 0.996763 1 0.00323725 
0 39
0 0.996763 1 0.00323725 
0 40
0 0.996763 1 0.00323725 
0 41
0 0.996763 1 0.00323725 
0 42
0 0.996763 1 0.00323725 
0 43
0 0.996763 1 0.00323725 
0 44
0 0.996763 1 0.00323725 
0 45
0 0.996763 1 0.00323725 
0 46
0 0.996763 1 0.00323725 
0 47
0 0.996763 1 0.00323725 
0 48
0 0.996763 1 0.00323725 
0 49
0 0.996763 1 0.00323725 
0 50
0 0.993536 1 0.00646402 
0 51
0 0.996763 1 0.00323725 
1 0
0 0.996763 1 0.00323725 
1 2
0 0.996763 1 0.00323725 
1 3
0 0.996763 1 0.00323725 
1 4
0 0.996763 1 0.00323725 
1 5
0 0.996763 1 0.00323725 
1 6
0 0.996763 1 0.00323725 
1 7
0 0.996763 1 0.00323725 
1 8
0 0.996763 1 0.00323725 
1 9
0 0.996763 1 0.00323725 
1 10
0 0.996763 1 0.00323725 
1 11
0 0.996763 1 0.00323725 
1 12
0 0.993536 1 0.00646402 
1 13
0 0.996763 1 0.00323725 
1 14
0 0.996763 1 0.00323725 
1 15
0 0.996763 1 0.00323725 
1 16
0 0.996763 1 0.00323725 
1 17
0 0.996763 1 0.00323725 
1 18
0 0.996763 1 0.00323725 
1 19
0 0.996763 1 0.00323725 
1 20
0 0.993536 1 0.00646402 
1 21
0 0.996763 1 0.00323725 
1 22
0 0.996763 1 0.00323725 
1 23
0 0.996763 1 0.00323725 
1 24
0 0.996763 1 0.00323725 
1 25
0 0.996763 1 0.00323725 
1 26
0 0.996763 1 0.00323725 
1 27
0 0.996763 1 0.00323725 
1 28
0 0.996763 1 0.00323725 
1 29
0 0.996763 1 0.00323725 
1 30
0 0.996763 1 0.00323725 
1 31
0 0.996763 1 0.00323725 
1 32
0 0.996763 1 0.00323725 
1 33
0 0.993536 1 0.00646402 
1 34
0 0.996763 1 0.00323725 
1 35
0 0.996763 1 0.00323725 
1 36
0 0.996763 1 0.00323725 
1 37
0 0.996763 1 0.00323725 
1 38
0 0.996763 1 0.00323725 
1 39
0 0.996763 1 0.00323725 
1 40
0 0.996763 1 0.00323725 
1 41
0 0.996763 1 0.00323725 
1 42
0 0.996763 1 0.00323725 
1 43
0 0.996763 1 0.00323725 
1 44
0 0.996763 1 0.00323725 
1 45
0 0.996763 1 0.00323725 
1 46
0 0.996763 1 0.00323725 
1 47
0 0.996763 1 0.00323725 
1 48
0 0.996763 1 0.00323725 
1 49
0 0.996763 1 0.00323725 
1 50
0 0.993536 1 0.00646402 
1 51
0 0.996763 1 0.00323725 
2 0
0 0.996763 1 0.00323725 
2 1
0 0.996763 1 0.00323725 
2 3
0 0.996763 1 0.00323725 
2 4
0 0.996763 1 0.00323725 
2 5
0 0.996763 1 0.00323725 
2 6
0 0.996763 1 0.00323725 
2 7
0 0.996763 1 0.00323725 
2 8
0 0.996763 1 0.00323725 
2 9
0 0.996763 1 0.00323725 
2 10
0 0.996763 1 0.00323725 
2 11
0 0.996763 1 0.00323725 
2 12
0 0.993536 1 0.00646402 
2 13
0 0.996763 1 0.00323725 
2 14
0 0.996763 1 0.00323725 
2 15
0 0.996763 1 0.00323725 
2 16
0 0.996763 1 0.00323725 
2 17
0 0.996763 1 0.00323725 
2 18
0 0.996763 1 0.00323725 
2 19
0 0.996763 1 0.00323725 
2 20
0 0.993536 1 0.00646402 
2 21
0 0.996763 1 0.00323725 
2 22
0 0.996763 1 0.00323725 
2 23
0 0.996763 1 0.00323725 
2 24
0 0.996763 1 0.00323725 
2 25
0 0.996763 1 0.00323725 
2 26
0 0.996763 1 0.00323725 
2 27
0 0.996763 1 0.00323725 
2 28
0 0.996763 1 0.00323725 
2 29
0 0.996763 1 0.00323725 
2 30
0 0.996763 1 0.00323725 
2 31
0 0.996763 1 0.00323725 
2 32
0 0.996763 1 0.00323725 
2 33
0 0.993536 1 0.00646402 
2 34
0 0.996763 1 0.00323725 
2 35
0 0.996763 1 0.00323725 
2 36
0 0.996763 1 0.00323725 
2 37
0 0.996763 1 0.00323725 
2 38
0 0.996763 1 0.00323725 
2 39
0 0.996763 1 0.00323725 
2 40
0 0.996763 1 0.00323725 
2 41
0 0.996763 1 0.00323725 
2 42
0 0.996763 1 0.00323725 
2 43
0 0.996763 1 0.00323725 
2 44
0 0.996763 1 0.00323725 
2 45
0 0.996763 1 0.00323725 
2 46
0 0.996763 1 0.00323725 
2 47
0 0.996763 1 0.00323725 
2 48
0 0.996763 1 0.00323725 
2 49
0 0.996763 1 0.00323725 
2 50
0 0.993536 1 0.00646402 
2 51
0 0.996763 1 0.00323725 
3 0
0 0.996763 1 0.00323725 
3 1
0 0.996763 1 0.00323725 
3 2
0 0.996763 1 0.00323725 
3 4
0 0.996763 1 0.00323725 
3 5
0 0.996763 1 0.00323725 
3 6
0 0.996763 1 0.00323725 
3 7
0 0.996763 1 0.00323725 
3 8
0 0.996763 1 0.00323725 
3 9
0 0.996763 1 0.00323725 
3 10
0 0.996763 1 0.00323725 
3 11
0 0.996763 1 0.00323725 
3 12
0 0.993536 1 0.00646402 
3 13
0 0.996763 1 0.00323725 
3 14
0 0.996763 1 0.00323725 
3 15
0 0.996763 1 0.00323725 
3 16
0 0.996763 1 0.00323725 
3 17
0 0.996763 1 0.00323725 
3 18
0 0.996763 1 0.00323725 
3 19
0 0.996763 1 0.00323725 
3 20
0 0.993536 1 0.00646402 
3 21
0 0.996763 1 0.00323725 
3 22
0 0.996763 1 0.00323725 
3 23
0 0.996763 1 0.00323725 
3 24
0 0.996763 1 0.00323725 
3 25
0 0.996763 1 0.00323725 
3 26
0 0.996763 1 0.00323725 
3 27
0 0.996763 1 0.00323725 
3 28
0 0.996763 1 0.00323725 
3 29
0 0.996763 1 0.00323725 
3 30
0 0.996763 1 0.00323725 
3 31
0 0.996763 1 0.00323725 
3 32
0 0.996763 1 0.00323725 
3 33
0 0.993536 1 0.00646402 
3 34
0 0.996763 1 0.00323725 
3 35
0 0.996763 1 0.00323725 
3 36
0 0.996763 1 0.00323725 
3 37
0 0.996763 1 0.00323725 
3 38
0 0.996763 1 0.00323725 
3 39
0 0.996763 1 0.00323725 
3 40
0 0.996763 1 0.00323725 
3 41
0 0.996763 1 0.00323725 
3 42
0 0.996763 1 0.00323725 
3 43
0 0.996763 1 0.00323725 
3 44
0 0.996763 1 0.00323725 
3 45
0 0.996763 1 0.00323725 
3 46
0 0.996763 1 0.00323725 
3 47
0 0.996763 1 0.00323725 
3 48
0 0.996763 1 0.00323725 
3 49
0 0.996763 1 0.00323725 
3 50
0 0.993536 1 0.00646402 
3 51
0 0.996763 1 0.00323725 
4 0
0 0.996763 1 0.00323725 
4 1
0 0.996763 1 0.00323725 
4 2
0 0.996763 1 0.00323725 
4 3
0 0.996763 1 0.00323725 
4 5
0 0.996763 1 0.00323725 
4 6
0 0.996763 1 0.00323725 
4 7
0 0.996763 1 0.00323725 
4 8
0 0.996763 1 0.00323725 
4 9
0 0.996763 1 0.00323725 
4 10
0 0.996763 1 0.00323725 
4 11
0 0.996763 1 0.00323725 
4 12
0 0.993536 1 0.00646402 
4 13
0 0.996763 1 0.00323725 
4 14
0 0.996763 1 0.00323725 
4 15
0 0.996763 1 0.00323725 
4 16
0 0.996763 1 0.00323725 
4 17
0 0.996763 1 0.00323725 
4 18
0 0.996763 1 0.00323725 
4 19
0 0.996763 1 0.00323725 
4 20
0 0.993536 1 0.00646402 
4 21
0 0.996763 1 0.00323725 
4 22
0 0.996763 1 0.00323725 
4 23
0 0.996763 1 0.00323725 
4 24
0 0.996763 1 0.00323725 
4 25
0 0.996763 1 0.00323725 
4 26
0 0.996763 1 0.00323725 
4 27
0 0.996763 1 0.00323725 
4 28
0 0.996763 1 0.00323725 
4 29
0 0.996763 1 0.00323725 
4 30
0 0.996763 1 0.00323725 
4 31
0 0.996763 1 0.00323725 
4 32
0 0.996763 1 0.00323725 
4 33
0 0.993536 1 0.00646402 
4 34
0 0.996763 1 0.00323725 
4 35
0 0.996763 1 0.00323725 
4 36
0 0.996763 1 0.00323725 
4 37
0 0.996763 1 0.00323725 
4 38
0 0.996763 1 0.00323725 
4 39
0 0.996763 1 0.00323725 
4 40
0 0.996763 1 0.00323725 
4 41
0 0.996763 1 0.00323725 
4 42
0 0.996763 1 0.00323725 
4 43
0 0.996763 1 0.00323725 
4 44
0 0.996763 1 0.00323725 
4 45
0 0.996763 1 0.00323725 
4 46
0 0.996763 1 0.00323725 
4 47
0 0.996763 1 0.00323725 
4 48
0 0.996763 1 0.00323725 
4 49
0 0.996763 1 0.00323725 
4 50
0 0.993536 1 0.00646402 
4 51
0 0.996763 1 0.00323725 
5 0
0 0.996763 1 0.00323725 
5 1
0 0.996763 1 0.00323725 
5 2
0 0.996763 1 0.00323725 
5 3
0 0.996763 1 0.00323725 
5 4
0 0.996763 1 0.00323725 
5 6
0 0.996763 1 0.00323725 
5 7
0 0.996763 1 0.00323725 
5 8
0 0.996763 1 0.00323725 
5 9
0 0.996763 1 0.00323725 
5 10
0 0.996763 1 0.00323725 
5 11
0 0.996763 1 0.00323725 
5 12
0 0.993536 1 0.00646402 
5 13
0 0.996763 1 0.00323725 
5 14
0 0.996763 1 0.00323725 
5 15
0 0.996763 1 0.00323725 
5 16
0 0.996763 1 0.00323725 
5 17
0 0.996763 1 0.00323725 
5 18
0 0.996763 1 0.00323725 
5 19
0 0.996763 1 0.00323725 
5 20
0 0.993536 1 0.00646402 
5 21
0 0.996763 1 0.00323725 
5 22
0 0.996763 1 0.00323725 
5 23
0 0.996763 1 0.00323725 
5 24
0 0.996763 1 0.00323725 
5 25
0 0.996763 1 0.00323725 
5 26
0 0.996763 1 0.00323725 
5 27
0 0.996763 1 0.00323725 
5 28
0 0.996763 1 0.00323725 
5 29
0 0.996763 1 0.00323725 
5 30
0 0.996763 1 0.00323725 
5 31
0 0.996763 1 0.00323725 
5 32
0 0.996763 1 0.00323725 
5 33
0 0.993536 1 0.00646402 
5 34
0 0.996763 1 0.00323725 
5 35
0 0.996763 1 0.00323725 
5 36
0 0.996763 1 0.00323725 
5 37
0 0.996763 1 0.00323725 
5 38
0 0.996763 1 0.00323725 
5 39
0 0.996763 1 0.00323725 
5 40
0 0.996763 1 0.00323725 
5 41
0 0.996763 1 0.00323725 
5 42
0 0.996763 1 0.00323725 
5 43
0 0.996763 1 0.00323725 
5 44
0 0.996763 1 0.00323725 
5 45
0 0.996763 1 0.00323725 
5 46
0 0.996763 1 0.00323725 
5 47
0 0.996763 1 0.00323725 
5 48
0 0.996763 1 0.00323725 
5 49
0 0.996763 1 0.00323725 
5 50
0 0.993536 1 0.00646402 
5 51
0 0.996763 1 0.00323725 
6 0
0 0.996763 1 0.00323725 
6 1
0 0.996763 1 0.00323725 
6 2
0 0.996763 1 0.00323725 
6 3
0 0.996763 1 0.00323725 
6 4
0 0.996763 1 0.00323725 
6 5
0 0.996763 1 0.00323725 
6 7
0 0.996763 1 0.00323725 
6 8
0 0.996763 1 0.00323725 
6 9
0 0.996763 1 0.00323725 
6 10
0 0.996763 1 0.00323725 
6 11
0 0.996763 1 0.00323725 
6 12
0 0.993536 1 0.00646402 
6 13
0 0.996763 1 0.00323725 
6 14
0 0.996763 1 0.00323725 
6 15
0 0.996763 1 0.00323725 
6 16
0 0.996763 1 0.00323725 
6 17
0 0.996763 1 0.00323725 
6 18
0 0.996763 1 0.00323725 
6 19
0 0.996763 1 0.00323725 
6 20
0 0.993536 1 0.00646402 
6 21
0 0.996763 1 0.00323725 
6 22
0 0.996763 1 0.00323725 
6 23
0 0.996763 1 0.00323725 
6 24
0 0.996763 1 0.00323725 
6 25
0 0.996763 1 0.00323725 
6 26
0 0.996763 1 0.00323725 
6 27
0 0.996763 1 0.00323725 
6 28
0 0.996763 1 0.00323725 
6 29
0 0.996763 1 0.00323725 
6 30
0 0.996763 1 0.00323725 
6 31
0 0.996763 1 0.00323725 
6 32
0 0.996763 1 0.00323725 
6 33
0 0.993536 1 0.00646402 
6 34
0 0.996763 1 0.00323725 
6 35
0 0.996763 1 0.00323725 
6 36
0 0.996763 1 0.00323725 
6 37
0 0.996763 1 0.00323725 
6 38
0 0.996763 1 0.00323725 
6 39
0 0.996763 1 0.00323725 
6 40
0 0.996763 1 0.00323725 
6 41
0 0.996763 1 0.00323725 
6 42
0 0.996763 1 0.00323725 
6 43
0 0.996763 1 0.00323725 
6 44
0 0.996763 1 0.00323725 
6 45
0 0.996763 1 0.00323725 
6 46
0 0.996763 1 0.00323725 
6 47
0 0.996763 1 0.00323725 
6 48
0 0.996763 1 0.00323725 
6 49
0 0.996763 1 0.00323725 
6 50
0 0.993536 1 0.00646402 
6 51
0 0.996763 1 0.00323725 
7 0
0 0.996763 1 0.00323725 
7 1
0 0.996763 1 0.00323725 
7 2
0 0.996763 1 0.00323725 
7 3
0 0.996763 1 0.00323725 
7 4
0 0.996763 1 0.00323725 
7 5
0 0.996763 1 0.00323725 
7 6
0 0.996763 1 0.00323725 
7 8
0 0.996763 1 0.00323725 
7 9
0 0.996763 1 0.00323725 
7 10
0 0.996763 1 0.00323725 
7 11
0 0.996763 1 0.00323725 
7 12
0 0.993536 1 0.00646402 
7 13
0 0.996763 1 0.00323725 
7 14
0 0.996763 1 0.00323725 
7 15
0 0.996763 1 0.00323725 
7 16
0 0.996763 1 0.00323725 
7 17
0 0.996763 1 0.00323725 
7 18
0 0.996763 1 0.00323725 
7 19
0 0.996763 1 0.00323725 
7 20
0 0.993536 1 0.00646402 
7 21
0 0.996763 1 0.00323725 
7 22
0 0.996763 1 0.00323725 
7 23
0 0.996763 1 0.00323725 
7 24
0 0.996763 1 0.00323725 
7 25
0 0.996763 1 0.00323725 
7 26
0 0.996763 1 0.00323725 
7 27
0 0.996763 1 0.00323725 
7 28
0 0.996763 1 0.00323725 
7 29
0 0.996763 1 0.00323725 
7 30
0 0.996763 1 0.00323725 
7 31
0 0.996763 1 0.00323725 
7 32
0 0.996763 1 0.00323725 
7 33
0 0.993536 1 0.00646402 
7 34
0 0.996763 1 0.00323725 
7 35
0 0.996763 1 0.00323725 
7 36
0 0.996763 1 0.00323725 
7 37
0 0.996763 1 0.00323725 
7 38
0 0.996763 1 0.00323725 
7 39
0 0.996763 1 0.00323725 
7 40
0 0.996763 1 0.00323725 
7 41
0 0.996763 1 0.00323725 
7 42
0 0.996763 1 0.00323725 
7 43
0 0.996763 1 0.00323725 
7 44
0 0.996763 1 0.00323725 
7 45
0 0.996763 1 0.00323725 
7 46
0 0.996763 1 0.00323725 
7 47
0 0.996763 1 0.00323725 
7 48
0 0.996763 1 0.00323725 
7 49
0 0.996763 1 0.00323725 
7 50
0 0.993536 1 0.00646402 
7 51
0 0.996763 1 0.00323725 
8 0
0 0.996763 1 0.00323725 
8 1
0 0.996763 1 0.00323725 
8 2
0 0.996763 1 0.00323725 
8 3
0 0.996763 1 0.00323725 
8 4
0 0.996763 1 0.00323725 
8 5
0 0.996763 1 0.00323725 
8 6
0 0.996763 1 0.00323725 
8 7
0 0.996763 1 0.00323725 
8 9
0 0.996763 1 0.00323725 
8 10
0 0.996763 1 0.00323725 
8 11
0 0.996763 1 0.00323725 
8 12
0 0.993536 1 0.00646402 
8 13
0 0.996763 1 0.00323725 
8 14
0 0.996763 1 0.00323725 
8 15
0 0.996763 1 0.00323725 
8 16
0 0.996763 1 0.00323725 
8 17
0 0.996763 1 0.00323725 
8 18
0 0.996763 1 0.00323725 
8 19
0 0.996763 1 0.00323725 
8 20
0 0.993536 1 0.00646402 
8 21
0 0.996763 1 0.00323725 
8 22
0 0.996763 1 0.00323725 
8 23
0 0.996763 1 0.00323725 
8 24
0 0.996763 1 0.00323725 
8 25
0 0.996763 1 0.00323725 
8 26
0 0.996763 1 0.00323725 
8 27
0 0.996763 1 0.00323725 
8 28
0 0.996763 1 0.00323725 
8 29
0 0.996763 1 0.00323725 
8 30
0 0.996763 1 0.00323725 
8 31
0 0.996763 1 0.00323725 
8 32
0 0.996763 1 0.00323725 
8 33
0 0.993536 1 0.00646402 
8 34
0 0.996763 1 0.00323725 
8 35
0 0.996763 1 0.00323725 
8 36
0 0.996763 1 0.00323725 
8 37
0 0.996763 1 0.00323725 
8 38
0 0.996763 1 0.00323725 
8 39
0 0.996763 1 0.00323725 
8 40
0 0.996763 1 0.00323725 
8 41
0 0.996763 1 0.00323725 
8 42
0 0.996763 1 0.00323725 
8 43
0 0.996763 1 0.00323725 
8 44
0 0.996763 1 0.00323725 
8 45
0 0.996763 1 0.00323725 
8 46
0 0.996763 1 0.00323725 
8 47
0 0.996763 1 0.00323725 
8 48
0 0.996763 1 0.00323725 
8 49
0 0.996763 1 0.00323725 
8 50
0 0.993536 1 0.00646402 
8 51
0 0.996763 1 0.00323725 
9 0
0 0.996763 1 0.00323725 
9 1
0 0.996763 1 0.00323725 
9 2
0 0.996763 1 0.00323725 
9 3
0 0.996763 1 0.00323725 
9 4
0 0.996763 1 0.00323725 
9 5
0 0.996763 1 0.00323725 
9 6
0 0.996763 1 0.00323725 
9 7
0 0.996763 1 0.00323725 
9 8
0 0.996763 1 0.00323725 
9 10
0 0.996763 1 0.00323725 
9 11
0 0.996763 1 0.00323725 
9 12
0 0.993536 1 0.00646402 
9 13
0 0.996763 1 0.00323725 
9 14
0 0.996763 1 0.00323725 
9 15
0 0.996763 1 0.00323725 
9 16
0 0.996763 1 0.00323725 
9 17
0 0.996763 1 0.00323725 
9 18
0 0.996763 1 0.00323725 
9 19
0 0.996763 1 0.00323725 
9 20
0 0.993536 1 0.00646402 
9 21
0 0.996763 1 0.00323725 
9 22
0 0.996763 1 0.00323725 
9 23
0 0.996763 1 0.00323725 
9 24
0 0.996763 1 0.00323725 
9 25
0 0.996763 1 0.00323725 
9 26
0 0.996763 1 0.00323725 
9 27
0 0.996763 1 0.00323725 
9 28
0 0.996763 1 0.00323725 
9 29
0 0.996763 1 0.00323725 
9 30
0 0.996763 1 0.00323725 
9 31
0 0.996763 1 0.00323725 
9 32
0 0.996763 1 0.00323725 
9 33
0 0.993536 1 0.00646402 
9 34
0 0.996763 1 0.00323725 
9 35
0 0.996763 1 0.00323725 
9 36
0 0.996763 1 0.00323725 
9 37
0 0.996763 1 0.00323725 
9 38
0 0.996763 1 0.00323725 
9 39
0 0.996763 1 0.00323725 
9 40
0 0.996763 1 0.00323725 
9 41
0 0.996763 1 0.00323725 
9 42
0 0.996763 1 0.00323725 
9 43
0 0.996763 1 0.00323725 
9 44
0 0.996763 1 0.00323725 
9 45
0 0.996763 1 0.00323725 
9 46
0 0.996763 1 0.00323725 
9 47
0 0.996763 1 0.00323725 
9 48
0 0.996763 1 0.00323725 
9 49
0 0.996763 1 0.00323725 
9 50
0 0.993536 1 0.00646402 
9 51
0 0.996763 1 0.00323725 
10 0
0 0.996763 1 0.00323725 
10 1
0 0.996763 1 0.00323725 
10 2
0 0.996763 1 0.00323725 
10 3
0 0.996763 1 0.00323725 
10 4
0 0.996763 1 0.00323725 
10 5
0 0.996763 1 0.00323725 
10 6
0 0.996763 1 0.00323725 
10 7
0 0.996763 1 0.00323725 
10 8
0 0.996763 1 0.00323725 
10 9
0 0.996763 1 0.00323725 
10 11
0 0.996763 1 0.00323725 
10 12
0 0.993536 1 0.00646402 
10 13
0 0.996763 1 0.00323725 
10 14
0 0.996763 1 0.00323725 
10 15
0 0.996763 1 0.00323725 
10 16
0 0.996763 1 0.00323725 
10 17
0 0.996763 1 0.00323725 
10 18
0 0.996763 1 0.00323725 
10 19
0 0.996763 1 0.00323725 
10 20
0 0.993536 1 0.00646402 
10 21
0 0.996763 1 0.00323725 
10 22
0 0.996763 1 0.00323725 
10 23
0 0.996763 1 0.00323725 
10 24
0 0.996763 1 0.00323725 
10 25
0 0.996763 1 0.00323725 
10 26
0 0.996763 1 0.00323725 
10 27
0 0.996763 1 0.00323725 
10 28
0 0.996763 1 0.00323725 
10 29
0 0.996763 1 0.00323725 
10 30
0 0.996763 1 0.00323725 
10 31
0 0.996763 1 0.00323725 
10 32
0 0.996763 1 0.00323725 
10 33
0 0.993536 1 0.00646402 
10 34
0 0.996763 1 0.00323725 
10 35
0 0.996763 1 0.00323725 
10 36
0 0.996763 1 0.00323725 
10 37
0 0.996763 1 0.00323725 
10 38
0 0.996763 1 0.00323725 
10 39
0 0.996763 1 0.00323725 
10 40
0 0.996763 1 0.00323725 
10 41
0 0.996763 1 0.00323725 
10 42
0 0.996763 1 0.00323725 
10 43
0 0.996763 1 0.00323725 
10 44
0 0.996763 1 0.00323725 
10 45
0 0.996763 1 0.00323725 
10 46
0 0.996763 1 0.00323725 
10 47
0 0.996763 1 0.00323725 
10 48
0 0.996763 1 0.00323725 
10 49
0 0.996763 1 0.00323725 
10 50
0 0.993536 1 0.00646402 
10 51
0 0.996763 1 0.00323725 
11 0
0 0.996763 1 0.00323725 
11 1
0 0.996763 1 0.00323725 
11 2
0 0.996763 1 0.00323725 
11 3
0 0.996763 1 0.00323725 
11 4
0 0.996763 1 0.00323725 
11 5
0 0.996763 1 0.00323725 
11 6
0 0.996763 1 0.00323725 
11 7
0 0.996763 1 0.00323725 
11 8
0 0.996763 1 0.00323725 
11 9
0 0.996763 1 0.00323725 
11 10
0 0.996763 1 0.00323725 
11 12
0 0.993536 1 0.00646402 
11 13
0 0.996763 1 0.00323725 
11 14
0 0.996763 1 0.00323725 
11 15
0 0.996763 1 0.00323725 
11 16
0 0.996763 1 0.00323725 
11 17
0 0.996763 1 0.00323725 
11 18
0 0.996763 1 0.00323725 
11 19
0 0.996763 1 0.00323725 
11 20
0 0.993536 1 0.00646402 
11 21
0 0.996763 1 0.00323725 
11 22
0 0.996763 1 0.00323725 
11 23
0 0.996763 1 0.00323725 
11 24
0 0.996763 1 0.00323725 
11 25
0 0.996763 1 0.00323725 
11 26
0 0.996763 1 0.00323725 
11 27
0 0.996763 1 0.00323725 
11 28
0 0.996763 1 0.00323725 
11 29
0 0.996763 1 0.00323725 
11 30
0 0.996763 1 0.00323725 
11 31
0 0.996763 1 0.00323725 
11 32
0 0.996763 1 0.00323725 
11 33
0 0.993536 1 0.00646402 
11 34
0 0.996763 1 0.00323725 
11 35
0 0.996763 1 0.00323725 
11 36
0 0.996763 1 0.00323725 
11 37
0 0.996763 1 0.00323725 
11 38
0 0.996763 1 0.00323725 
11 39
0 0.996763 1 0.00323725 
11 40
0 0.996763 1 0.00323725 
11 41
0 0.996763 1 0.00323725 
11 42
0 0.996763 1 0.00323725 
11 43
0 0.996763 1 0.00323725 
11 44
0 0.996763 1 0.00323725 
11 45
0 0.996763 1 0.00323725 
11 46
0 0.996763 1 0.00323725 
11 47
0 0.996763 1 0.00323725 
11 48
0 0.996763 1 0.00323725 
11 49
0 0.996763 1 0.00323725 
11 50
0 0.993536 1 0.00646402 
11 51
0 0.996763 1 0.00323725 
12 0
0 0.993536 1 0.00646402 
12 1
0 0.993536 1 0.00646402 
12 2
0 0.993536 1 0.00646402 
12 3
0 0.993536 1 0.00646402 
12 4
0 0.993536 1 0.00646402 
12 5
0 0.993536 1 0.00646402 
12 6
0 0.993536 1 0.00646402 
12 7
0 0.993536 1 0.00646402 
12 8
0 0.993536 1 0.00646402 
12 9
0 0.993536 1 0.00646402 
12 10
0 0.993536 1 0.00646402 
12 11
0 0.993536 1 0.00646402 
12 13
0 0.993536 1 0.00646402 
12 14
0 0.993536 1 0.00646402 
12 15
0 0.993536 1 0.00646402 
12 16
0 0.993536 1 0.00646402 
12 17
0 0.993536 1 0.00646402 
12 18
0 0.993536 1 0.00646402 
12 19
0 0.993536 1 0.00646402 
12 20
0 0.342274 1 0.5 2 0.157726 
12 21
0 0.993536 1 0.00646402 
12 22
0 0.993536 1 0.00646402 
12 23
0 0.993536 1 0.00646402 
12 24
0 0.993536 1 0.00646402 
12 25
0 0.993536 1 0.00646402 
12 26
0 0.993536 1 0.00646402 
12 27
0 0.993536 1 0.00646402 
12 28
0 0.993536 1 0.00646402 
12 29
0 0.993536 1 0.00646402 
12 30
0 0.993536 1 0.00646402 
12 31
0 0.993536 1 0.00646402 
12 32
0 0.993536 1 0.00646402 
12 33
0 0.342274 1 0.5 2 0.157726 
12 34
0 0.993536 1 0.00646402 
12 35
0 0.993536 1 0.00646402 
12 36
0 0.993536 1 0.00646402 
12 37
0 0.993536 1 0.00646402 
12 38
0 0.993536 1 0.00646402 
12 39
0 0.993536 1 0.00646402 
12 40
0 0.993536 1 0.00646402 
12 41
0 0.993536 1 0.00646402 
12 42
0 0.993536 1 0.00646402 
12 43
0 0.993536 1 0.00646402 
12 44
0 0.993536 1 0.00646402 
12 45
0 0.993536 1 0.00646402 
12 46
0 0.993536 1 0.00646402 
12 47
0 0.993536 1 0.00646402 
12 48
0 0.993536 1 0.00646402 
12 49
0 0.993536 1 0.00646402 
12 50
0 0.342274 1 0.5 2 0.157726 
12 51
0 0.993536 1 0.00646402 
13 0
0 0.996763 1 0.00323725 
13 1
0 0.996763 1 0.00323725 
13 2
0 0.996763 1 0.00323725 
13 3
0 0.996763 1 0.00323725 
13 4
0 0.996763 1 0.00323725 
13 5
0 0.996763 1 0.00323725 
13 6
0 0.996763 1 0.00323725 
13 7
0 0.996763 1 0.00323725 
13 8
0 0.996763 1 0.00323725 
13 9
0 0.996763 1 0.00323725 
13 10
0 0.996763 1 0.00323725 
13 11
0 0.996763 1 0.00323725 
13 12
0 0.993536 1 0.00646402 
13 14
0 0.996763 1 0.00323725 
13 15
0 0.996763 1 0.00323725 
13 16
0 0.996763 1 0.00323725 
13 17
0 0.996763 1 0.00323725 
13 18
0 0.996763 1 0.00323725 
13 19
0 0.996763 1 0.00323725 
13 20
0 0.993536 1 0.00646402 
13 21
0 0.996763 1 0.00323725 
13 22
0 0.996763 1 0.00323725 
13 23
0 0.996763 1 0.00323725 
13 24
0 0.996763 1 0.00323725 
13 25
0 0.996763 1 0.00323725 
13 26
0 0.996763 1 0.00323725 
13 27
0 0.996763 1 0.00323725 
13 28
0 0.996763 1 0.00323725 
13 29
0 0.996763 1 0.00323725 
13 30
0 0.996763 1 0.00323725 
13 31
0 0.996763 1 0.00323725 
13 32
0 0.996763 1 0.00323725 
13 33
0 0.993536 1 0.00646402 
13 34
0 0.996763 1 0.00323725 
13 35
0 0.996763 1 0.00323725 
13 36
0 0.996763 1 0.00323725 
13 37
0 0.996763 1 0.00323725 
13 38
0 0.996763 1 0.00323725 
13 39
0 0.996763 1 0.00323725 
13 40
0 0.996763 1 0.00323725 
13 41
0 0.996763 1 0.00323725 
13 42
0 0.996763 1 0.00323725 
13 43
0 0.996763 1 0.00323725 
13 44
0 0.996763 1 0.00323725 
13 45
0 0.996763 1 0.00323725 
13 46
0 0.996763 1 0.00323725 
13 47
0 0.996763 1 0.00323725 
13 48
0 0.996763 1 0.00323725 
13 49
0 0.996763 1 0.00323725 
13 50
0 0.993536 1 0.00646402 
13 51
0 0.996763 1 0.00323725 
14 0
0 0.996763 1 0.00323725 
14 1
0 0.996763 1 0.00323725 
14 2
0 0.996763 1 0.00323725 
14 3
0 0.996763 1 0.00323725 
14 4
0 0.996763 1 0.00323725 
14 5
0 0.996763 1 0.00323725 
14 6
0 0.996763 1 0.00323725 
14 7
0 0.996763 1 0.00323725 
14 8
0 0.996763 1 0.00323725 
14 9
0 0.996763 1 0.00323725 
14 10
0 0.996763 1 0.00323725 
14 11
0 0.996763 1 0.00323725 
14 12
0 0.993536 1 0.00646402 
14 13
0 0.996763 1 0.00323725 
14 15
0 0.996763 1 0.00323725 
14 16
0 0.996763 1 0.00323725 
14 17
0 0.996763 1 0.00323725 
14 18
0 0.996763 1 0.00323725 
14 19
0 0.996763 1 0.00323725 
14 20
0 0.993536 1 0.00646402 
14 21
0 0.996763 1 0.00323725 
14 22
0 0.996763 1 0.00323725 
14 23
0 0.996763 1 0.00323725 
14 24
0 0.996763 1 0.00323725 
14 25
0 0.996763 1 0.00323725 
14 26
0 0.996763 1 0.00323725 
14 27
0 0.996763 1 0.00323725 
14 28
0 0.996763 1 0.00323725 
14 29
0 0.996763 1 0.00323725 
14 30
0 0.996763 1 0.00323725 
14 31
0 0.996763 1 0.00323725 
14 32
0 0.996763 1 0.00323725 
14 33
0 0.993536 1 0.00646402 
14 34
0 0.996763 1 0.00323725 
14 35
0 0.996763 1 0.00323725 
14 36
0 0.996763 1 0.00323725 
14 37
0 0.996763 1 0.00323725 
14 38
0 0.996763 1 0.00323725 
14 39
0 0.996763 1 0.00323725 
14 40
0 0.996763 1 0.00323725 
14 41
0 0.996763 1 0.00323725 
14 42
0 0.996763 1 0.00323725 
14 43
0 0.996763 1 0.00323725 
14 44
0 0.996763 1 0.00323725 
14 45
0 0.996763 1 0.00323725 
14 46
0 0.996763 1 0.00323725 
14 47
0 0.996763 1 0.00323725 
14 48
0 0.996763 1 0.00323725 
14 49
0 0.996763 1 0.00323725 
14 50
0 0.993536 1 0.00646402 
14 51
0 0.996763 1 0.00323725 
15 0
0 0.996763 1 0.00323725 
15 1
0 0.996763 1 0.00323725 
15 2
0 0.996763 1 0.00323725 
15 3
0 0.996763 1 0.00323725 
15 4
0 0.996763 1 0.00323725 
15 5
0 0.996763 1 0.00323725 
15 6
0 0.996763 1 0.00323725 
15 7
0 0.996763 1 0.00323725 
15 8
0 0.996763 1 0.00323725 
15 9
0 0.996763 1 0.00323725 
15 10
0 0.996763 1 0.00323725 
15 11
0 0.996763 1 0.00323725 
15 12
0 0.993536 1 0.00646402 
15 13
0 0.996763 1 0.00323725 
15 14
0 0.996763 1 0.00323725 
15 16
0 0.996763 1 0.00323725 
15 17
0 0.996763 1 0.00323725 
15 18
0 0.996763 1 0.00323725 
15 19
0 0.996763 1 0.00323725 
15 20
0 0.993536 1 0.00646402 
15 21
0 0.996763 1 0.00323725 
15 22
0 0.996763 1 0.00323725 
15 23
0 0.996763 1 0.00323725 
15 24
0 0.996763 1 0.00323725 
15 25
0 0.996763 1 0.00323725 
15 26
0 0.996763 1 0.00323725 
15 27
0 0.996763 1 0.00323725 
15 28
0 0.996763 1 0.00323725 
15 29
0 0.996763 1 0.00323725 
15 30
0 0.996763 1 0.00323725 
15 31
0 0.996763 1 0.00323725 
15 32
0 0.996763 1 0.00323725 
15 33
0 0.993536 1 0.00646402 
15 34
0 0.996763 1 0.00323725 
15 35
0 0.996763 1 0.00323725 
15 36
0 0.996763 1 0.00323725 
15 37
0 0.996763 1 0.00323725 
15 38
0 0.996763 1 0.00323725 
15 39
0 0.996763 1 0.00323725 
15 40
0 0.996763 1 0.00323725 
15 41
0 0.996763 1 0.00323725 
15 42
0 0.996763 1 0.00323725 
15 43
0 0.996763 1 0.00323725 
15 44
0 0.996763 1 0.00323725 
15 45
0 0.996763 1 0.00323725 
15 46
0 0.996763 1 0.00323725 
15 47
0 0.996763 1 0.00323725 
15 48
0 0.996763 1 0.00323725 
15 49
0 0.996763 1 0.00323725 
15 50
0 0.993536 1 0.00646402 
15 51
0 0.996763 1 0.00323725 
16 0
0 0.996763 1 0.00323725 
16 1
0 0.996763 1 0.00323725 
16 2
0 0.996763 1 0.00323725 
16 3
0 0.996763 1 0.00323725 
16 4
0 0.996763 1 0.00323725 
16 5
0 0.996763 1 0.00323725 
16 6
0 0.996763 1 0.00323725 
16 7
0 0.996763 1 0.00323725 
16 8
0 0.996763 1 0.00323725 
16 9
0 0.996763 1 0.00323725 
16 10
0 0.996763 1 0.00323725 
16 11
0 0.996763 1 0.00323725 
16 12
0 0.993536 1 0.00646402 
16 13
0 0.996763 1 0.00323725 
16 14
0 0.996763 1 0.00323725 
16 15
0 0.996763 1 0.00323725 
16 17
0 0.996763 1 0.00323725 
16 18
0 0.996763 1 0.00323725 
16 19
0 0.996763 1 0.00323725 
16 20
0 0.993536 1 0.00646402 
16 21
0 0.996763 1 0.00323725 
16 22
0 0.996763 1 0.00323725 
16 23
0 0.996763 1 0.00323725 
16 24
0 0.996763 1 0.00323725 
16 25
0 0.996763 1 0.00323725 
16 26
0 0.996763 1 0.00323725 
16 27
0 0.996763 1 0.00323725 
16 28
0 0.996763 1 0.00323725 
16 29
0 0.996763 1 0.00323725 
16 30
0 0.996763 1 0.00323725 
16 31
0 0.996763 1 0.00323725 
16 32
0 0.996763 1 0.00323725 
16 33
0 0.993536 1 0.00646402 
16 34
0 0.996763 1 0.00323725 
16 35
0 0.996763 1 0.00323725 
16 36
0 0.996763 1 0.00323725 
16 37
0 0.996763 1 0.00323725 
16 38
0 0.996763 1 0.00323725 
16 39
0 0.996763 1 0.00323725 
16 40
0 0.996763 1 0.00323725 
16 41
0 0.996763 1 0.00323725 
16 42
0 0.996763 1 0.00323725 
16 43
0 0.996763 1 0.00323725 
16 44
0 0.996763 1 0.00323725 
16 45
0 0.996763 1 0.00323725 
16 46
0 0.996763 1 0.00323725 
16 47
0 0.996763 1 0.00323725 
16 48
0 0.996763 1 0.00323725 
16 49
0 0.996763 1 0.00323725 
16 50
0 0.993536 1 0.00646402 
16 51
0 0.996763 1 0.00323725 
17 0
0 0.996763 1 0.00323725 
17 1
0 0.996763 1 0.00323725 
17 2
0 0.996763 1 0.00323725 
17 3
0 0.996763 1 0.00323725 
17 4
0 0.996763 1 0.00323725 
17 5
0 0.996763 1 0.00323725 
17 6
0 0.996763 1 0.00323725 
17 7
0 0.996763 1 0.00323725 
17 8
0 0.996763 1 0.00323725 
17 9
0 0.996763 1 0.00323725 
17 10
0 0.996763 1 0.00323725 
17 11
0 0.996763 1 0.00323725 
17 12
0 0.993536 1 0.00646402 
17 13
0 0.996763 1 0.00323725 
17 14
0 0.996763 1 0.00323725 
17 15
0 0.996763 1 0.00323725 
17 16
0 0.996763 1 0.00323725 
17 18
0 0.996763 1 0.00323725 
17 19
0 0.996763 1 0.00323725 
17 20
0 0.993536 1 0.00646402 
17 21
0 0.996763 1 0.00323725 
17 22
0 0.996763 1 0.00323725 
17 23
0 0.996763 1 0.00323725 
17 24
0 0.996763 1 0.00323725 
17 25
0 0.996763 1 0.00323725 
17 26
0 0.996763 1 0.00323725 
17 27
0 0.996763 1 0.00323725 
17 28
0 0.996763 1 0.00323725 
17 29
0 0.996763 1 0.00323725 
17 30
0 0.996763 1 0.00323725 
17 31
0 0.996763 1 0.00323725 
17 32
0 0.996763 1 0.00323725 
17 33
0 0.993536 1 0.00646402 
17 34
0 0.996763 1 0.00323725 
17 35
0 0.996763 1 0.00323725 
17 36
0 0.996763 1 0.00323725 
17 37
0 0.996763 1 0.00323725 
17 38
0 0.996763 1 0.00323725 
17 39
0 0.996763 1 0.00323725 
17 40
0 0.996763 1 0.00323725 
17 41
0 0.996763 1 0.00323725 
17 42
0 0.996763 1 0.00323725 
17 43
0 0.996763 1 0.00323725 
17 44
0 0.996763 1 0.00323725 
17 45
0 0.996763 1 0.00323725 
17 46
0 0.996763 1 0.00323725 
17 47
0 0.996763 1 0.00323725 
17 48
0 0.996763 1 0.00323725 
17 49
0 0.996763 1 0.00323725 
17 50
0 0.993536 1 0.00646402 
17 51
0 0.996763 1 0.00323725 
18 0
0 0.996763 1 0.00323725 
18 1
0 0.996763 1 0.00323725 
18 2
0 0.996763 1 0.00323725 
18 3
0 0.996763 1 0.00323725 
18 4
0 0.996763 1 0.00323725 
18 5
0 0.996763 1 0.00323725 
18 6
0 0.996763 1 0.00323725 
18 7
0 0.996763 1 0.00323725 
18 8
0 0.996763 1 0.00323725 
18 9
0 0.996763 1 0.00323725 
18 10
0 0.996763 1 0.00323725 
18 11
0 0.996763 1 0.00323725 
18 12
0 0.993536 1 0.00646402 
18 13
0 0.996763 1 0.00323725 
18 14
0 0.996763 1 0.00323725 
18 15
0 0.996763 1 0.00323725 
18 16
0 0.996763 1 0.00323725 
18 17
0 0.996763 1 0.00323725 
18 19
0 0.996763 1 0.00323725 
18 20
0 0.993536 1 0.00646402 
18 21
0 0.996763 1 0.00323725 
18 22
0 0.996763 1 0.00323725 
18 23
0 0.996763 1 0.00323725 
18 24
0 0.996763 1 0.00323725 
18 25
0 0.996763 1 0.00323725 
18 26
0 0.996763 1 0.00323725 
18 27
0 0.996763 1 0.00323725 
18 28
0 0.996763 1 0.00323725 
18 29
0 0.996763 1 0.00323725 
18 30
0 0.996763 1 0.00323725 
18 31
0 0.996763 1 0.00323725 
18 32
0 0.996763 1 0.00323725 
18 33
0 0.993536 1 0.00646402 
18 34
0 0.996763 1 0.00323725 
18 35
0 0.996763 1 0.00323725 
18 36
0 0.996763 1 0.00323725 
18 37
0 0.996763 1 0.00323725 
18 38
0 0.996763 1 0.00323725 
18 39
0 0.996763 1 0.00323725 
18 40
0 0.996763 1 0.00323725 
18 41
0 0.996763 1 0.00323725 
18 42
0 0.996763 1 0.00323725 
18 43
0 0.996763 1 0.00323725 
18 44
0 0.996763 1 0.00323725 
18 45
0 0.996763 1 0.00323725 
18 46
0 0.996763 1 0.00323725 
18 47
0 0.996763 1 0.00323725 
18 48
0 0.996763 1 0.00323725 
18 49
0 0.996763 1 0.00323725 
18 50
0 0.993536 1 0.00646402 
18 51
0 0.996763 1 0.00323725 
19 0
0 0.996763 1 0.00323725 
19 1
0 0.996763 1 0.00323725 
19 2
0 0.996763 1 0.00323725 
19 3
0 0.996763 1 0.00323725 
19 4
0 0.996763 1 0.00323725 
19 5
0 0.996763 1 0.00323725 
19 6
0 0.996763 1 0.00323725 
19 7
0 0.996763 1 0.00323725 
19 8
0 0.996763 1 0.00323725 
19 9
0 0.996763 1 0.00323725 
19 10
0 0.996763 1 0.00323725 
19 11
0 0.996763 1 0.00323725 
19 12
0 0.993536 1 0.00646402 
19 13
0 0.996763 1 0.00323725 
19 14
0 0.996763 1 0.00323725 
19 15
0 0.996763 1 0.00323725 
19 16
0 0.996763 1 0.00323725 
19 17
0 0.996763 1 0.00323725 
19 18
0 0.996763 1 0.00323725 
19 20
0 0.993536 1 0.00646402 
19 21
0 0.996763 1 0.00323725 
19 22
0 0.996763 1 0.00323725 
19 23
0 0.996763 1 0.00323725 
19 24
0 0.996763 1 0.00323725 
19 25
0 0.996763 1 0.00323725 
19 26
0 0.996763 1 0.00323725 
19 27
0 0.996763 1 0.00323725 
19 28
0 0.996763 1 0.00323725 
19 29
0 0.996763 1 0.00323725 
19 30
0 0.996763 1 0.00323725 
19 31
0 0.996763 1 0.00323725 
19 32
0 0.996763 1 0.00323725 
19 33
0 0.993536 1 0.00646402 
19 34
0 0.996763 1 0.00323725 
19 35
0 0.996763 1 0.00323725 
19 36
0 0.996763 1 0.00323725 
19 37
0 0.996763 1 0.00323725 
19 38
0 0.996763 1 0.00323725 
19 39
0 0.996763 1 0.00323725 
19 40
0 0.996763 1 0.00323725 
19 41
0 0.996763 1 0.00323725 
19 42
0 0.996763 1 0.00323725 
19 43
0 0.996763 1 0.00323725 
19 44
0 0.996763 1 0.00323725 
19 45
0 0.996763 1 0.00323725 
19 46
0 0.996763 1 0.00323725 
19 47
0 0.996763 1 0.00323725 
19 48
0 0.996763 1 0.00323725 
19 49
0 0.996763 1 0.00323725 
19 50
0 0.993536 1 0.00646402 
19 51
0 0.996763 1 0.00323725 
20 0
0 0.993536 1 0.00646402 
20 1
0 0.993536 1 0.00646402 
20 2
0 0.993536 1 0.00646402 
20 3
0 0.993536 1 0.00646402 
20 4
0 0.993536 1 0.00646402 
20 5
0 0.993536 1 0.00646402 
20 6
0 0.993536 1 0.00646402 
20 7
0 0.993536 1 0.00646402 
20 8
0 0.993536 1 0.00646402 
20 9
0 0.993536 1 0.00646402 
20 10
0 0.993536 1 0.00646402 
20 11
0 0.993536 1 0.00646402 
20 12
0 0.342274 1 0.5 2 0.157726 
20 13
0 0.993536 1 0.00646402 
20 14
0 0.993536 1 0.00646402 
20 15
0 0.993536 1 0.00646402 
20 16
0 0.993536 1 0.00646402 
20 17
0 0.993536 1 0.00646402 
20 18
0 0.993536 1 0.00646402 
20 19
0 0.993536 1 0.00646402 
20 21
0 0.993536 1 0.00646402 
20 22
0 0.993536 1 0.00646402 
20 23
0 0.993536 1 0.00646402 
20 24
0 0.993536 1 0.00646402 
20 25
0 0.993536 1 0.00646402 
20 26
0 0.993536 1 0.00646402 
20 27
0 0.993536 1 0.00646402 
20 28
0 0.993536 1 0.00646402 
20 29
0 0.993536 1 0.00646402 
20 30
0 0.993536 1 0.00646402 
20 31
0 0.993536 1 0.00646402 
20 32
0 0.993536 1 0.00646402 
20 33
0 0.342274 1 0.5 2 0.157726 
20 34
0 0.993536 1 0.00646402 
20 35
0 0.993536 1 0.00646402 
20 36
0 0.993536 1 0.00646402 
20 37
0 0.993536 1 0.00646402 
20 38
0 0.993536 1 0.00646402 
20 39
0 0.993536 1 0.00646402 
20 40
0 0.993536 1 0.00646402 
20 41
0 0.993536 1 0.00646402 
20 42
0 0.993536 1 0.00646402 
20 43
0 0.993536 1 0.00646402 
20 44
0 0.993536 1 0.00646402 
20 45
0 0.993536 1 0.00646402 
20 46
0 0.993536 1 0.00646402 
20 47
0 0.993536 1 0.00646402 
20 48
0 0.993536 1 0.00646402 
20 49
0 0.993536 1 0.00646402 
20 50
0 0.342274 1 0.5 2 0.157726 
20 51
0 0.993536 1 0.00646402 
21 0
0 0.996763 1 0.00323725 
21 1
0 0.996763 1 0.00323725 
21 2
0 0.996763 1 0.00323725 
21 3
0 0.996763 1 0.00323725 
21 4
0 0.996763 1 0.00323725 
21 5
0 0.996763 1 0.00323725 
21 6
0 0.996763 1 0.00323725 
21 7
0 0.996763 1 0.00323725 
21 8
0 0.996763 1 0.00323725 
21 9
0 0.996763 1 0.00323725 
21 10
0 0.996763 1 0.00323725 
21 11
0 0.996763 1 0.00323725 
21 12
0 0.993536 1 0.00646402 
21 13
0 0.996763 1 0.00323725 
21 14
0 0.996763 1 0.00323725 
21 15
0 0.996763 1 0.00323725 
21 16
0 0.996763 1 0.00323725 
21 17
0 0.996763 1 0.00323725 
21 18
0 0.996763 1 0.00323725 
21 19
0 0.996763 1 0.00323725 
21 20
0 0.993536 1 0.00646402 
21 22
0 0.996763 1 0.00323725 
21 23
0 0.996763 1 0.00323725 
21 24
0 0.996763 1 0.00323725 
21 25
0 0.996763 1 0.00323725 
21 26
0 0.996763 1 0.00323725 
21 27
0 0.996763 1 0.00323725 
21 28
0 0.996763 1 0.00323725 
21 29
0 0.996763 1 0.00323725 
21 30
0 0.996763 1 0.00323725 
21 31
0 0.996763 1 0.00323725 
21 32
0 0.996763 1 0.00323725 
21 33
0 0.993536 1 0.00646402 
21 34
0 0.996763 1 0.00323725 
21 35
0 0.996763 1 0.00323725 
21 36
0 0.996763 1 0.00323725 
21 37
0 0.996763 1 0.00323725 
21 38
0 0.996763 1 0.00323725 
21 39
0 0.996763 1 0.00323725 
21 40
0 0.996763 1 0.00323725 
21 41
0 0.996763 1 0.00323725 
21 42
0 0.996763 1 0.00323725 
21 43
0 0.996763 1 0.00323725 
21 44
0 0.996763 1 0.00323725 
21 45
0 0.996763 1 0.00323725 
21 46
0 0.996763 1 0.00323725 
21 47
0 0.996763 1 0.00323725 
21 48
0 0.996763 1 0.00323725 
21 49
0 0.996763 1 0.00323725 
21 50
0 0.993536 1 0.00646402 
21 51
0 0.996763 1 0.00323725 
22 0
0 0.996763 1 0.00323725 
22 1
0 0.996763 1 0.00323725 
22 2
0 0.996763 1 0.00323725 
22 3
0 0.996763 1 0.00323725 
22 4
0 0.996763 1 0.00323725 
22 5
0 0.996763 1 0.00323725 
22 6
0 0.996763 1 0.00323725 
22 7
0 0.996763 1 0.00323725 
22 8
0 0.996763 1 0.00323725 
22 9
0 0.996763 1 0.00323725 
22 10
0 0.996763 1 0.00323725 
22 11
0 0.996763 1 0.00323725 
22 12
0 0.993536 1 0.00646402 
22 13
0 0.996763 1 0.00323725 
22 14
0 0.996763 1 0.00323725 
22 15
0 0.996763 1 0.00323725 
22 16
0 0.996763 1 0.00323725 
22 17
0 0.996763 1 0.00323725 
22 18
0 0.996763 1 0.00323725 
22 19
0 0.996763 1 0.00323725 
22 20
0 0.993536 1 0.00646402 
22 21
0 0.996763 1 0.00323725 
22 23
0 0.996763 1 0.00323725 
22 24
0 0.996763 1 0.00323725 
22 25
0 0.996763 1 0.00323725 
22 26
0 0.996763 1 0.00323725 
22 27
0 0.996763 1 0.00323725 
22 28
0 0.996763 1 0.00323725 
22 29
0 0.996763 1 0.00323725 
22 30
0 0.996763 1 0.00323725 
22 31
0 0.996763 1 0.00323725 
22 32
0 0.996763 1 0.00323725 
22 33
0 0.993536 1 0.00646402 
22 34
0 0.996763 1 0.00323725 
22 35
0 0.996763 1 0.00323725 
22 36
0 0.996763 1 0.00323725 
22 37
0 0.996763 1 0.00323725 
22 38
0 0.996763 1 0.00323725 
22 39
0 0.996763 1 0.00323725 
22 40
0 0.996763 1 0.00323725 
22 41
0 0.996763 1 0.00323725 
22 42
0 0.996763 1 0.00323725 
22 43
0 0.996763 1 0.00323725 
22 44
0 0.996763 1 0.00323725 
22 45
0 0.996763 1 0.00323725 
22 46
0 0.996763 1 0.00323725 
22 47
0 0.996763 1 0.00323725 
22 48
0 0.996763 1 0.00323725 
22 49
0 0.996763 1 0.00323725 
22 50
0 0.993536 1 0.00646402 
22 51
0 0.996763 1 0.00323725 
23 0
0 0.996763 1 0.00323725 
23 1
0 0.996763 1 0.00323725 
23 2
0 0.996763 1 0.00323725 
23 3
0 0.996763 1 0.00323725 
23 4
0 0.996763 1 0.00323725 
23 5
0 0.996763 1 0.00323725 
23 6
0 0.996763 1 0.00323725 
23 7
0 0.996763 1 0.00323725 
23 8
0 0.996763 1 0.00323725 
23 9
0 0.996763 1 0.00323725 
23 10
0 0.996763 1 0.00323725 
23 11
0 0.996763 1 0.00323725 
23 12
0 0.993536 1 0.00646402 
23 13
0 0.996763 1 0.00323725 
23 14
0 0.996763 1 0.00323725 
23 15
0 0.996763 1 0.00323725 
23 16
0 0.996763 1 0.00323725 
23 17
0 0.996763 1 0.00323725 
23 18
0 0.996763 1 0.00323725 
23 19
0 0.996763 1 0.00323725 
23 20
0 0.993536 1 0.00646402 
23 21
0 0.996763 1 0.00323725 
23 22
0 0.996763 1 0.00323725 
23 24
0 0.996763 1 0.00323725 
23 25
0 0.996763 1 0.00323725 
23 26
0 0.996763 1 0.00323725 
23 27
0 0.996763 1 0.00323725 
23 28
0 0.996763 1 0.00323725 
23 29
0 0.996763 1 0.00323725 
23 30
0 0.996763 1 0.00323725 
23 31
0 0.996763 1 0.00323725 
23 32
0 0.996763 1 0.00323725 
23 33
0 0.993536 1 0.00646402 
23 34
0 0.996763 1 0.00323725 
23 35
0 0.996763 1 0.00323725 
23 36
0 0.996763 1 0.00323725 
23 37
0 0.996763 1 0.00323725 
23 38
0 0.996763 1 0.00323725 
23 39
0 0.996763 1 0.00323725 
23 40
0 0.996763 1 0.00323725 
23 41
0 0.996763 1 0.00323725 
23 42
0 0.996763 1 0.00323725 
23 43
0 0.996763 1 0.00323725 
23 44
0 0.996763 1 0.00323725 
23 45
0 0.996763 1 0.00323725 
23 46
0 0.996763 1 0.00323725 
23 47
0 0.996763 1 0.00323725 
23 48
0 0.996763 1 0.00323725 
23 49
0 0.996763 1 0.00323725 
23 50
0 0.993536 1 0.00646402 
23 51
0 0.996763 1 0.00323725 
24 0
0 0.996763 1 0.00323725 
24 1
0 0.996763 1 0.00323725 
24 2
0 0.996763 1 0.00323725 
24 3
0 0.996763 1 0.00323725 
24 4
0 0.996763 1 0.00323725 
24 5
0 0.996763 1 0.00323725 
24 6
0 0.996763 1 0.00323725 
24 7
0 0.996763 1 0.00323725 
24 8
0 0.996763 1 0.00323725 
24 9
0 0.996763 1 0.00323725 
24 10
0 0.996763 1 0.00323725 
24 11
0 0.996763 1 0.00323725 
24 12
0 0.993536 1 0.00646402 
24 13
0 0.996763 1 0.00323725 
24 14
0 0.996763 1 0.00323725 
24 15
0 0.996763 1 0.00323725 
24 16
0 0.996763 1 0.00323725 
24 17
0 0.996763 1 0.00323725 
24 18
0 0.996763 1 0.00323725 
24 19
0 0.996763 1 0.00323725 
24 20
0 0.993536 1 0.00646402 
24 21
0 0.996763 1 0.00323725 
24 22
0 0.996763 1 0.00323725 
24 23
0 0.996763 1 0.00323725 
24 25
0 0.996763 1 0.00323725 
24 26
0 0.996763 1 0.00323725 
24 27
0 0.996763 1 0.00323725 
24 28
0 0.996763 1 0.00323725 
24 29
0 0.996763 1 0.00323725 
24 30
0 0.996763 1 0.00323725 
24 31
0 0.996763 1 0.00323725 
24 32
0 0.996763 1 0.00323725 
24 33
0 0.993536 1 0.00646402 
24 34
0 0.996763 1 0.00323725 
24 35
0 0.996763 1 0.00323725 
24 36
0 0.996763 1 0.00323725 
24 37
0 0.996763 1 0.00323725 
24 38
0 0.996763 1 0.00323725 
24 39
0 0.996763 1 0.00323725 
24 40
0 0.996763 1 0.00323725 
24 41
0 0.996763 1 0.00323725 
24 42
0 0.996763 1 0.00323725 
24 43
0 0.996763 1 0.00323725 
24 44
0 0.996763 1 0.00323725 
24 45
0 0.996763 1 0.00323725 
24 46
0 0.996763 1 0.00323725 
24 47
0 0.996763 1 0.00323725 
24 48
0 0.996763 1 0.00323725 
24 49
0 0.996763 1 0.00323725 
24 50
0 0.993536 1 0.00646402 
24 51
0 0.996763 1 0.00323725 
25 0
0 0.996763 1 0.00323725 
25 1
0 0.996763 1 0.00323725 
25 2
0 0.996763 1 0.00323725 
25 3
0 0.996763 1 0.00323725 
25 4
0 0.996763 1 0.00323725 
25 5
0 0.996763 1 0.00323725 
25 6
0 0.996763 1 0.00323725 
25 7
0 0.996763 1 0.00323725 
25 8
0 0.996763 1 0.00323725 
25 9
0 0.996763 1 0.00323725 
25 10
0 0.996763 1 0.00323725 
25 11
0 0.996763 1 0.00323725 
25 12
0 0.993536 1 0.00646402 
25 13
0 0.996763 1 0.00323725 
25 14
0 0.996763 1 0.00323725 
25 15
0 0.996763 1 0.00323725 
25 16
0 0.996763 1 0.00323725 
25 17
0 0.996763 1 0.00323725 
25 18
0 0.996763 1 0.00323725 
25 19
0 0.996763 1 0.00323725 
25 20
0 0.993536 1 0.00646402 
25 21
0 0.996763 1 0.00323725 
25 22
0 0.996763 1 0.00323725 
25 23
0 0.996763 1 0.00323725 
25 24
0 0.996763 1 0.00323725 
25 26
0 0.996763 1 0.00323725 
25 27
0 0.996763 1 0.00323725 
25 28
0 0.996763 1 0.00323725 
25 29
0 0.996763 1 0.00323725 
25 30
0 0.996763 1 0.00323725 
25 31
0 0.996763 1 0.00323725 
25 32
0 0.996763 1 0.00323725 
25 33
0 0.993536 1 0.00646402 
25 34
0 0.996763 1 0.00323725 
25 35
0 0.996763 1 0.00323725 
25 36
0 0.996763 1 0.00323725 
25 37
0 0.996763 1 0.00323725 
25 38
0 0.996763 1 0.00323725 
25 39
0 0.996763 1 0.00323725 
25 40
0 0.996763 1 0.00323725 
25 41
0 0.996763 1 0.00323725 
25 42
0 0.996763 1 0.00323725 
25 43
0 0.996763 1 0.00323725 
25 44
0 0.996763 1 0.00323725 
25 45
0 0.996763 1 0.00323725 
25 46
0 0.996763 1 0.00323725 
25 47
0 0.996763 1 0.00323725 
25 48
0 0.996763 1 0.00323725 
25 49
0 0.996763 1 0.00323725 
25 50
0 0.993536 1 0.00646402 
25 51
0 0.996763 1 0.00323725 
26 0
0 0.996763 1 0.00323725 
26 1
0 0.996763 1 0.00323725 
26 2
0 0.996763 1 0.00323725 
26 3
0 0.996763 1 0.00323725 
26 4
0 0.996763 1 0.00323725 
26 5
0 0.996763 1 0.00323725 
26 6
0 0.996763 1 0.00323725 
26 7
0 0.996763 1 0.00323725 
26 8
0 0.996763 1 0.00323725 
26 9
0 0.996763 1 0.00323725 
26 10
0 0.996763 1 0.00323725 
26 11
0 0.996763 1 0.00323725 
26 12
0 0.993536 1 0.00646402 
26 13
0 0.996763 1 0.00323725 
26 14
0 0.996763 1 0.00323725 
26 15
0 0.996763 1 0.00323725 
26 16
0 0.996763 1 0.00323725 
26 17
0 0.996763 1 0.00323725 
26 18
0 0.996763 1 0.00323725 
26 19
0 0.996763 1 0.00323725 
26 20
0 0.993536 1 0.00646402 
26 21
0 0.996763 1 0.00323725 
26 22
0 0.996763 1 0.00323725 
26 23
0 0.996763 1 0.00323725 
26 24
0 0.996763 1 0.00323725 
26 25
0 0.996763 1 0.00323725 
26 27
0 0.996763 1 0.00323725 
26 28
0 0.996763 1 0.00323725 
26 29
0 0.996763 1 0.00323725 
26 30
0 0.996763 1 0.00323725 
26 31
0 0.996763 1 0.00323725 
26 32
0 0.996763 1 0.00323725 
26 33
0 0.993536 1 0.00646402 
26 34
0 0.996763 1 0.00323725 
26 35
0 0.996763 1 0.00323725 
26 36
0 0.996763 1 0.00323725 
26 37
0 0.996763 1 0.00323725 
26 38
0 0.996763 1 0.00323725 
26 39
0 0.996763 1 0.00323725 
26 40
0 0.996763 1 0.00323725 
26 41
0 0.996763 1 0.00323725 
26 42
0 0.996763 1 0.00323725 
26 43
0 0.996763 1 0.00323725 
26 44
0 0.996763 1 0.00323725 
26 45
0 0.996763 1 0.00323725 
26 46
0 0.996763 1 0.00323725 
26 47
0 0.996763 1 0.00323725 
26 48
0 0.996763 1 0.00323725 
26 49
0 0.996763 1 0.00323725 
26 50
0 0.993536 1 0.00646402 
26 51
0 0.996763 1 0.00323725 
27 0
0 0.996763 1 0.00323725 
27 1
0 0.996763 1 0.00323725 
27 2
0 0.996763 1 0.00323725 
27 3
0 0.996763 1 0.00323725 
27 4
0 0.996763 1 0.00323725 
27 5
0 0.996763 1 0.00323725 
27 6
0 0.996763 1 0.00323725 
27 7
0 0.996763 1 0.00323725 
27 8
0 0.996763 1 0.00323725 
27 9
0 0.996763 1 0.00323725 
27 10
0 0.996763 1 0.00323725 
27 11
0 0.996763 1 0.00323725 
27 12
0 0.993536 1 0.00646402 
27 13
0 0.996763 1 0.00323725 
27 14
0 0.996763 1 0.00323725 
27 15
0 0.996763 1 0.00323725 
27 16
0 0.996763 1 0.00323725 
27 17
0 0.996763 1 0.00323725 
27 18
0 0.996763 1 0.00323725 
27 19
0 0.996763 1 0.00323725 
27 20
0 0.993536 1 0.00646402 
27 21
0 0.996763 1 0.00323725 
27 22
0 0.996763 1 0.00323725 
27 23
0 0.996763 1 0.00323725 
27 24
0 0.996763 1 0.00323725 
27 25
0 0.996763 1 0.00323725 
27 26
0 0.996763 1 0.00323725 
27 28
0 0.996763 1 0.00323725 
27 29
0 0.996763 1 0.00323725 
27 30
0 0.996763 1 0.00323725 
27 31
0 0.996763 1 0.00323725 
27 32
0 0.996763 1 0.00323725 
27 33
0 0.993536 1 0.00646402 
27 34
0 0.996763 1 0.00323725 
27 35
0 0.996763 1 0.00323725 
27 36
0 0.996763 1 0.00323725 
27 37
0 0.996763 1 0.00323725 
27 38
0 0.996763 1 0.00323725 
27 39
0 0.996763 1 0.00323725 
27 40
0 0.996763 1 0.00323725 
27 41
0 0.996763 1 0.00323725 
27 42
0 0.996763 1 0.00323725 
27 43
0 0.996763 1 0.00323725 
27 44
0 0.996763 1 0.00323725 
27 45
0 0.996763 1 0.00323725 
27 46
0 0.996763 1 0.00323725 
27 47
0 0.996763 1 0.00323725 
27 48
0 0.996763 1 0.00323725 
27 49
0 0.996763 1 0.00323725 
27 50
0 0.993536 1 0.00646402 
27 51
0 0.996763 1 0.00323725 
28 0
0 0.996763 1 0.00323725 
28 1
0 0.996763 1 0.00323725 
28 2
0 0.996763 1 0.00323725 
28 3
0 0.996763 1 0.00323725 
28 4
0 0.996763 1 0.00323725 
28 5
0 0.996763 1 0.00323725 
28 6
0 0.996763 1 0.00323725 
28 7
0 0.996763 1 0.00323725 
28 8
0 0.996763 1 0.00323725 
28 9
0 0.996763 1 0.00323725 
28 10
0 0.996763 1 0.00323725 
28 11
0 0.996763 1 0.00323725 
28 12
0 0.993536 1 0.00646402 
28 13
0 0.996763 1 0.00323725 
28 14
0 0.996763 1 0.00323725 
28 15
0 0.996763 1 0.00323725 
28 16
0 0.996763 1 0.00323725 
28 17
0 0.996763 1 0.00323725 
28 18
0 0.996763 1 0.00323725 
28 19
0 0.996763 1 0.00323725 
28 20
0 0.993536 1 0.00646402 
28 21
0 0.996763 1 0.00323725 
28 22
0 0.996763 1 0.00323725 
28 23
0 0.996763 1 0.00323725 
28 24
0 0.996763 1 0.00323725 
28 25
0 0.996763 1 0.00323725 
28 26
0 0.996763 1 0.00323725 
28 27
0 0.996763 1 0.00323725 
28 29
0 0.996763 1 0.00323725 
28 30
0 0.996763 1 0.00323725 
28 31
0 0.996763 1 0.00323725 
28 32
0 0.996763 1 0.00323725 
28 33
0 0.993536 1 0.00646402 
28 34
0 0.996763 1 0.00323725 
28 35
0 0.996763 1 0.00323725 
28 36
0 0.996763 1 0.00323725 
28 37
0 0.996763 1 0.00323725 
28 38
0 0.996763 1 0.00323725 
28 39
0 0.996763 1 0.00323725 
28 40
0 0.996763 1 0.00323725 
28 41
0 0.996763 1 0.00323725 
28 42
0 0.996763 1 0.00323725 
28 43
0 0.996763 1 0.00323725 
28 44
0 0.996763 1 0.00323725 
28 45
0 0.996763 1 0.00323725 
28 46
0 0.996763 1 0.00323725 
28 47
0 0.996763 1 0.00323725 
28 48
0 0.996763 1 0.00323725 
28 49
0 0.996763 1 0.00323725 
28 50
0 0.993536 1 0.00646402 
28 51
0 0.996763 1 0.00323725 
29 0
0 0.996763 1 0.00323725 
29 1
0 0.996763 1 0.00323725 
29 2
0 0.996763 1 0.00323725 
29 3
0 0.996763 1 0.00323725 
29 4
0 0.996763 1 0.00323725 
29 5
0 0.996763 1 0.00323725 
29 6
0 0.996763 1 0.00323725 
29 7
0 0.996763 1 0.00323725 
29 8
0 0.996763 1 0.00323725 
29 9
0 0.996763 1 0.00323725 
29 10
0 0.996763 1 0.00323725 
29 11
0 0.996763 1 0.00323725 
29 12
0 0.993536 1 0.00646402 
29 13
0 0.996763 1 0.00323725 
29 14
0 0.996763 1 0.00323725 
29 15
0 0.996763 1 0.00323725 
29 16
0 0.996763 1 0.00323725 
29 17
0 0.996763 1 0.00323725 
29 18
0 0.996763 1 0.00323725 
29 19
0 0.996763 1 0.00323725 
29 20
0 0.993536 1 0.00646402 
29 21
0 0.996763 1 0.00323725 
29 22
0 0.996763 1 0.00323725 
29 23
0 0.996763 1 0.00323725 
29 24
0 0.996763 1 0.00323725 
29 25
0 0.996763 1 0.00323725 
29 26
0 0.996763 1 0.00323725 
29 27
0 0.996763 1 0.00323725 
29 28
0 0.996763 1 0.00323725 
29 30
0 0.996763 1 0.00323725 
29 31
0 0.996763 1 0.00323725 
29 32
0 0.996763 1 0.00323725 
29 33
0 0.993536 1 0.00646402 
29 34
0 0.996763 1 0.00323725 
29 35
0 0.996763 1 0.00323725 
29 36
0 0.996763 1 0.00323725 
29 37
0 0.996763 1 0.00323725 
29 38
0 0.996763 1 0.00323725 
29 39
0 0.996763 1 0.00323725 
29 40
0 0.996763 1 0.00323725 
29 41
0 0.996763 1 0.00323725 
29 42
0 0.996763 1 0.00323725 
29 43
0 0.996763 1 0.00323725 
29 44
0 0.996763 1 0.00323725 
29 45
0 0.996763 1 0.00323725 
29 46
0 0.996763 1 0.00323725 
29 47
0 0.996763 1 0.00323725 
29 48
0 0.996763 1 0.00323725 
29 49
0 0.996763 1 0.00323725 
29 50
0 0.993536 1 0.00646402 
29 51
0 0.996763 1 0.00323725 
30 0
0 0.996763 1 0.00323725 
30 1
0 0.996763 1 0.00323725 
30 2
0 0.996763 1 0.00323725 
30 3
0 0.996763 1 0.00323725 
30 4
0 0.996763 1 0.00323725 
30 5
0 0.996763 1 0.00323725 
30 6
0 0.996763 1 0.00323725 
30 7
0 0.996763 1 0.00323725 
30 8
0 0.996763 1 0.00323725 
30 9
0 0.996763 1 0.00323725 
30 10
0 0.996763 1 0.00323725 
30 11
0 0.996763 1 0.00323725 
30 12
0 0.993536 1 0.00646402 
30 13
0 0.996763 1 0.00323725 
30 14
0 0.996763 1 0.00323725 
30 15
0 0.996763 1 0.00323725 
30 16
0 0.996763 1 0.00323725 
30 17
0 0.996763 1 0.00323725 
30 18
0 0.996763 1 0.00323725 
30 19
0 0.996763 1 0.00323725 
30 20
0 0.993536 1 0.00646402 
30 21
0 0.996763 1 0.00323725 
30 22
0 0.996763 1 0.00323725 
30 23
0 0.996763 1 0.00323725 
30 24
0 0.996763 1 0.00323725 
30 25
0 0.996763 1 0.00323725 
30 26
0 0.996763 1 0.00323725 
30 27
0 0.996763 1 0.00323725 
30 28
0 0.996763 1 0.00323725 
30 29
0 0.996763 1 0.00323725 
30 31
0 0.996763 1 0.00323725 
30 32
0 0.996763 1 0.00323725 
30 33
0 0.993536 1 0.00646402 
30 34
0 0.996763 1 0.00323725 
30 35
0 0.996763 1 0.00323725 
30 36
0 0.996763 1 0.00323725 
30 37
0 0.996763 1 0.00323725 
30 38
0 0.996763 1 0.00323725 
30 39
0 0.996763 1 0.00323725 
30 40
0 0.996763 1 0.00323725 
30 41
0 0.996763 1 0.00323725 
30 42
0 0.996763 1 0.00323725 
30 43
0 0.996763 1 0.00323725 
30 44
0 0.996763 1 0.00323725 
30 45
0 0.996763 1 0.00323725 
30 46
0 0.996763 1 0.00323725 
30 47
0 0.996763 1 0.00323725 
30 48
0 0.996763 1 0.00323725 
30 49
0 0.996763 1 0.00323725 
30 50
0 0.993536 1 0.00646402 
30 51
0 0.996763 1 0.00323725 
31 0
0 0.996763 1 0.00323725 
31 1
0 0.996763 1 0.00323725 
31 2
0 0.996763 1 0.00323725 
31 3
0 0.996763 1 0.00323725 
31 4
0 0.996763 1 0.00323725 
31 5
0 0.996763 1 0.00323725 
31 6
0 0.996763 1 0.00323725 
31 7
0 0.996763 1 0.00323725 
31 8
0 0.996763 1 0.00323725 
31 9
0 0.996763 1 0.00323725 
31 10
0 0.996763 1 0.00323725 
31 11
0 0.996763 1 0.00323725 
31 12
0 0.993536 1 0.00646402 
31 13
0 0.996763 1 0.00323725 
31 14
0 0.996763 1 0.00323725 
31 15
0 0.996763 1 0.00323725 
31 16
0 0.996763 1 0.00323725 
31 17
0 0.996763 1 0.00323725 
31 18
0 0.996763 1 0.00323725 
31 19
0 0.996763 1 0.00323725 
31 20
0 0.993536 1 0.00646402 
31 21
0 0.996763 1 0.00323725 
31 22
0 0.996763 1 0.00323725 
31 23
0 0.996763 1 0.00323725 
31 24
0 0.996763 1 0.00323725 
31 25
0 0.996763 1 0.00323725 
31 26
0 0.996763 1 0.00323725 
31 27
0 0.996763 1 0.00323725 
31 28
0 0.996763 1 0.00323725 
31 29
0 0.996763 1 0.00323725 
31 30
0 0.996763 1 0.00323725 
31 32
0 0.996763 1 0.00323725 
31 33
0 0.993536 1 0.00646402 
31 34
0 0.996763 1 0.00323725 
31 35
0 0.996763 1 0.00323725 
31 36
0 0.996763 1 0.00323725 
31 37
0 0.996763 1 0.00323725 
31 38
0 0.996763 1 0.00323725 
31 39
0 0.996763 1 0.00323725 
31 40
0 0.996763 1 0.00323725 
31 41
0 0.996763 1 0.00323725 
31 42
0 0.996763 1 0.00323725 
31 43
0 0.996763 1 0.00323725 
31 44
0 0.996763 1 0.00323725 
31 45
0 0.996763 1 0.00323725 
31 46
0 0.996763 1 0.00323725 
31 47
0 0.996763 1 0.00323725 
31 48
0 0.996763 1 0.00323725 
31 49
0 0.996763 1 0.00323725 
31 50
0 0.993536 1 0.00646402 
31 51
0 0.996763 1 0.00323725 
32 0
0 0.996763 1 0.00323725 
32 1
0 0.996763 1 0.00323725 
32 2
0 0.996763 1 0.00323725 
32 3
0 0.996763 1 0.00323725 
32 4
0 0.996763 1 0.00323725 
32 5
0 0.996763 1 0.00323725 
32 6
0 0.996763 1 0.00323725 
32 7
0 0.996763 1 0.00323725 
32 8
0 0.996763 1 0.00323725 
32 9
0 0.996763 1 0.00323725 
32 10
0 0.996763 1 0.00323725 
32 11
0 0.996763 1 0.00323725 
32 12
0 0.993536 1 0.00646402 
32 13
0 0.996763 1 0.00323725 
32 14
0 0.996763 1 0.00323725 
32 15
0 0.996763 1 0.00323725 
32 16
0 0.996763 1 0.00323725 
32 17
0 0.996763 1 0.00323725 
32 18
0 0.996763 1 0.00323725 
32 19
0 0.996763 1 0.00323725 
32 20
0 0.993536 1 0.00646402 
32 21
0 0.996763 1 0.00323725 
32 22
0 0.996763 1 0.00323725 
32 23
0 0.996763 1 0.00323725 
32 24
0 0.996763 1 0.00323725 
32 25
0 0.996763 1 0.00323725 
32 26
0 0.996763 1 0.00323725 
32 27
0 0.996763 1 0.00323725 
32 28
0 0.996763 1 0.00323725 
32 29
0 0.996763 1 0.00323725 
32 30
0 0.996763 1 0.00323725 
32 31
0 0.996763 1 0.00323725 
32 33
0 0.993536 1 0.00646402 
32 34
0 0.996763 1 0.00323725 
32 35
0 0.996763 1 0.00323725 
32 36
0 0.996763 1 0.00323725 
32 37
0 0.996763 1 0.00323725 
32 38
0 0.996763 1 0.00323725 
32 39
0 0.996763 1 0.00323725 
32 40
0 0.996763 1 0.00323725 
32 41
0 0.996763 1 0.00323725 
32 42
0 0.996763 1 0.00323725 
32 43
0 0.996763 1 0.00323725 
32 44
0 0.996763 1 0.00323725 
32 45
0 0.996763 1 0.00323725 
32 46
0 0.996763 1 0.00323725 
32 47
0 0.996763 1 0.00323725 
32 48
0 0.996763 1 0.00323725 
32 49
0 0.996763 1 0.00323725 
32 50
0 0.993536 1 0.00646402 
32 51
0 0.996763 1 0.00323725 
33 0
0 0.993536 1 0.00646402 
33 1
0 0.993536 1 0.00646402 
33 2
0 0.993536 1 0.00646402 
33 3
0 0.993536 1 0.00646402 
33 4
0 0.993536 1 0.00646402 
33 5
0 0.993536 1 0.00646402 
33 6
0 0.993536 1 0.00646402 
33 7
0 0.993536 1 0.00646402 
33 8
0 0.993536 1 0.00646402 
33 9
0 0.993536 1 0.00646402 
33 10
0 0.993536 1 0.00646402 
33 11
0 0.993536 1 0.00646402 
33 12
0 0.342274 1 0.5 2 0.157726 
33 13
0 0.993536 1 0.00646402 
33 14
0 0.993536 1 0.00646402 
33 15
0 0.993536 1 0.00646402 
33 16
0 0.993536 1 0.00646402 
33 17
0 0.993536 1 0.00646402 
33 18
0 0.993536 1 0.00646402 
33 19
0 0.993536 1 0.00646402 
33 20
0 0.342274 1 0.5 2 0.157726 
33 21
0 0.993536 1 0.00646402 
33 22
0 0.993536 1 0.00646402 
33 23
0 0.993536 1 0.00646402 
33 24
0 0.993536 1 0.00646402 
33 25
0 0.993536 1 0.00646402 
33 26
0 0.993536 1 0.00646402 
33 27
0 0.993536 1 0.00646402 
33 28
0 0.993536 1 0.00646402 
33 29
0 0.993536 1 0.00646402 
33 30
0 0.993536 1 0.00646402 
33 31
0 0.993536 1 0.00646402 
33 32
0 0.993536 1 0.00646402 
33 34
0 0.993536 1 0.00646402 
33 35
0 0.993536 1 0.00646402 
33 36
0 0.993536 1 0.00646402 
33 37
0 0.993536 1 0.00646402 
33 38
0 0.993536 1 0.00646402 
33 39
0 0.993536 1 0.00646402 
33 40
0 0.993536 1 0.00646402 
33 41
0 0.993536 1 0.00646402 
33 42
0 0.993536 1 0.00646402 
33 43
0 0.993536 1 0.00646402 
33 44
0 0.993536 1 0.00646402 
33 45
0 0.993536 1 0.00646402 
33 46
0 0.993536 1 0.00646402 
33 47
0 0.993536 1 0.00646402 
33 48
0 0.993536 1 0.00646402 
33 49
0 0.993536 1 0.00646402 
33 50
0 0.342274 1 0.5 2 0.157726 
33 51
0 0.993536 1 0.00646402 
34 0
0 0.996763 1 0.00323725 
34 1
0 0.996763 1 0.00323725 
34 2
0 0.996763 1 0.00323725 
34 3
0 0.996763 1 0.00323725 
34 4
0 0.996763 1 0.00323725 
34 5
0 0.996763 1 0.00323725 
34 6
0 0.996763 1 0.00323725 
34 7
0 0.996763 1 0.00323725 
34 8
0 0.996763 1 0.00323725 
34 9
0 0.996763 1 0.00323725 
34 10
0 0.996763 1 0.00323725 
34 11
0 0.996763 1 0.00323725 
34 12
0 0.993536 1 0.00646402 
34 13
0 0.996763 1 0.00323725 
34 14
0 0.996763 1 0.00323725 
34 15
0 0.996763 1 0.00323725 
34 16
0 0.996763 1 0.00323725 
34 17
0 0.996763 1 0.00323725 
34 18
0 0.996763 1 0.00323725 
34 19
0 0.996763 1 0.00323725 
34 20
0 0.993536 1 0.00646402 
34 21
0 0.996763 1 0.00323725 
34 22
0 0.996763 1 0.00323725 
34 23
0 0.996763 1 0.00323725 
34 24
0 0.996763 1 0.00323725 
34 25
0 0.996763 1 0.00323725 
34 26
0 0.996763 1 0.00323725 
34 27
0 0.996763 1 0.00323725 
34 28
0 0.996763 1 0.00323725 
34 29
0 0.996763 1 0.00323725 
34 30
0 0.996763 1 0.00323725 
34 31
0 0.996763 1 0.00323725 
34 32
0 0.996763 1 0.00323725 
34 33
0 0.993536 1 0.00646402 
34 35
0 0.996763 1 0.00323725 
34 36
0 0.996763 1 0.00323725 
34 37
0 0.996763 1 0.00323725 
34 38
0 0.996763 1 0.00323725 
34 39
0 0.996763 1 0.00323725 
34 40
0 0.996763 1 0.00323725 
34 41
0 0.996763 1 0.00323725 
34 42
0 0.996763 1 0.00323725 
34 43
0 0.996763 1 0.00323725 
34 44
0 0.996763 1 0.00323725 
34 45
0 0.996763 1 0.00323725 
34 46
0 0.996763 1 0.00323725 
34 47
0 0.996763 1 0.00323725 
34 48
0 0.996763 1 0.00323725 
34 49
0 0.996763 1 0.00323725 
34 50
0 0.993536 1 0.00646402 
34 51
0 0.996763 1 0.00323725 
35 0
0 0.996763 1 0.00323725 
35 1
0 0.996763 1 0.00323725 
35 2
0 0.996763 1 0.00323725 
35 3
0 0.996763 1 0.00323725 
35 4
0 0.996763 1 0.00323725 
35 5
0 0.996763 1 0.00323725 
35 6
0 0.996763 1 0.00323725 
35 7
0 0.996763 1 0.00323725 
35 8
0 0.996763 1 0.00323725 
35 9
0 0.996763 1 0.00323725 
35 10
0 0.996763 1 0.00323725 
35 11
0 0.996763 1 0.00323725 
35 12
0 0.993536 1 0.00646402 
35 13
0 0.996763 1 0.00323725 
35 14
0 0.996763 1 0.00323725 
35 15
0 0.996763 1 0.00323725 
35 16
0 0.996763 1 0.00323725 
35 17
0 0.996763 1 0.00323725 
35 18
0 0.996763 1 0.00323725 
35 19
0 0.996763 1 0.00323725 
35 20
0 0.993536 1 0.00646402 
35 21
0 0.996763 1 0.00323725 
35 22
0 0.996763 1 0.00323725 
35 23
0 0.996763 1 0.00323725 
35 24
0 0.996763 1 0.00323725 
35 25
0 0.996763 1 0.00323725 
35 26
0 0.996763 1 0.00323725 
35 27
0 0.996763 1 0.00323725 
35 28
0 0.996763 1 0.00323725 
35 29
0 0.996763 1 0.00323725 
35 30
0 0.996763 1 0.00323725 
35 31
0 0.996763 1 0.00323725 
35 32
0 0.996763 1 0.00323725 
35 33
0 0.993536 1 0.00646402 
35 34
0 0.996763 1 0.00323725 
35 36
0 0.996763 1 0.00323725 
35 37
0 0.996763 1 0.00323725 
35 38
0 0.996763 1 0.00323725 
35 39
0 0.996763 1 0.00323725 
35 40
0 0.996763 1 0.00323725 
35 41
0 0.996763 1 0.00323725 
35 42
0 0.996763 1 0.00323725 
35 43
0 0.996763 1 0.00323725 
35 44
0 0.996763 1 0.00323725 
35 45
0 0.996763 1 0.00323725 
35 46
0 0.996763 1 0.00323725 
35 47
0 0.996763 1 0.00323725 
35 48
0 0.996763 1 0.00323725 
35 49
0 0.996763 1 0.00323725 
35 50
0 0.993536 1 0.00646402 
35 51
0 0.996763 1 0.00323725 
36 0
0 0.996763 1 0.00323725 
36 1
0 0.996763 1 0.00323725 
36 2
0 0.996763 1 0.00323725 
36 3
0 0.996763 1 0.00323725 
36 4
0 0.996763 1 0.00323725 
36 5
0 0.996763 1 0.00323725 
36 6
0 0.996763 1 0.00323725 
36 7
0 0.996763 1 0.00323725 
36 8
0 0.996763 1 0.00323725 
36 9
0 0.996763 1 0.00323725 
36 10
0 0.996763 1 0.00323725 
36 11
0 0.996763 1 0.00323725 
36 12
0 0.993536 1 0.00646402 
36 13
0 0.996763 1 0.00323725 
36 14
0 0.996763 1 0.00323725 
36 15
0 0.996763 1 0.00323725 
36 16
0 0.996763 1 0.00323725 
36 17
0 0.996763 1 0.00323725 
36 18
0 0.996763 1 0.00323725 
36 19
0 0.996763 1 0.00323725 
36 20
0 0.993536 1 0.00646402 
36 21
0 0.996763 1 0.00323725 
36 22
0 0.996763 1 0.00323725 
36 23
0 0.996763 1 0.00323725 
36 24
0 0.996763 1 0.00323725 
36 25
0 0.996763 1 0.00323725 
36 26
0 0.996763 1 0.00323725 
36 27
0 0.996763 1 0.00323725 
36 28
0 0.996763 1 0.00323725 
36 29
0 0.996763 1 0.00323725 
36 30
0 0.996763 1 0.00323725 
36 31
0 0.996763 1 0.00323725 
36 32
0 0.996763 1 0.00323725 
36 33
0 0.993536 1 0.00646402 
36 34
0 0.996763 1 0.00323725 
36 35
0 0.996763 1 0.00323725 
36 37
0 0.996763 1 0.00323725 
36 38
0 0.996763 1 0.00323725 
36 39
0 0.996763 1 0.00323725 
36 40
0 0.996763 1 0.00323725 
36 41
0 0.996763 1 0.00323725 
36 42
0 0.996763 1 0.00323725 
36 43
0 0.996763 1 0.00323725 
36 44
0 0.996763 1 0.00323725 
36 45
0 0.996763 1 0.00323725 
36 46
0 0.996763 1 0.00323725 
36 47
0 0.996763 1 0.00323725 
36 48
0 0.996763 1 0.00323725 
36 49
0 0.996763 1 0.00323725 
36 50
0 0.993536 1 0.00646402 
36 51
0 0.996763 1 0.00323725 
37 0
0 0.996763 1 0.00323725 
37 1
0 0.996763 1 0.00323725 
37 2
0 0.996763 1 0.00323725 
37 3
0 0.996763 1 0.00323725 
37 4
0 0.996763 1 0.00323725 
37 5
0 0.996763 1 0.00323725 
37 6
0 0.996763 1 0.00323725 
37 7
0 0.996763 1 0.00323725 
37 8
0 0.996763 1 0.00323725 
37 9
0 0.996763 1 0.00323725 
37 10
0 0.996763 1 0.00323725 
37 11
0 0.996763 1 0.00323725 
37 12
0 0.993536 1 0.00646402 
37 13
0 0.996763 1 0.00323725 
37 14
0 0.996763 1 0.00323725 
37 15
0 0.996763 1 0.00323725 
37 16
0 0.996763 1 0.00323725 
37 17
0 0.996763 1 0.00323725 
37 18
0 0.996763 1 0.00323725 
37 19
0 0.996763 1 0.00323725 
37 20
0 0.993536 1 0.00646402 
37 21
0 0.996763 1 0.00323725 
37 22
0 0.996763 1 0.00323725 
37 23
0 0.996763 1 0.00323725 
37 24
0 0.996763 1 0.00323725 
37 25
0 0.996763 1 0.00323725 
37 26
0 0.996763 1 0.00323725 
37 27
0 0.996763 1 0.00323725 
37 28
0 0.996763 1 0.00323725 
37 29
0 0.996763 1 0.00323725 
37 30
0 0.996763 1 0.00323725 
37 31
0 0.996763 1 0.00323725 
37 32
0 0.996763 1 0.00323725 
37 33
0 0.993536 1 0.00646402 
37 34
0 0.996763 1 0.00323725 
37 35
0 0.996763 1 0.00323725 
37 36
0 0.996763 1 0.00323725 
37 38
0 0.996763 1 0.00323725 
37 39
0 0.996763 1 0.00323725 
37 40
0 0.996763 1 0.00323725 
37 41
0 0.996763 1 0.00323725 
37 42
0 0.996763 1 0.00323725 
37 43
0 0.996763 1 0.00323725 
37 44
0 0.996763 1 0.00323725 
37 45
0 0.996763 1 0.00323725 
37 46
0 0.996763 1 0.00323725 
37 47
0 0.996763 1 0.00323725 
37 48
0 0.996763 1 0.00323725 
37 49
0 0.996763 1 0.00323725 
37 50
0 0.993536 1 0.00646402 
37 51
0 0.996763 1 0.00323725 
38 0
0 0.996763 1 0.00323725 
38 1
0 0.996763 1 0.00323725 
38 2
0 0.996763 1 0.00323725 
38 3
0 0.996763 1 0.00323725 
38 4
0 0.996763 1 0.00323725 
38 5
0 0.996763 1 0.00323725 
38 6
0 0.996763 1 0.00323725 
38 7
0 0.996763 1 0.00323725 
38 8
0 0.996763 1 0.00323725 
38 9
0 0.996763 1 0.00323725 
38 10
0 0.996763 1 0.00323725 
38 11
0 0.996763 1 0.00323725 
38 12
0 0.993536 1 0.00646402 
38 13
0 0.996763 1 0.00323725 
38 14
0 0.996763 1 0.00323725 
38 15
0 0.996763 1 0.00323725 
38 16
0 0.996763 1 0.00323725 
38 17
0 0.996763 1 0.00323725 
38 18
0 0.996763 1 0.00323725 
38 19
0 0.996763 1 0.00323725 
38 20
0 0.993536 1 0.00646402 
38 21
0 0.996763 1 0.00323725 
38 22
0 0.996763 1 0.00323725 
38 23
0 0.996763 1 0.00323725 
38 24
0 0.996763 1 0.00323725 
38 25
0 0.996763 1 0.00323725 
38 26
0 0.996763 1 0.00323725 
38 27
0 0.996763 1 0.00323725 
38 28
0 0.996763 1 0.00323725 
38 29
0 0.996763 1 0.00323725 
38 30
0 0.996763 1 0.00323725 
38 31
0 0.996763 1 0.00323725 
38 32
0 0.996763 1 0.00323725 
38 33
0 0.993536 1 0.00646402 
38 34
0 0.996763 1 0.00323725 
38 35
0 0.996763 1 0.00323725 
38 36
0 0.996763 1 0.00323725 
38 37
0 0.996763 1 0.00323725 
38 39
0 0.996763 1 0.00323725 
38 40
0 0.996763 1 0.00323725 
38 41
0 0.996763 1 0.00323725 
38 42
0 0.996763 1 0.00323725 
38 43
0 0.996763 1 0.00323725 
38 44
0 0.996763 1 0.00323725 
38 45
0 0.996763 1 0.00323725 
38 46
0 0.996763 1 0.00323725 
38 47
0 0.996763 1 0.00323725 
38 48
0 0.996763 1 0.00323725 
38 49
0 0.996763 1 0.00323725 
38 50
0 0.993536 1 0.00646402 
38 51
0 0.996763 1 0.00323725 
39 0
0 0.996763 1 0.00323725 
39 1
0 0.996763 1 0.00323725 
39 2
0 0.996763 1 0.00323725 
39 3
0 0.996763 1 0.00323725 
39 4
0 0.996763 1 0.00323725 
39 5
0 0.996763 1 0.00323725 
39 6
0 0.996763 1 0.00323725 
39 7
0 0.996763 1 0.00323725 
39 8
0 0.996763 1 0.00323725 
39 9
0 0.996763 1 0.00323725 
39 10
0 0.996763 1 0.00323725 
39 11
0 0.996763 1 0.00323725 
39 12
0 0.993536 1 0.00646402 
39 13
0 0.996763 1 0.00323725 
39 14
0 0.996763 1 0.00323725 
39 15
0 0.996763 1 0.00323725 
39 16
0 0.996763 1 0.00323725 
39 17
0 0.996763 1 0.00323725 
39 18
0 0.996763 1 0.00323725 
39 19
0 0.996763 1 0.00323725 
39 20
0 0.993536 1 0.00646402 
39 21
0 0.996763 1 0.00323725 
39 22
0 0.996763 1 0.00323725 
39 23
0 0.996763 1 0.00323725 
39 24
0 0.996763 1 0.00323725 
39 25
0 0.996763 1 0.00323725 
39 26
0 0.996763 1 0.00323725 
39 27
0 0.996763 1 0.00323725 
39 28
0 0.996763 1 0.00323725 
39 29
0 0.996763 1 0.00323725 
39 30
0 0.996763 1 0.00323725 
39 31
0 0.996763 1 0.00323725 
39 32
0 0.996763 1 0.00323725 
39 33
0 0.993536 1 0.00646402 
39 34
0 0.996763 1 0.00323725 
39 35
0 0.996763 1 0.00323725 
39 36
0 0.996763 1 0.00323725 
39 37
0 0.996763 1 0.00323725 
39 38
0 0.996763 1 0.00323725 
39 40
0 0.996763 1 0.00323725 
39 41
0 0.996763 1 0.00323725 
39 42
0 0.996763 1 0.00323725 
39 43
0 0.996763 1 0.00323725 
39 44
0 0.996763 1 0.00323725 
39 45
0 0.996763 1 0.00323725 
39 46
0 0.996763 1 0.00323725 
39 47
0 0.996763 1 0.00323725 
39 48
0 0.996763 1 0.00323725 
39 49
0 0.996763 1 0.00323725 
39 50
0 0.993536 1 0.00646402 
39 51
0 0.996763 1 0.00323725 
40 0
0 0.996763 1 0.00323725 
40 1
0 0.996763 1 0.00323725 
40 2
0 0.996763 1 0.00323725 
40 3
0 0.996763 1 0.00323725 
40 4
0 0.996763 1 0.00323725 
40 5
0 0.996763 1 0.00323725 
40 6
0 0.996763 1 0.00323725 
40 7
0 0.996763 1 0.00323725 
40 8
0 0.996763 1 0.00323725 
40 9
0 0.996763 1 0.00323725 
40 10
0 0.996763 1 0.00323725 
40 11
0 0.996763 1 0.00323725 
40 12
0 0.993536 1 0.00646402 
40 13
0 0.996763 1 0.00323725 
40 14
0 0.996763 1 0.00323725 
40 15
0 0.996763 1 0.00323725 
40 16
0 0.996763 1 0.00323725 
40 17
0 0.996763 1 0.00323725 
40 18
0 0.996763 1 0.00323725 
40 19
0 0.996763 1 0.00323725 
40 20
0 0.993536 1 0.00646402 
40 21
0 0.996763 1 0.00323725 
40 22
0 0.996763 1 0.00323725 
40 23
0 0.996763 1 0.00323725 
40 24
0 0.996763 1 0.00323725 
40 25
0 0.996763 1 0.00323725 
40 26
0 0.996763 1 0.00323725 
40 27
0 0.996763 1 0.00323725 
40 28
0 0.996763 1 0.00323725 
40 29
0 0.996763 1 0.00323725 
40 30
0 0.996763 1 0.00323725 
40 31
0 0.996763 1 0.00323725 
40 32
0 0.996763 1 0.00323725 
40 33
0 0.993536 1 0.00646402 
40 34
0 0.996763 1 0.00323725 
40 35
0 0.996763 1 0.00323725 
40 36
0 0.996763 1 0.00323725 
40 37
0 0.996763 1 0.00323725 
40 38
0 0.996763 1 0.00323725 
40 39
0 0.996763 1 0.00323725 
40 41
0 0.996763 1 0.00323725 
40 42
0 0.996763 1 0.00323725 
40 43
0 0.996763 1 0.00323725 
40 44
0 0.996763 1 0.00323725 
40 45
0 0.996763 1 0.00323725 
40 46
0 0.996763 1 0.00323725 
40 47
0 0.996763 1 0.00323725 
40 48
0 0.996763 1 0.00323725 
40 49
0 0.996763 1 0.00323725 
40 50
0 0.993536 1 0.00646402 
40 51
0 0.996763 1 0.00323725 
41 0
0 0.996763 1 0.00323725 
41 1
0 0.996763 1 0.00323725 
41 2
0 0.996763 1 0.00323725 
41 3
0 0.996763 1 0.00323725 
41 4
0 0.996763 1 0.00323725 
41 5
0 0.996763 1 0.00323725 
41 6
0 0.996763 1 0.00323725 
41 7
0 0.996763 1 0.00323725 
41 8
0 0.996763 1 0.00323725 
41 9
0 0.996763 1 0.00323725 
41 10
0 0.996763 1 0.00323725 
41 11
0 0.996763 1 0.00323725 
41 12
0 0.993536 1 0.00646402 
41 13
0 0.996763 1 0.00323725 
41 14
0 0.996763 1 0.00323725 
41 15
0 0.996763 1 0.00323725 
41 16
0 0.996763 1 0.00323725 
41 17
0 0.996763 1 0.00323725 
41 18
0 0.996763 1 0.00323725 
41 19
0 0.996763 1 0.00323725 
41 20
0 0.993536 1 0.00646402 
41 21
0 0.996763 1 0.00323725 
41 22
0 0.996763 1 0.00323725 
41 23
0 0.996763 1 0.00323725 
41 24
0 0.996763 1 0.00323725 
41 25
0 0.996763 1 0.00323725 
41 26
0 0.996763 1 0.00323725 
41 27
0 0.996763 1 0.00323725 
41 28
0 0.996763 1 0.00323725 
41 29
0 0.996763 1 0.00323725 
41 30
0 0.996763 1 0.00323725 
41 31
0 0.996763 1 0.00323725 
41 32
0 0.996763 1 0.00323725 
41 33
0 0.993536 1 0.00646402 
41 34
0 0.996763 1 0.00323725 
41 35
0 0.996763 1 0.00323725 
41 36
0 0.996763 1 0.00323725 
41 37
0 0.996763 1 0.00323725 
41 38
0 0.996763 1 0.00323725 
41 39
0 0.996763 1 0.00323725 
41 40
0 0.996763 1 0.00323725 
41 42
0 0.996763 1 0.00323725 
41 43
0 0.996763 1 0.00323725 
41 44
0 0.996763 1 0.00323725 
41 45
0 0.996763 1 0.00323725 
41 46
0 0.996763 1 0.00323725 
41 47
0 0.996763 1 0.00323725 
41 48
0 0.996763 1 0.00323725 
41 49
0 0.996763 1 0.00323725 
41 50
0 0.993536 1 0.00646402 
41 51
0 0.996763 1 0.00323725 
42 0
0 0.996763 1 0.00323725 
42 1
0 0.996763 1 0.00323725 
42 2
0 0.996763 1 0.00323725 
42 3
0 0.996763 1 0.00323725 
42 4
0 0.996763 1 0.00323725 
42 5
0 0.996763 1 0.00323725 
42 6
0 0.996763 1 0.00323725 
42 7
0 0.996763 1 0.00323725 
42 8
0 0.996763 1 0.00323725 
42 9
0 0.996763 1 0.00323725 
42 10
0 0.996763 1 0.00323725 
42 11
0 0.996763 1 0.00323725 
42 12
0 0.993536 1 0.00646402 
42 13
0 0.996763 1 0.00323725 
42 14
0 0.996763 1 0.00323725 
42 15
0 0.996763 1 0.00323725 
42 16
0 0.996763 1 0.00323725 
42 17
0 0.996763 1 0.00323725 
42 18
0 0.996763 1 0.00323725 
42 19
0 0.996763 1 0.00323725 
42 20
0 0.993536 1 0.00646402 
42 21
0 0.996763 1 0.00323725 
42 22
0 0.996763 1 0.00323725 
42 23
0 0.996763 1 0.00323725 
42 24
0 0.996763 1 0.00323725 
42 25
0 0.996763 1 0.00323725 
42 26
0 0.996763 1 0.00323725 
42 27
0 0.996763 1 0.00323725 
42 28
0 0.996763 1 0.00323725 
42 29
0 0.996763 1 0.00323725 
42 30
0 0.996763 1 0.00323725 
42 31
0 0.996763 1 0.00323725 
42 32
0 0.996763 1 0.00323725 
42 33
0 0.993536 1 0.00646402 
42 34
0 0.996763 1 0.00323725 
42 35
0 0.996763 1 0.00323725 
42 36
0 0.996763 1 0.00323725 
42 37
0 0.996763 1 0.00323725 
42 38
0 0.996763 1 0.00323725 
42 39
0 0.996763 1 0.00323725 
42 40
0 0.996763 1 0.00323725 
42 41
0 0.996763 1 0.00323725 
42 43
0 0.996763 1 0.00323725 
42 44
0 0.996763 1 0.00323725 
42 45
0 0.996763 1 0.00323725 
42 46
0 0.996763 1 0.00323725 
42 47
0 0.996763 1 0.00323725 
42 48
0 0.996763 1 0.00323725 
42 49
0 0.996763 1 0.00323725 
42 50
0 0.993536 1 0.00646402 
42 51
0 0.996763 1 0.00323725 
43 0
0 0.996763 1 0.00323725 
43 1
0 0.996763 1 0.00323725 
43 2
0 0.996763 1 0.00323725 
43 3
0 0.996763 1 0.00323725 
43 4
0 0.996763 1 0.00323725 
43 5
0 0.996763 1 0.00323725 
43 6
0 0.996763 1 0.00323725 
43 7
0 0.996763 1 0.00323725 
43 8
0 0.996763 1 0.00323725 
43 9
0 0.996763 1 0.00323725 
43 10
0 0.996763 1 0.00323725 
43 11
0 0.996763 1 0.00323725 
43 12
0 0.993536 1 0.00646402 
43 13
0 0.996763 1 0.00323725 
43 14
0 0.996763 1 0.00323725 
43 15
0 0.996763 1 0.00323725 
43 16
0 0.996763 1 0.00323725 
43 17
0 0.996763 1 0.00323725 
43 18
0 0.996763 1 0.00323725 
43 19
0 0.996763 1 0.00323725 
43 20
0 0.993536 1 0.00646402 
43 21
0 0.996763 1 0.00323725 
43 22
0 0.996763 1 0.00323725 
43 23
0 0.996763 1 0.00323725 
43 24
0 0.996763 1 0.00323725 
43 25
0 0.996763 1 0.00323725 
43 26
0 0.996763 1 0.00323725 
43 27
0 0.996763 1 0.00323725 
43 28
0 0.996763 1 0.00323725 
43 29
0 0.996763 1 0.00323725 
43 30
0 0.996763 1 0.00323725 
43 31
0 0.996763 1 0.00323725 
43 32
0 0.996763 1 0.00323725 
43 33
0 0.993536 1 0.00646402 
43 34
0 0.996763 1 0.00323725 
43 35
0 0.996763 1 0.00323725 
43 36
0 0.996763 1 0.00323725 
43 37
0 0.996763 1 0.00323725 
43 38
0 0.996763 1 0.00323725 
43 39
0 0.996763 1 0.00323725 
43 40
0 0.996763 1 0.00323725 
43 41
0 0.996763 1 0.00323725 
43 42
0 0.996763 1 0.00323725 
43 44
0 0.996763 1 0.00323725 
43 45
0 0.996763 1 0.00323725 
43 46
0 0.996763 1 0.00323725 
43 47
0 0.996763 1 0.00323725 
43 48
0 0.996763 1 0.00323725 
43 49
0 0.996763 1 0.00323725 
43 50
0 0.993536 1 0.00646402 
43 51
0 0.996763 1 0.00323725 
44 0
0 0.996763 1 0.00323725 
44 1
0 0.996763 1 0.00323725 
44 2
0 0.996763 1 0.00323725 
44 3
0 0.996763 1 0.00323725 
44 4
0 0.996763 1 0.00323725 
44 5
0 0.996763 1 0.00323725 
44 6
0 0.996763 1 0.00323725 
44 7
0 0.996763 1 0.00323725 
44 8
0 0.996763 1 0.00323725 
44 9
0 0.996763 1 0.00323725 
44 10
0 0.996763 1 0.00323725 
44 11
0 0.996763 1 0.00323725 
44 12
0 0.993536 1 0.00646402 
44 13
0 0.996763 1 0.00323725 
44 14
0 0.996763 1 0.00323725 
44 15
0 0.996763 1 0.00323725 
44 16
0 0.996763 1 0.00323725 
44 17
0 0.996763 1 0.00323725 
44 18
0 0.996763 1 0.00323725 
44 19
0 0.996763 1 0.00323725 
44 20
0 0.993536 1 0.00646402 
44 21
0 0.996763 1 0.00323725 
44 22
0 0.996763 1 0.00323725 
44 23
0 0.996763 1 0.00323725 
44 24
0 0.996763 1 0.00323725 
44 25
0 0.996763 1 0.00323725 
44 26
0 0.996763 1 0.00323725 
44 27
0 0.996763 1 0.00323725 
44 28
0 0.996763 1 0.00323725 
44 29
0 0.996763 1 0.00323725 
44 30
0 0.996763 1 0.00323725 
44 31
0 0.996763 1 0.00323725 
44 32
0 0.996763 1 0.00323725 
44 33
0 0.993536 1 0.00646402 
44 34
0 0.996763 1 0.00323725 
44 35
0 0.996763 1 0.00323725 
44 36
0 0.996763 1 0.00323725 
44 37
0 0.996763 1 0.00323725 
44 38
0 0.996763 1 0.00323725 
44 39
0 0.996763 1 0.00323725 
44 40
0 0.996763 1 0.00323725 
44 41
0 0.996763 1 0.00323725 
44 42
0 0.996763 1 0.00323725 
44 43
0 0.996763 1 0.00323725 
44 45
0 0.996763 1 0.00323725 
44 46
0 0.996763 1 0.00323725 
44 47
0 0.996763 1 0.00323725 
44 48
0 0.996763 1 0.00323725 
44 49
0 0.996763 1 0.00323725 
44 50
0 0.993536 1 0.00646402 
44 51
0 0.996763 1 0.00323725 
45 0
0 0.996763 1 0.00323725 
45 1
0 0.996763 1 0.00323725 
45 2
0 0.996763 1 0.00323725 
45 3
0 0.996763 1 0.00323725 
45 4
0 0.996763 1 0.00323725 
45 5
0 0.996763 1 0.00323725 
45 6
0 0.996763 1 0.00323725 
45 7
0 0.996763 1 0.00323725 
45 8
0 0.996763 1 0.00323725 
45 9
0 0.996763 1 0.00323725 
45 10
0 0.996763 1 0.00323725 
45 11
0 0.996763 1 0.00323725 
45 12
0 0.993536 1 0.00646402 
45 13
0 0.996763 1 0.00323725 
45 14
0 0.996763 1 0.00323725 
45 15
0 0.996763 1 0.00323725 
45 16
0 0.996763 1 0.00323725 
45 17
0 0.996763 1 0.00323725 
45 18
0 0.996763 1 0.00323725 
45 19
0 0.996763 1 0.00323725 
45 20
0 0.993536 1 0.00646402 
45 21
0 0.996763 1 0.00323725 
45 22
0 0.996763 1 0.00323725 
45 23
0 0.996763 1 0.00323725 
45 24
0 0.996763 1 0.00323725 
45 25
0 0.996763 1 0.00323725 
45 26
0 0.996763 1 0.00323725 
45 27
0 0.996763 1 0.00323725 
45 28
0 0.996763 1 0.00323725 
45 29
0 0.996763 1 0.00323725 
45 30
0 0.996763 1 0.00323725 
45 31
0 0.996763 1 0.00323725 
45 32
0 0.996763 1 0.00323725 
45 33
0 0.993536 1 0.00646402 
45 34
0 0.996763 1 0.00323725 
45 35
0 0.996763 1 0.00323725 
45 36
0 0.996763 1 0.00323725 
45 37
0 0.996763 1 0.00323725 
45 38
0 0.996763 1 0.00323725 
45 39
0 0.996763 1 0.00323725 
45 40
0 0.996763 1 0.00323725 
45 41
0 0.996763 1 0.00323725 
45 42
0 0.996763 1 0.00323725 
45 43
0 0.996763 1 0.00323725 
45 44
0 0.996763 1 0.00323725 
45 46
0 0.996763 1 0.00323725 
45 47
0 0.996763 1 0.00323725 
45 48
0 0.996763 1 0.00323725 
45 49
0 0.996763 1 0.00323725 
45 50
0 0.993536 1 0.00646402 
45 51
0 0.996763 1 0.00323725 
46 0
0 0.996763 1 0.00323725 
46 1
0 0.996763 1 0.00323725 
46 2
0 0.996763 1 0.00323725 
46 3
0 0.996763 1 0.00323725 
46 4
0 0.996763 1 0.00323725 
46 5
0 0.996763 1 0.00323725 
46 6
0 0.996763 1 0.00323725 
46 7
0 0.996763 1 0.00323725 
46 8
0 0.996763 1 0.00323725 
46 9
0 0.996763 1 0.00323725 
46 10
0 0.996763 1 0.00323725 
46 11
0 0.996763 1 0.00323725 
46 12
0 0.993536 1 0.00646402 
46 13
0 0.996763 1 0.00323725 
46 14
0 0.996763 1 0.00323725 
46 15
0 0.996763 1 0.00323725 
46 16
0 0.996763 1 0.00323725 
46 17
0 0.996763 1 0.00323725 
46 18
0 0.996763 1 0.00323725 
46 19
0 0.996763 1 0.00323725 
46 20
0 0.993536 1 0.00646402 
46 21
0 0.996763 1 0.00323725 
46 22
0 0.996763 1 0.00323725 
46 23
0 0.996763 1 0.00323725 
46 24
0 0.996763 1 0.00323725 
46 25
0 0.996763 1 0.00323725 
46 26
0 0.996763 1 0.00323725 
46 27
0 0.996763 1 0.00323725 
46 28
0 0.996763 1 0.00323725 
46 29
0 0.996763 1 0.00323725 
46 30
0 0.996763 1 0.00323725 
46 31
0 0.996763 1 0.00323725 
46 32
0 0.996763 1 0.00323725 
46 33
0 0.993536 1 0.00646402 
46 34
0 0.996763 1 0.00323725 
46 35
0 0.996763 1 0.00323725 
46 36
0 0.996763 1 0.00323725 
46 37
0 0.996763 1 0.00323725 
46 38
0 0.996763 1 0.00323725 
46 39
0 0.996763 1 0.00323725 
46 40
0 0.996763 1 0.00323725 
46 41
0 0.996763 1 0.00323725 
46 42
0 0.996763 1 0.00323725 
46 43
0 0.996763 1 0.00323725 
46 44
0 0.996763 1 0.00323725 
46 45
0 0.996763 1 0.00323725 
46 47
0 0.996763 1 0.00323725 
46 48
0 0.996763 1 0.00323725 
46 49
0 0.996763 1 0.00323725 
46 50
0 0.993536 1 0.00646402 
46 51
0 0.996763 1 0.00323725 
47 0
0 0.996763 1 0.00323725 
47 1
0 0.996763 1 0.00323725 
47 2
0 0.996763 1 0.00323725 
47 3
0 0.996763 1 0.00323725 
47 4
0 0.996763 1 0.00323725 
47 5
0 0.996763 1 0.00323725 
47 6
0 0.996763 1 0.00323725 
47 7
0 0.996763 1 0.00323725 
47 8
0 0.996763 1 0.00323725 
47 9
0 0.996763 1 0.00323725 
47 10
0 0.996763 1 0.00323725 
47 11
0 0.996763 1 0.00323725 
47 12
0 0.993536 1 0.00646402 
47 13
0 0.996763 1 0.00323725 
47 14
0 0.996763 1 0.00323725 
47 15
0 0.996763 1 0.00323725 
47 16
0 0.996763 1 0.00323725 
47 17
0 0.996763 1 0.00323725 
47 18
0 0.996763 1 0.00323725 
47 19
0 0.996763 1 0.00323725 
47 20
0 0.993536 1 0.00646402 
47 21
0 0.996763 1 0.00323725 
47 22
0 0.996763 1 0.00323725 
47 23
0 0.996763 1 0.00323725 
47 24
0 0.996763 1 0.00323725 
47 25
0 0.996763 1 0.00323725 
47 26
0 0.996763 1 0.00323725 
47 27
0 0.996763 1 0.00323725 
47 28
0 0.996763 1 0.00323725 
47 29
0 0.996763 1 0.00323725 
47 30
0 0.996763 1 0.00323725 
47 31
0 0.996763 1 0.00323725 
47 32
0 0.996763 1 0.00323725 
47 33
0 0.993536 1 0.00646402 
47 34
0 0.996763 1 0.00323725 
47 35
0 0.996763 1 0.00323725 
47 36
0 0.996763 1 0.00323725 
47 37
0 0.996763 1 0.00323725 
47 38
0 0.996763 1 0.00323725 
47 39
0 0.996763 1 0.00323725 
47 40
0 0.996763 1 0.00323725 
47 41
0 0.996763 1 0.00323725 
47 42
0 0.996763 1 0.00323725 
47 43
0 0.996763 1 0.00323725 
47 44
0 0.996763 1 0.00323725 
47 45
0 0.996763 1 0.00323725 
47 46
0 0.996763 1 0.00323725 
47 48
0 0.996763 1 0.00323725 
47 49
0 0.996763 1 0.00323725 
47 50
0 0.993536 1 0.00646402 
47 51
0 0.996763 1 0.00323725 
48 0
0 0.996763 1 0.00323725 
48 1
0 0.996763 1 0.00323725 
48 2
0 0.996763 1 0.00323725 
48 3
0 0.996763 1 0.00323725 
48 4
0 0.996763 1 0.00323725 
48 5
0 0.996763 1 0.00323725 
48 6
0 0.996763 1 0.00323725 
48 7
0 0.996763 1 0.00323725 
48 8
0 0.996763 1 0.00323725 
48 9
0 0.996763 1 0.00323725 
48 10
0 0.996763 1 0.00323725 
48 11
0 0.996763 1 0.00323725 
48 12
0 0.993536 1 0.00646402 
48 13
0 0.996763 1 0.00323725 
48 14
0 0.996763 1 0.00323725 
48 15
0 0.996763 1 0.00323725 
48 16
0 0.996763 1 0.00323725 
48 17
0 0.996763 1 0.00323725 
48 18
0 0.996763 1 0.00323725 
48 19
0 0.996763 1 0.00323725 
48 20
0 0.993536 1 0.00646402 
48 21
0 0.996763 1 0.00323725 
48 22
0 0.996763 1 0.00323725 
48 23
0 0.996763 1 0.00323725 
48 24
0 0.996763 1 0.00323725 
48 25
0 0.996763 1 0.00323725 
48 26
0 0.996763 1 0.00323725 
48 27
0 0.996763 1 0.00323725 
48 28
0 0.996763 1 0.00323725 
48 29
0 0.996763 1 0.00323725 
48 30
0 0.996763 1 0.00323725 
48 31
0 0.996763 1 0.00323725 
48 32
0 0.996763 1 0.00323725 
48 33
0 0.993536 1 0.00646402 
48 34
0 0.996763 1 0.00323725 
48 35
0 0.996763 1 0.00323725 
48 36
0 0.996763 1 0.00323725 
48 37
0 0.996763 1 0.00323725 
48 38
0 0.996763 1 0.00323725 
48 39
0 0.996763 1 0.00323725 
48 40
0 0.996763 1 0.00323725 
48 41
0 0.996763 1 0.00323725 
48 42
0 0.996763 1 0.00323725 
48 43
0 0.996763 1 0.00323725 
48 44
0 0.996763 1 0.00323725 
48 45
0 0.996763 1 0.00323725 
48 46
0 0.996763 1 0.00323725 
48 47
0 0.996763 1 0.00323725 
48 49
0 0.996763 1 0.00323725 
48 50
0 0.993536 1 0.00646402 
48 51
0 0.996763 1 0.00323725 
49 0
0 0.996763 1 0.00323725 
49 1
0 0.996763 1 0.00323725 
49 2
0 0.996763 1 0.00323725 
49 3
0 0.996763 1 0.00323725 
49 4
0 0.996763 1 0.00323725 
49 5
0 0.996763 1 0.00323725 
49 6
0 0.996763 1 0.00323725 
49 7
0 0.996763 1 0.00323725 
49 8
0 0.996763 1 0.00323725 
49 9
0 0.996763 1 0.00323725 
49 10
0 0.996763 1 0.00323725 
49 11
0 0.996763 1 0.00323725 
49 12
0 0.993536 1 0.00646402 
49 13
0 0.996763 1 0.00323725 
49 14
0 0.996763 1 0.00323725 
49 15
0 0.996763 1 0.00323725 
49 16
0 0.996763 1 0.00323725 
49 17
0 0.996763 1 0.00323725 
49 18
0 0.996763 1 0.00323725 
49 19
0 0.996763 1 0.00323725 
49 20
0 0.993536 1 0.00646402 
49 21
0 0.996763 1 0.00323725 
49 22
0 0.996763 1 0.00323725 
49 23
0 0.996763 1 0.00323725 
49 24
0 0.996763 1 0.00323725 
49 25
0 0.996763 1 0.00323725 
49 26
0 0.996763 1 0.00323725 
49 27
0 0.996763 1 0.00323725 
49 28
0 0.996763 1 0.00323725 
49 29
0 0.996763 1 0.00323725 
49 30
0 0.996763 1 0.00323725 
49 31
0 0.996763 1 0.00323725 
49 32
0 0.996763 1 0.00323725 
49 33
0 0.993536 1 0.00646402 
49 34
0 0.996763 1 0.00323725 
49 35
0 0.996763 1 0.00323725 
49 36
0 0.996763 1 0.00323725 
49 37
0 0.996763 1 0.00323725 
49 38
0 0.996763 1 0.00323725 
49 39
0 0.996763 1 0.00323725 
49 40
0 0.996763 1 0.00323725 
49 41
0 0.996763 1 0.00323725 
49 42
0 0.996763 1 0.00323725 
49 43
0 0.996763 1 0.00323725 
49 44
0 0.996763 1 0.00323725 
49 45
0 0.996763 1 0.00323725 
49 46
0 0.996763 1 0.00323725 
49 47
0 0.996763 1 0.00323725 
49 48
0 0.996763 1 0.00323725 
49 50
0 0.993536 1 0.00646402 
49 51
0 0.996763 1 0.00323725 
50 0
0 0.993536 1 0.00646402 
50 1
0 0.993536 1 0.00646402 
50 2
0 0.993536 1 0.00646402 
50 3
0 0.993536 1 0.00646402 
50 4
0 0.993536 1 0.00646402 
50 5
0 0.993536 1 0.00646402 
50 6
0 0.993536 1 0.00646402 
50 7
0 0.993536 1 0.00646402 
50 8
0 0.993536 1 0.00646402 
50 9
0 0.993536 1 0.00646402 
50 10
0 0.993536 1 0.00646402 
50 11
0 0.993536 1 0.00646402 
50 12
0 0.342274 1 0.5 2 0.157726 
50 13
0 0.993536 1 0.00646402 
50 14
0 0.993536 1 0.00646402 
50 15
0 0.993536 1 0.00646402 
50 16
0 0.993536 1 0.00646402 
50 17
0 0.993536 1 0.00646402 
50 18
0 0.993536 1 0.00646402 
50 19
0 0.993536 1 0.00646402 
50 20
0 0.342274 1 0.5 2 0.157726 
50 21
0 0.993536 1 0.00646402 
50 22
0 0.993536 1 0.00646402 
50 23
0 0.993536 1 0.00646402 
50 24
0 0.993536 1 0.00646402 
50 25
0 0.993536 1 0.00646402 
50 26
0 0.993536 1 0.00646402 
50 27
0 0.993536 1 0.00646402 
50 28
0 0.993536 1 0.00646402 
50 29
0 0.993536 1 0.00646402 
50 30
0 0.993536 1 0.00646402 
50 31
0 0.993536 1 0.00646402 
50 32
0 0.993536 1 0.00646402 
50 33
0 0.342274 1 0.5 2 0.157726 
50 34
0 0.993536 1 0.00646402 
50 35
0 0.993536 1 0.00646402 
50 36
0 0.993536 1 0.00646402 
50 37
0 0.993536 1 0.00646402 
50 38
0 0.993536 1 0.00646402 
50 39
0 0.993536 1 0.00646402 
50 40
0 0.993536 1 0.00646402 
50 41
0 0.993536 1 0.00646402 
50 42
0 0.993536 1 0.00646402 
50 43
0 0.993536 1 0.00646402 
50 44
0 0.993536 1 0.00646402 
50 45
0 0.993536 1 0.00646402 
50 46
0 0.993536 1 0.00646402 
50 47
0 0.993536 1 0.00646402 
50 48
0 0.993536 1 0.00646402 
50 49
0 0.993536 1 0.00646402 
50 51
0 0.993536 1 0.00646402 
51 0
0 0.996763 1 0.00323725 
51 1
0 0.996763 1 0.00323725 
51 2
0 0.996763 1 0.00323725 
51 3
0 0.996763 1 0.00323725 
51 4
0 0.996763 1 0.00323725 
51 5
0 0.996763 1 0.00323725 
51 6
0 0.996763 1 0.00323725 
51 7
0 0.996763 1 0.00323725 
51 8
0 0.996763 1 0.00323725 
51 9
0 0.996763 1 0.00323725 
51 10
0 0.996763 1 0.00323725 
51 11
0 0.996763 1 0.00323725 
51 12
0 0.993536 1 0.00646402 
51 13
0 0.996763 1 0.00323725 
51 14
0 0.996763 1 0.00323725 
51 15
0 0.996763 1 0.00323725 
51 16
0 0.996763 1 0.00323725 
51 17
0 0.996763 1 0.00323725 
51 18
0 0.996763 1 0.00323725 
51 19
0 0.996763 1 0.00323725 
51 20
0 0.993536 1 0.00646402 
51 21
0 0.996763 1 0.00323725 
51 22
0 0.996763 1 0.00323725 
51 23
0 0.996763 1 0.00323725 
51 24
0 0.996763 1 0.00323725 
51 25
0 0.996763 1 0.00323725 
51 26
0 0.996763 1 0.00323725 
51 27
0 0.996763 1 0.00323725 
51 28
0 0.996763 1 0.00323725 
51 29
0 0.996763 1 0.00323725 
51 30
0 0.996763 1 0.00323725 
51 31
0 0.996763 1 0.00323725 
51 32
0 0.996763 1 0.00323725 
51 33
0 0.993536 1 0.00646402 
51 34
0 0.996763 1 0.00323725 
51 35
0 0.996763 1 0.00323725 
51 36
0 0.996763 1 0.00323725 
51 37
0 0.996763 1 0.00323725 
51 38
0 0.996763 1 0.00323725 
51 39
0 0.996763 1 0.00323725 
51 40
0 0.996763 1 0.00323725 
51 41
0 0.996763 1 0.00323725 
51 42
0 0.996763 1 0.00323725 
51 43
0 0.996763 1 0.00323725 
51 44
0 0.996763 1 0.00323725 
51 45
0 0.996763 1 0.00323725 
51 46
0 0.996763 1 0.00323725 
51 47
0 0.996763 1 0.00323725 
51 48
0 0.996763 1 0.00323725 
51 49
0 0.996763 1 0.00323725 
51 50
0 0.993536 1 0.00646402 
