c 	burma14_tsp_14_4_4_6_44_50_6_112_0_0_0_100_3687662_0_0
c 	nn 14
c 	nm 4
c 	oComp 4
c 	ooProb 0.0176757
c 	coProb 0.0350389
c 	ooD 0.353513
c 	coD 2.80311
c 	ccD 3.15663
c 	totD 6.31325
c 	ooD/totD 0.0559954
c 	coD/totD 0.444005
c 	ccD/totD 0.5
c 	ccEval 0.263052
c 	ooN 20
c 	coN 80
c 	ccN 12
c 	totN 112
c 	totN / nn(nn-1)=0.615385
c 	 TYPE: TSPLIB
14
153 510 706 966 581 455 70 160 372 157 567 342 398 
153 422 664 997 598 507 197 311 479 310 581 417 376 
510 422 289 744 390 437 491 645 880 618 374 455 211 
706 664 289 491 265 410 664 804 1070 768 259 499 310 
966 997 744 491 400 514 902 990 1261 947 418 635 636 
581 598 390 265 400 168 522 634 910 593 19 284 239 
455 507 437 410 514 168 389 482 757 439 163 124 232 
70 197 491 664 902 522 389 154 406 133 508 273 355 
160 311 645 804 990 634 482 154 276 43 623 358 498 
372 479 880 1070 1261 910 757 406 276 318 898 633 761 
157 310 618 768 947 593 439 133 43 318 582 315 464 
567 581 374 259 418 19 163 508 623 898 582 275 221 
342 417 455 499 635 284 124 273 358 633 315 275 247 
398 376 211 310 636 239 232 355 498 761 464 221 247 
112
0 1
0 0.964961 1 0.0350389 
0 2
0 0.964961 1 0.0350389 
0 3
0 0.736948 1 0.263052 
0 4
0 0.964961 1 0.0350389 
0 5
0 0.736948 1 0.263052 
0 6
0 0.964961 1 0.0350389 
0 7
0 0.964961 1 0.0350389 
0 8
0 0.964961 1 0.0350389 
0 9
0 0.964961 1 0.0350389 
0 10
0 0.964961 1 0.0350389 
0 11
0 0.736948 1 0.263052 
0 12
0 0.964961 1 0.0350389 
0 13
0 0.964961 1 0.0350389 
1 0
0 0.964961 1 0.0350389 
1 3
0 0.964961 1 0.0350389 
1 5
0 0.964961 1 0.0350389 
1 10
0 0.982324 1 0.0176757 
1 11
0 0.964961 1 0.0350389 
1 12
0 0.982324 1 0.0176757 
2 0
0 0.964961 1 0.0350389 
2 3
0 0.964961 1 0.0350389 
2 5
0 0.964961 1 0.0350389 
2 11
0 0.964961 1 0.0350389 
2 13
0 0.982324 1 0.0176757 
3 0
0 0.736948 1 0.263052 
3 1
0 0.964961 1 0.0350389 
3 2
0 0.964961 1 0.0350389 
3 4
0 0.964961 1 0.0350389 
3 5
0 0.736948 1 0.263052 
3 6
0 0.964961 1 0.0350389 
3 7
0 0.964961 1 0.0350389 
3 8
0 0.964961 1 0.0350389 
3 9
0 0.964961 1 0.0350389 
3 10
0 0.964961 1 0.0350389 
3 11
0 0.736948 1 0.263052 
3 12
0 0.964961 1 0.0350389 
3 13
0 0.964961 1 0.0350389 
4 0
0 0.964961 1 0.0350389 
4 3
0 0.964961 1 0.0350389 
4 5
0 0.964961 1 0.0350389 
4 11
0 0.964961 1 0.0350389 
4 13
0 0.982324 1 0.0176757 
5 0
0 0.736948 1 0.263052 
5 1
0 0.964961 1 0.0350389 
5 2
0 0.964961 1 0.0350389 
5 3
0 0.736948 1 0.263052 
5 4
0 0.964961 1 0.0350389 
5 6
0 0.964961 1 0.0350389 
5 7
0 0.964961 1 0.0350389 
5 8
0 0.964961 1 0.0350389 
5 9
0 0.964961 1 0.0350389 
5 10
0 0.964961 1 0.0350389 
5 11
0 0.736948 1 0.263052 
5 12
0 0.964961 1 0.0350389 
5 13
0 0.964961 1 0.0350389 
6 0
0 0.964961 1 0.0350389 
6 1
0 0.982324 1 0.0176757 
6 3
0 0.964961 1 0.0350389 
6 5
0 0.964961 1 0.0350389 
6 8
0 0.982324 1 0.0176757 
6 10
0 0.982324 1 0.0176757 
6 11
0 0.964961 1 0.0350389 
6 12
0 0.982324 1 0.0176757 
7 0
0 0.964961 1 0.0350389 
7 2
0 0.982324 1 0.0176757 
7 3
0 0.964961 1 0.0350389 
7 5
0 0.964961 1 0.0350389 
7 11
0 0.964961 1 0.0350389 
7 13
0 0.982324 1 0.0176757 
8 0
0 0.964961 1 0.0350389 
8 2
0 0.982324 1 0.0176757 
8 3
0 0.964961 1 0.0350389 
8 4
0 0.982324 1 0.0176757 
8 5
0 0.964961 1 0.0350389 
8 11
0 0.964961 1 0.0350389 
9 0
0 0.964961 1 0.0350389 
9 3
0 0.964961 1 0.0350389 
9 5
0 0.964961 1 0.0350389 
9 10
0 0.982324 1 0.0176757 
9 11
0 0.964961 1 0.0350389 
10 0
0 0.964961 1 0.0350389 
10 1
0 0.982324 1 0.0176757 
10 2
0 0.982324 1 0.0176757 
10 3
0 0.964961 1 0.0350389 
10 4
0 0.982324 1 0.0176757 
10 5
0 0.964961 1 0.0350389 
10 9
0 0.982324 1 0.0176757 
10 11
0 0.964961 1 0.0350389 
11 0
0 0.736948 1 0.263052 
11 1
0 0.964961 1 0.0350389 
11 2
0 0.964961 1 0.0350389 
11 3
0 0.736948 1 0.263052 
11 4
0 0.964961 1 0.0350389 
11 5
0 0.736948 1 0.263052 
11 6
0 0.964961 1 0.0350389 
11 7
0 0.964961 1 0.0350389 
11 8
0 0.964961 1 0.0350389 
11 9
0 0.964961 1 0.0350389 
11 10
0 0.964961 1 0.0350389 
11 12
0 0.964961 1 0.0350389 
11 13
0 0.964961 1 0.0350389 
12 0
0 0.964961 1 0.0350389 
12 3
0 0.964961 1 0.0350389 
12 4
0 0.982324 1 0.0176757 
12 5
0 0.964961 1 0.0350389 
12 7
0 0.982324 1 0.0176757 
12 11
0 0.964961 1 0.0350389 
13 0
0 0.964961 1 0.0350389 
13 3
0 0.964961 1 0.0350389 
13 5
0 0.964961 1 0.0350389 
13 10
0 0.982324 1 0.0176757 
13 11
0 0.964961 1 0.0350389 
