c 	eil51_tsp_51_4_full_37_13_50_19_2550_0_0_0_100_7325196_0_0
c 	nn 51
c 	nm 4
c 	oComp 92
c 	ooProb 0.0032971
c 	coProb 0.00658333
c 	ooD 7.12833
c 	coD 2.47533
c 	ccD 9.60366
c 	totD 19.2073
c 	ooD/totD 0.371126
c 	coD/totD 0.128874
c 	ccD/totD 0.5
c 	ccEval 0.800305
c 	ooN 2162
c 	coN 376
c 	ccN 12
c 	totN 2550
c 	totN / nn(nn-1)=1
c 	 TYPE: TSPLIB
51
12 19 31 22 17 23 12 24 34 12 21 42 27 36 19 31 28 46 21 27 7 22 29 33 19 8 16 21 33 17 6 43 31 27 31 30 19 43 56 44 45 34 38 42 14 23 12 26 24 14 
12 15 37 21 28 35 22 16 28 11 25 50 38 35 9 34 36 51 12 15 11 34 41 43 29 19 19 9 24 23 11 39 20 19 24 32 15 35 62 50 48 46 39 40 20 29 25 21 14 21 
19 15 50 36 35 35 21 31 43 25 38 61 46 51 23 48 47 64 8 24 12 37 46 52 25 27 9 17 37 16 23 54 32 10 12 47 30 49 75 63 62 47 54 56 32 42 28 36 27 33 
31 37 50 20 21 37 38 33 31 27 13 15 18 19 35 8 8 15 49 45 38 31 29 18 43 24 47 44 38 46 27 31 42 56 61 13 27 41 25 13 16 41 15 25 18 8 29 28 38 17 
22 21 36 20 25 40 33 12 14 11 9 35 30 15 16 15 23 32 33 25 27 36 39 34 40 21 37 25 18 39 16 21 21 40 45 11 7 24 42 33 28 49 18 20 12 15 29 8 17 14 
17 28 35 21 25 16 18 34 40 22 18 27 10 34 32 25 15 35 38 41 23 11 14 17 22 9 30 37 42 27 17 45 42 44 47 27 27 50 44 32 37 23 33 41 14 16 9 33 36 11 
23 35 35 37 40 16 14 46 54 33 34 40 22 51 41 41 30 50 40 50 26 6 14 27 11 20 26 44 55 21 27 60 53 45 46 44 40 64 58 47 53 12 50 57 28 32 11 47 47 26 
12 22 21 38 33 18 14 36 46 24 30 45 28 46 30 39 32 52 26 37 12 16 25 34 7 14 13 30 44 9 17 54 42 31 33 40 30 55 62 50 53 26 47 53 23 31 9 38 35 22 
24 16 31 33 12 34 46 36 12 13 21 48 41 23 8 27 35 44 25 13 26 43 48 45 43 27 35 16 8 39 19 24 9 32 38 23 7 19 54 45 39 56 28 26 21 27 35 6 6 23 
34 28 43 31 14 40 54 46 12 22 23 46 44 16 20 24 36 39 37 24 37 50 53 47 53 34 47 28 9 50 28 12 16 43 49 19 15 10 48 41 32 63 22 16 26 28 43 8 17 28 
12 11 25 27 11 22 33 24 13 22 14 40 30 26 10 23 26 40 23 20 16 31 36 35 31 14 26 17 21 28 6 31 21 30 35 21 7 31 51 40 37 44 29 31 10 19 22 14 15 12 
21 25 38 13 9 18 34 30 21 23 14 27 21 17 23 10 14 26 37 33 27 29 30 25 36 16 37 31 27 37 16 27 30 44 49 10 14 33 37 26 24 41 17 23 7 6 24 17 25 8 
42 50 61 15 35 27 40 45 48 46 40 27 18 32 50 22 14 14 62 59 49 34 27 13 48 34 57 58 53 54 39 44 57 69 73 27 41 55 19 9 22 39 27 37 30 21 36 43 52 29 
27 38 46 18 30 10 22 28 41 44 30 21 18 35 40 24 10 29 48 50 34 16 11 6 30 19 40 46 48 37 26 47 50 54 58 28 34 54 37 25 33 23 32 42 20 16 18 39 44 18 
36 35 51 19 15 34 51 46 23 16 26 17 32 35 30 11 25 23 47 37 41 46 46 36 53 33 51 39 25 53 30 12 30 54 59 7 21 23 33 26 16 57 6 7 23 19 41 17 29 25 
19 9 23 35 16 32 41 30 8 20 10 23 50 40 30 31 36 48 18 10 19 39 45 45 37 23 28 9 15 32 15 32 12 24 30 28 9 27 59 48 44 52 34 34 20 28 30 14 6 22 
31 34 48 8 15 25 41 39 27 24 23 10 22 24 11 31 14 17 46 40 37 36 35 25 45 25 47 40 31 47 25 23 35 53 58 5 22 33 28 18 14 47 9 18 17 9 32 22 32 17 
28 36 47 8 23 15 30 32 35 36 26 14 14 10 25 36 14 20 47 46 35 24 21 11 36 20 43 44 41 41 25 37 44 54 58 19 28 46 30 17 23 33 22 32 16 8 23 31 39 15 
46 51 64 15 32 35 50 52 44 39 40 26 14 29 23 48 17 20 63 57 53 44 39 26 57 39 62 57 47 61 41 33 52 70 75 21 39 46 11 5 9 52 17 26 32 22 44 38 49 32 
21 12 8 49 33 38 40 26 25 37 23 37 62 48 47 18 46 47 63 17 15 41 49 54 32 29 17 10 31 23 22 49 25 7 13 44 26 43 74 62 60 52 51 51 31 41 32 31 21 32 
27 15 24 45 25 41 50 37 13 24 20 33 59 50 37 10 40 46 57 17 25 48 55 55 44 33 31 7 16 37 24 36 9 21 27 36 18 27 67 58 52 61 42 39 30 38 39 20 8 32 
7 11 12 38 27 23 26 12 26 37 16 27 49 34 41 19 37 35 53 15 25 26 34 40 19 15 10 18 34 13 12 47 31 21 24 36 22 45 63 51 51 38 44 47 21 30 17 30 24 21 
22 34 37 31 36 11 6 16 43 50 31 29 34 16 46 39 36 24 44 41 48 26 9 21 16 17 29 43 52 24 25 56 51 46 49 38 36 60 52 40 47 13 44 52 24 27 9 43 45 22 
29 41 46 29 39 14 14 25 48 53 36 30 27 11 46 45 35 21 39 49 55 34 9 14 25 22 38 50 56 34 31 57 56 55 58 38 41 63 46 35 44 12 43 52 27 26 17 47 50 25 
33 43 52 18 34 17 27 34 45 47 35 25 13 6 36 45 25 11 26 54 55 40 21 14 36 25 46 52 52 43 32 48 54 60 64 30 38 57 32 21 31 26 33 43 25 19 25 42 49 23 
19 29 25 43 40 22 11 7 43 53 31 36 48 30 53 37 45 36 57 32 44 19 16 25 36 20 16 37 51 10 25 61 49 35 36 46 38 62 66 54 58 22 53 59 29 36 13 45 42 28 
8 19 27 24 21 9 20 14 27 34 14 16 34 19 33 23 25 20 39 29 33 15 17 22 25 20 23 28 35 22 8 41 34 35 39 26 20 44 49 37 39 30 33 39 9 17 9 27 28 8 
16 19 9 47 37 30 26 13 35 47 26 37 57 40 51 28 47 43 62 17 31 10 29 38 46 16 23 24 43 6 22 57 38 19 20 46 32 54 72 60 61 38 54 57 30 39 22 39 33 30 
21 9 17 44 25 37 44 30 16 28 17 31 58 46 39 9 40 44 57 10 7 18 43 50 52 37 28 24 21 30 20 40 15 16 22 37 18 33 68 57 53 55 43 42 28 37 34 22 11 29 
33 24 37 38 18 42 55 44 8 9 21 27 53 48 25 15 31 41 47 31 16 34 52 56 52 51 35 43 21 47 28 21 7 36 42 26 15 12 57 49 41 65 30 25 29 33 43 10 10 31 
17 23 16 46 39 27 21 9 39 50 28 37 54 37 53 32 47 41 61 23 37 13 24 34 43 10 22 6 30 47 23 60 43 26 26 47 35 58 71 59 61 32 54 59 30 39 18 42 37 30 
6 11 23 27 16 17 27 17 19 28 6 16 39 26 30 15 25 25 41 22 24 12 25 31 32 25 8 22 20 28 23 37 26 29 34 25 13 37 52 40 40 38 32 36 9 19 16 21 20 10 
43 39 54 31 21 45 60 54 24 12 31 27 44 47 12 32 23 37 33 49 36 47 56 57 48 61 41 57 40 21 60 37 27 55 61 18 25 14 41 37 25 68 17 7 32 30 50 18 29 34 
31 20 32 42 21 42 53 42 9 16 21 30 57 50 30 12 35 44 52 25 9 31 51 56 54 49 34 38 15 7 43 26 27 30 36 31 16 18 62 53 46 64 36 32 30 36 42 14 6 32 
27 19 10 56 40 44 45 31 32 43 30 44 69 54 54 24 53 54 70 7 21 21 46 55 60 35 35 19 16 36 26 29 55 30 6 51 33 48 81 69 67 57 58 58 38 48 38 38 27 39 
31 24 12 61 45 47 46 33 38 49 35 49 73 58 59 30 58 58 75 13 27 24 49 58 64 36 39 20 22 42 26 34 61 36 6 56 38 54 86 74 72 58 63 64 43 53 40 44 33 44 
30 32 47 13 11 27 44 40 23 19 21 10 27 28 7 28 5 19 21 44 36 36 38 38 30 46 26 46 37 26 47 25 18 31 51 56 18 28 31 23 16 50 7 14 17 12 34 17 28 18 
19 15 30 27 7 27 40 30 7 15 7 14 41 34 21 9 22 28 39 26 18 22 36 41 38 38 20 32 18 15 35 13 25 16 33 38 18 24 49 39 35 49 25 26 14 20 28 8 11 16 
43 35 49 41 24 50 64 55 19 10 31 33 55 54 23 27 33 46 46 43 27 45 60 63 57 62 44 54 33 12 58 37 14 18 48 54 28 24 55 49 38 73 29 21 36 38 52 17 22 38 
56 62 75 25 42 44 58 62 54 48 51 37 19 37 33 59 28 30 11 74 67 63 52 46 32 66 49 72 68 57 71 52 41 62 81 86 31 49 55 12 16 58 27 34 43 33 53 48 60 42 
44 50 63 13 33 32 47 50 45 41 40 26 9 25 26 48 18 17 5 62 58 51 40 35 21 54 37 60 57 49 59 40 37 53 69 74 23 39 49 12 13 47 20 30 31 21 41 40 50 30 
45 48 62 16 28 37 53 53 39 32 37 24 22 33 16 44 14 23 9 60 52 51 47 44 31 58 39 61 53 41 61 40 25 46 67 72 16 35 38 16 13 56 10 18 31 22 45 32 44 31 
34 46 47 41 49 23 12 26 56 63 44 41 39 23 57 52 47 33 52 52 61 38 13 12 26 22 30 38 55 65 32 38 68 64 57 58 50 49 73 58 47 56 55 64 37 38 22 56 58 35 
38 39 54 15 18 33 50 47 28 22 29 17 27 32 6 34 9 22 17 51 42 44 44 43 33 53 33 54 43 30 54 32 17 36 58 63 7 25 29 27 20 10 55 10 24 18 40 22 34 25 
42 40 56 25 20 41 57 53 26 16 31 23 37 42 7 34 18 32 26 51 39 47 52 52 43 59 39 57 42 25 59 36 7 32 58 64 14 26 21 34 30 18 64 10 30 26 47 20 32 31 
14 20 32 18 12 14 28 23 21 26 10 7 30 20 23 20 17 16 32 31 30 21 24 27 25 29 9 30 28 29 30 9 32 30 38 43 17 14 36 43 31 31 37 24 30 10 17 19 24 2 
23 29 42 8 15 16 32 31 27 28 19 6 21 16 19 28 9 8 22 41 38 30 27 26 19 36 17 39 37 33 39 19 30 36 48 53 12 20 38 33 21 22 38 18 26 10 23 23 31 9 
12 25 28 29 29 9 11 9 35 43 22 24 36 18 41 30 32 23 44 32 39 17 9 17 25 13 9 22 34 43 18 16 50 42 38 40 34 28 52 53 41 45 22 40 47 17 23 35 36 16 
26 21 36 28 8 33 47 38 6 8 14 17 43 39 17 14 22 31 38 31 20 30 43 47 42 45 27 39 22 10 42 21 18 14 38 44 17 8 17 48 40 32 56 22 20 19 23 35 12 22 
24 14 27 38 17 36 47 35 6 17 15 25 52 44 29 6 32 39 49 21 8 24 45 50 49 42 28 33 11 10 37 20 29 6 27 33 28 11 22 60 50 44 58 34 32 24 31 36 12 26 
14 21 33 17 14 11 26 22 23 28 12 8 29 18 25 22 17 15 32 32 32 21 22 25 23 28 8 30 29 31 30 10 34 32 39 44 18 16 38 42 30 31 35 25 31 2 9 16 22 26 
2550
0 1
0 0.993417 1 0.00658333 
0 2
0 0.993417 1 0.00658333 
0 3
0 0.993417 1 0.00658333 
0 4
0 0.349848 1 0.5 2 0.150152 
0 5
0 0.993417 1 0.00658333 
0 6
0 0.993417 1 0.00658333 
0 7
0 0.993417 1 0.00658333 
0 8
0 0.993417 1 0.00658333 
0 9
0 0.993417 1 0.00658333 
0 10
0 0.993417 1 0.00658333 
0 11
0 0.993417 1 0.00658333 
0 12
0 0.349848 1 0.5 2 0.150152 
0 13
0 0.993417 1 0.00658333 
0 14
0 0.993417 1 0.00658333 
0 15
0 0.993417 1 0.00658333 
0 16
0 0.993417 1 0.00658333 
0 17
0 0.993417 1 0.00658333 
0 18
0 0.993417 1 0.00658333 
0 19
0 0.993417 1 0.00658333 
0 20
0 0.993417 1 0.00658333 
0 21
0 0.993417 1 0.00658333 
0 22
0 0.993417 1 0.00658333 
0 23
0 0.993417 1 0.00658333 
0 24
0 0.993417 1 0.00658333 
0 25
0 0.993417 1 0.00658333 
0 26
0 0.993417 1 0.00658333 
0 27
0 0.993417 1 0.00658333 
0 28
0 0.993417 1 0.00658333 
0 29
0 0.993417 1 0.00658333 
0 30
0 0.993417 1 0.00658333 
0 31
0 0.993417 1 0.00658333 
0 32
0 0.993417 1 0.00658333 
0 33
0 0.993417 1 0.00658333 
0 34
0 0.993417 1 0.00658333 
0 35
0 0.993417 1 0.00658333 
0 36
0 0.993417 1 0.00658333 
0 37
0 0.993417 1 0.00658333 
0 38
0 0.349848 1 0.5 2 0.150152 
0 39
0 0.993417 1 0.00658333 
0 40
0 0.993417 1 0.00658333 
0 41
0 0.993417 1 0.00658333 
0 42
0 0.993417 1 0.00658333 
0 43
0 0.993417 1 0.00658333 
0 44
0 0.993417 1 0.00658333 
0 45
0 0.993417 1 0.00658333 
0 46
0 0.993417 1 0.00658333 
0 47
0 0.993417 1 0.00658333 
0 48
0 0.993417 1 0.00658333 
0 49
0 0.993417 1 0.00658333 
0 50
0 0.993417 1 0.00658333 
1 0
0 0.993417 1 0.00658333 
1 2
0 0.996703 1 0.0032971 
1 3
0 0.996703 1 0.0032971 
1 4
0 0.993417 1 0.00658333 
1 5
0 0.996703 1 0.0032971 
1 6
0 0.996703 1 0.0032971 
1 7
0 0.996703 1 0.0032971 
1 8
0 0.996703 1 0.0032971 
1 9
0 0.996703 1 0.0032971 
1 10
0 0.996703 1 0.0032971 
1 11
0 0.996703 1 0.0032971 
1 12
0 0.993417 1 0.00658333 
1 13
0 0.996703 1 0.0032971 
1 14
0 0.996703 1 0.0032971 
1 15
0 0.996703 1 0.0032971 
1 16
0 0.996703 1 0.0032971 
1 17
0 0.996703 1 0.0032971 
1 18
0 0.996703 1 0.0032971 
1 19
0 0.996703 1 0.0032971 
1 20
0 0.996703 1 0.0032971 
1 21
0 0.996703 1 0.0032971 
1 22
0 0.996703 1 0.0032971 
1 23
0 0.996703 1 0.0032971 
1 24
0 0.996703 1 0.0032971 
1 25
0 0.996703 1 0.0032971 
1 26
0 0.996703 1 0.0032971 
1 27
0 0.996703 1 0.0032971 
1 28
0 0.996703 1 0.0032971 
1 29
0 0.996703 1 0.0032971 
1 30
0 0.996703 1 0.0032971 
1 31
0 0.996703 1 0.0032971 
1 32
0 0.996703 1 0.0032971 
1 33
0 0.996703 1 0.0032971 
1 34
0 0.996703 1 0.0032971 
1 35
0 0.996703 1 0.0032971 
1 36
0 0.996703 1 0.0032971 
1 37
0 0.996703 1 0.0032971 
1 38
0 0.993417 1 0.00658333 
1 39
0 0.996703 1 0.0032971 
1 40
0 0.996703 1 0.0032971 
1 41
0 0.996703 1 0.0032971 
1 42
0 0.996703 1 0.0032971 
1 43
0 0.996703 1 0.0032971 
1 44
0 0.996703 1 0.0032971 
1 45
0 0.996703 1 0.0032971 
1 46
0 0.996703 1 0.0032971 
1 47
0 0.996703 1 0.0032971 
1 48
0 0.996703 1 0.0032971 
1 49
0 0.996703 1 0.0032971 
1 50
0 0.996703 1 0.0032971 
2 0
0 0.993417 1 0.00658333 
2 1
0 0.996703 1 0.0032971 
2 3
0 0.996703 1 0.0032971 
2 4
0 0.993417 1 0.00658333 
2 5
0 0.996703 1 0.0032971 
2 6
0 0.996703 1 0.0032971 
2 7
0 0.996703 1 0.0032971 
2 8
0 0.996703 1 0.0032971 
2 9
0 0.996703 1 0.0032971 
2 10
0 0.996703 1 0.0032971 
2 11
0 0.996703 1 0.0032971 
2 12
0 0.993417 1 0.00658333 
2 13
0 0.996703 1 0.0032971 
2 14
0 0.996703 1 0.0032971 
2 15
0 0.996703 1 0.0032971 
2 16
0 0.996703 1 0.0032971 
2 17
0 0.996703 1 0.0032971 
2 18
0 0.996703 1 0.0032971 
2 19
0 0.996703 1 0.0032971 
2 20
0 0.996703 1 0.0032971 
2 21
0 0.996703 1 0.0032971 
2 22
0 0.996703 1 0.0032971 
2 23
0 0.996703 1 0.0032971 
2 24
0 0.996703 1 0.0032971 
2 25
0 0.996703 1 0.0032971 
2 26
0 0.996703 1 0.0032971 
2 27
0 0.996703 1 0.0032971 
2 28
0 0.996703 1 0.0032971 
2 29
0 0.996703 1 0.0032971 
2 30
0 0.996703 1 0.0032971 
2 31
0 0.996703 1 0.0032971 
2 32
0 0.996703 1 0.0032971 
2 33
0 0.996703 1 0.0032971 
2 34
0 0.996703 1 0.0032971 
2 35
0 0.996703 1 0.0032971 
2 36
0 0.996703 1 0.0032971 
2 37
0 0.996703 1 0.0032971 
2 38
0 0.993417 1 0.00658333 
2 39
0 0.996703 1 0.0032971 
2 40
0 0.996703 1 0.0032971 
2 41
0 0.996703 1 0.0032971 
2 42
0 0.996703 1 0.0032971 
2 43
0 0.996703 1 0.0032971 
2 44
0 0.996703 1 0.0032971 
2 45
0 0.996703 1 0.0032971 
2 46
0 0.996703 1 0.0032971 
2 47
0 0.996703 1 0.0032971 
2 48
0 0.996703 1 0.0032971 
2 49
0 0.996703 1 0.0032971 
2 50
0 0.996703 1 0.0032971 
3 0
0 0.993417 1 0.00658333 
3 1
0 0.996703 1 0.0032971 
3 2
0 0.996703 1 0.0032971 
3 4
0 0.993417 1 0.00658333 
3 5
0 0.996703 1 0.0032971 
3 6
0 0.996703 1 0.0032971 
3 7
0 0.996703 1 0.0032971 
3 8
0 0.996703 1 0.0032971 
3 9
0 0.996703 1 0.0032971 
3 10
0 0.996703 1 0.0032971 
3 11
0 0.996703 1 0.0032971 
3 12
0 0.993417 1 0.00658333 
3 13
0 0.996703 1 0.0032971 
3 14
0 0.996703 1 0.0032971 
3 15
0 0.996703 1 0.0032971 
3 16
0 0.996703 1 0.0032971 
3 17
0 0.996703 1 0.0032971 
3 18
0 0.996703 1 0.0032971 
3 19
0 0.996703 1 0.0032971 
3 20
0 0.996703 1 0.0032971 
3 21
0 0.996703 1 0.0032971 
3 22
0 0.996703 1 0.0032971 
3 23
0 0.996703 1 0.0032971 
3 24
0 0.996703 1 0.0032971 
3 25
0 0.996703 1 0.0032971 
3 26
0 0.996703 1 0.0032971 
3 27
0 0.996703 1 0.0032971 
3 28
0 0.996703 1 0.0032971 
3 29
0 0.996703 1 0.0032971 
3 30
0 0.996703 1 0.0032971 
3 31
0 0.996703 1 0.0032971 
3 32
0 0.996703 1 0.0032971 
3 33
0 0.996703 1 0.0032971 
3 34
0 0.996703 1 0.0032971 
3 35
0 0.996703 1 0.0032971 
3 36
0 0.996703 1 0.0032971 
3 37
0 0.996703 1 0.0032971 
3 38
0 0.993417 1 0.00658333 
3 39
0 0.996703 1 0.0032971 
3 40
0 0.996703 1 0.0032971 
3 41
0 0.996703 1 0.0032971 
3 42
0 0.996703 1 0.0032971 
3 43
0 0.996703 1 0.0032971 
3 44
0 0.996703 1 0.0032971 
3 45
0 0.996703 1 0.0032971 
3 46
0 0.996703 1 0.0032971 
3 47
0 0.996703 1 0.0032971 
3 48
0 0.996703 1 0.0032971 
3 49
0 0.996703 1 0.0032971 
3 50
0 0.996703 1 0.0032971 
4 0
0 0.349848 1 0.5 2 0.150152 
4 1
0 0.993417 1 0.00658333 
4 2
0 0.993417 1 0.00658333 
4 3
0 0.993417 1 0.00658333 
4 5
0 0.993417 1 0.00658333 
4 6
0 0.993417 1 0.00658333 
4 7
0 0.993417 1 0.00658333 
4 8
0 0.993417 1 0.00658333 
4 9
0 0.993417 1 0.00658333 
4 10
0 0.993417 1 0.00658333 
4 11
0 0.993417 1 0.00658333 
4 12
0 0.349848 1 0.5 2 0.150152 
4 13
0 0.993417 1 0.00658333 
4 14
0 0.993417 1 0.00658333 
4 15
0 0.993417 1 0.00658333 
4 16
0 0.993417 1 0.00658333 
4 17
0 0.993417 1 0.00658333 
4 18
0 0.993417 1 0.00658333 
4 19
0 0.993417 1 0.00658333 
4 20
0 0.993417 1 0.00658333 
4 21
0 0.993417 1 0.00658333 
4 22
0 0.993417 1 0.00658333 
4 23
0 0.993417 1 0.00658333 
4 24
0 0.993417 1 0.00658333 
4 25
0 0.993417 1 0.00658333 
4 26
0 0.993417 1 0.00658333 
4 27
0 0.993417 1 0.00658333 
4 28
0 0.993417 1 0.00658333 
4 29
0 0.993417 1 0.00658333 
4 30
0 0.993417 1 0.00658333 
4 31
0 0.993417 1 0.00658333 
4 32
0 0.993417 1 0.00658333 
4 33
0 0.993417 1 0.00658333 
4 34
0 0.993417 1 0.00658333 
4 35
0 0.993417 1 0.00658333 
4 36
0 0.993417 1 0.00658333 
4 37
0 0.993417 1 0.00658333 
4 38
0 0.349848 1 0.5 2 0.150152 
4 39
0 0.993417 1 0.00658333 
4 40
0 0.993417 1 0.00658333 
4 41
0 0.993417 1 0.00658333 
4 42
0 0.993417 1 0.00658333 
4 43
0 0.993417 1 0.00658333 
4 44
0 0.993417 1 0.00658333 
4 45
0 0.993417 1 0.00658333 
4 46
0 0.993417 1 0.00658333 
4 47
0 0.993417 1 0.00658333 
4 48
0 0.993417 1 0.00658333 
4 49
0 0.993417 1 0.00658333 
4 50
0 0.993417 1 0.00658333 
5 0
0 0.993417 1 0.00658333 
5 1
0 0.996703 1 0.0032971 
5 2
0 0.996703 1 0.0032971 
5 3
0 0.996703 1 0.0032971 
5 4
0 0.993417 1 0.00658333 
5 6
0 0.996703 1 0.0032971 
5 7
0 0.996703 1 0.0032971 
5 8
0 0.996703 1 0.0032971 
5 9
0 0.996703 1 0.0032971 
5 10
0 0.996703 1 0.0032971 
5 11
0 0.996703 1 0.0032971 
5 12
0 0.993417 1 0.00658333 
5 13
0 0.996703 1 0.0032971 
5 14
0 0.996703 1 0.0032971 
5 15
0 0.996703 1 0.0032971 
5 16
0 0.996703 1 0.0032971 
5 17
0 0.996703 1 0.0032971 
5 18
0 0.996703 1 0.0032971 
5 19
0 0.996703 1 0.0032971 
5 20
0 0.996703 1 0.0032971 
5 21
0 0.996703 1 0.0032971 
5 22
0 0.996703 1 0.0032971 
5 23
0 0.996703 1 0.0032971 
5 24
0 0.996703 1 0.0032971 
5 25
0 0.996703 1 0.0032971 
5 26
0 0.996703 1 0.0032971 
5 27
0 0.996703 1 0.0032971 
5 28
0 0.996703 1 0.0032971 
5 29
0 0.996703 1 0.0032971 
5 30
0 0.996703 1 0.0032971 
5 31
0 0.996703 1 0.0032971 
5 32
0 0.996703 1 0.0032971 
5 33
0 0.996703 1 0.0032971 
5 34
0 0.996703 1 0.0032971 
5 35
0 0.996703 1 0.0032971 
5 36
0 0.996703 1 0.0032971 
5 37
0 0.996703 1 0.0032971 
5 38
0 0.993417 1 0.00658333 
5 39
0 0.996703 1 0.0032971 
5 40
0 0.996703 1 0.0032971 
5 41
0 0.996703 1 0.0032971 
5 42
0 0.996703 1 0.0032971 
5 43
0 0.996703 1 0.0032971 
5 44
0 0.996703 1 0.0032971 
5 45
0 0.996703 1 0.0032971 
5 46
0 0.996703 1 0.0032971 
5 47
0 0.996703 1 0.0032971 
5 48
0 0.996703 1 0.0032971 
5 49
0 0.996703 1 0.0032971 
5 50
0 0.996703 1 0.0032971 
6 0
0 0.993417 1 0.00658333 
6 1
0 0.996703 1 0.0032971 
6 2
0 0.996703 1 0.0032971 
6 3
0 0.996703 1 0.0032971 
6 4
0 0.993417 1 0.00658333 
6 5
0 0.996703 1 0.0032971 
6 7
0 0.996703 1 0.0032971 
6 8
0 0.996703 1 0.0032971 
6 9
0 0.996703 1 0.0032971 
6 10
0 0.996703 1 0.0032971 
6 11
0 0.996703 1 0.0032971 
6 12
0 0.993417 1 0.00658333 
6 13
0 0.996703 1 0.0032971 
6 14
0 0.996703 1 0.0032971 
6 15
0 0.996703 1 0.0032971 
6 16
0 0.996703 1 0.0032971 
6 17
0 0.996703 1 0.0032971 
6 18
0 0.996703 1 0.0032971 
6 19
0 0.996703 1 0.0032971 
6 20
0 0.996703 1 0.0032971 
6 21
0 0.996703 1 0.0032971 
6 22
0 0.996703 1 0.0032971 
6 23
0 0.996703 1 0.0032971 
6 24
0 0.996703 1 0.0032971 
6 25
0 0.996703 1 0.0032971 
6 26
0 0.996703 1 0.0032971 
6 27
0 0.996703 1 0.0032971 
6 28
0 0.996703 1 0.0032971 
6 29
0 0.996703 1 0.0032971 
6 30
0 0.996703 1 0.0032971 
6 31
0 0.996703 1 0.0032971 
6 32
0 0.996703 1 0.0032971 
6 33
0 0.996703 1 0.0032971 
6 34
0 0.996703 1 0.0032971 
6 35
0 0.996703 1 0.0032971 
6 36
0 0.996703 1 0.0032971 
6 37
0 0.996703 1 0.0032971 
6 38
0 0.993417 1 0.00658333 
6 39
0 0.996703 1 0.0032971 
6 40
0 0.996703 1 0.0032971 
6 41
0 0.996703 1 0.0032971 
6 42
0 0.996703 1 0.0032971 
6 43
0 0.996703 1 0.0032971 
6 44
0 0.996703 1 0.0032971 
6 45
0 0.996703 1 0.0032971 
6 46
0 0.996703 1 0.0032971 
6 47
0 0.996703 1 0.0032971 
6 48
0 0.996703 1 0.0032971 
6 49
0 0.996703 1 0.0032971 
6 50
0 0.996703 1 0.0032971 
7 0
0 0.993417 1 0.00658333 
7 1
0 0.996703 1 0.0032971 
7 2
0 0.996703 1 0.0032971 
7 3
0 0.996703 1 0.0032971 
7 4
0 0.993417 1 0.00658333 
7 5
0 0.996703 1 0.0032971 
7 6
0 0.996703 1 0.0032971 
7 8
0 0.996703 1 0.0032971 
7 9
0 0.996703 1 0.0032971 
7 10
0 0.996703 1 0.0032971 
7 11
0 0.996703 1 0.0032971 
7 12
0 0.993417 1 0.00658333 
7 13
0 0.996703 1 0.0032971 
7 14
0 0.996703 1 0.0032971 
7 15
0 0.996703 1 0.0032971 
7 16
0 0.996703 1 0.0032971 
7 17
0 0.996703 1 0.0032971 
7 18
0 0.996703 1 0.0032971 
7 19
0 0.996703 1 0.0032971 
7 20
0 0.996703 1 0.0032971 
7 21
0 0.996703 1 0.0032971 
7 22
0 0.996703 1 0.0032971 
7 23
0 0.996703 1 0.0032971 
7 24
0 0.996703 1 0.0032971 
7 25
0 0.996703 1 0.0032971 
7 26
0 0.996703 1 0.0032971 
7 27
0 0.996703 1 0.0032971 
7 28
0 0.996703 1 0.0032971 
7 29
0 0.996703 1 0.0032971 
7 30
0 0.996703 1 0.0032971 
7 31
0 0.996703 1 0.0032971 
7 32
0 0.996703 1 0.0032971 
7 33
0 0.996703 1 0.0032971 
7 34
0 0.996703 1 0.0032971 
7 35
0 0.996703 1 0.0032971 
7 36
0 0.996703 1 0.0032971 
7 37
0 0.996703 1 0.0032971 
7 38
0 0.993417 1 0.00658333 
7 39
0 0.996703 1 0.0032971 
7 40
0 0.996703 1 0.0032971 
7 41
0 0.996703 1 0.0032971 
7 42
0 0.996703 1 0.0032971 
7 43
0 0.996703 1 0.0032971 
7 44
0 0.996703 1 0.0032971 
7 45
0 0.996703 1 0.0032971 
7 46
0 0.996703 1 0.0032971 
7 47
0 0.996703 1 0.0032971 
7 48
0 0.996703 1 0.0032971 
7 49
0 0.996703 1 0.0032971 
7 50
0 0.996703 1 0.0032971 
8 0
0 0.993417 1 0.00658333 
8 1
0 0.996703 1 0.0032971 
8 2
0 0.996703 1 0.0032971 
8 3
0 0.996703 1 0.0032971 
8 4
0 0.993417 1 0.00658333 
8 5
0 0.996703 1 0.0032971 
8 6
0 0.996703 1 0.0032971 
8 7
0 0.996703 1 0.0032971 
8 9
0 0.996703 1 0.0032971 
8 10
0 0.996703 1 0.0032971 
8 11
0 0.996703 1 0.0032971 
8 12
0 0.993417 1 0.00658333 
8 13
0 0.996703 1 0.0032971 
8 14
0 0.996703 1 0.0032971 
8 15
0 0.996703 1 0.0032971 
8 16
0 0.996703 1 0.0032971 
8 17
0 0.996703 1 0.0032971 
8 18
0 0.996703 1 0.0032971 
8 19
0 0.996703 1 0.0032971 
8 20
0 0.996703 1 0.0032971 
8 21
0 0.996703 1 0.0032971 
8 22
0 0.996703 1 0.0032971 
8 23
0 0.996703 1 0.0032971 
8 24
0 0.996703 1 0.0032971 
8 25
0 0.996703 1 0.0032971 
8 26
0 0.996703 1 0.0032971 
8 27
0 0.996703 1 0.0032971 
8 28
0 0.996703 1 0.0032971 
8 29
0 0.996703 1 0.0032971 
8 30
0 0.996703 1 0.0032971 
8 31
0 0.996703 1 0.0032971 
8 32
0 0.996703 1 0.0032971 
8 33
0 0.996703 1 0.0032971 
8 34
0 0.996703 1 0.0032971 
8 35
0 0.996703 1 0.0032971 
8 36
0 0.996703 1 0.0032971 
8 37
0 0.996703 1 0.0032971 
8 38
0 0.993417 1 0.00658333 
8 39
0 0.996703 1 0.0032971 
8 40
0 0.996703 1 0.0032971 
8 41
0 0.996703 1 0.0032971 
8 42
0 0.996703 1 0.0032971 
8 43
0 0.996703 1 0.0032971 
8 44
0 0.996703 1 0.0032971 
8 45
0 0.996703 1 0.0032971 
8 46
0 0.996703 1 0.0032971 
8 47
0 0.996703 1 0.0032971 
8 48
0 0.996703 1 0.0032971 
8 49
0 0.996703 1 0.0032971 
8 50
0 0.996703 1 0.0032971 
9 0
0 0.993417 1 0.00658333 
9 1
0 0.996703 1 0.0032971 
9 2
0 0.996703 1 0.0032971 
9 3
0 0.996703 1 0.0032971 
9 4
0 0.993417 1 0.00658333 
9 5
0 0.996703 1 0.0032971 
9 6
0 0.996703 1 0.0032971 
9 7
0 0.996703 1 0.0032971 
9 8
0 0.996703 1 0.0032971 
9 10
0 0.996703 1 0.0032971 
9 11
0 0.996703 1 0.0032971 
9 12
0 0.993417 1 0.00658333 
9 13
0 0.996703 1 0.0032971 
9 14
0 0.996703 1 0.0032971 
9 15
0 0.996703 1 0.0032971 
9 16
0 0.996703 1 0.0032971 
9 17
0 0.996703 1 0.0032971 
9 18
0 0.996703 1 0.0032971 
9 19
0 0.996703 1 0.0032971 
9 20
0 0.996703 1 0.0032971 
9 21
0 0.996703 1 0.0032971 
9 22
0 0.996703 1 0.0032971 
9 23
0 0.996703 1 0.0032971 
9 24
0 0.996703 1 0.0032971 
9 25
0 0.996703 1 0.0032971 
9 26
0 0.996703 1 0.0032971 
9 27
0 0.996703 1 0.0032971 
9 28
0 0.996703 1 0.0032971 
9 29
0 0.996703 1 0.0032971 
9 30
0 0.996703 1 0.0032971 
9 31
0 0.996703 1 0.0032971 
9 32
0 0.996703 1 0.0032971 
9 33
0 0.996703 1 0.0032971 
9 34
0 0.996703 1 0.0032971 
9 35
0 0.996703 1 0.0032971 
9 36
0 0.996703 1 0.0032971 
9 37
0 0.996703 1 0.0032971 
9 38
0 0.993417 1 0.00658333 
9 39
0 0.996703 1 0.0032971 
9 40
0 0.996703 1 0.0032971 
9 41
0 0.996703 1 0.0032971 
9 42
0 0.996703 1 0.0032971 
9 43
0 0.996703 1 0.0032971 
9 44
0 0.996703 1 0.0032971 
9 45
0 0.996703 1 0.0032971 
9 46
0 0.996703 1 0.0032971 
9 47
0 0.996703 1 0.0032971 
9 48
0 0.996703 1 0.0032971 
9 49
0 0.996703 1 0.0032971 
9 50
0 0.996703 1 0.0032971 
10 0
0 0.993417 1 0.00658333 
10 1
0 0.996703 1 0.0032971 
10 2
0 0.996703 1 0.0032971 
10 3
0 0.996703 1 0.0032971 
10 4
0 0.993417 1 0.00658333 
10 5
0 0.996703 1 0.0032971 
10 6
0 0.996703 1 0.0032971 
10 7
0 0.996703 1 0.0032971 
10 8
0 0.996703 1 0.0032971 
10 9
0 0.996703 1 0.0032971 
10 11
0 0.996703 1 0.0032971 
10 12
0 0.993417 1 0.00658333 
10 13
0 0.996703 1 0.0032971 
10 14
0 0.996703 1 0.0032971 
10 15
0 0.996703 1 0.0032971 
10 16
0 0.996703 1 0.0032971 
10 17
0 0.996703 1 0.0032971 
10 18
0 0.996703 1 0.0032971 
10 19
0 0.996703 1 0.0032971 
10 20
0 0.996703 1 0.0032971 
10 21
0 0.996703 1 0.0032971 
10 22
0 0.996703 1 0.0032971 
10 23
0 0.996703 1 0.0032971 
10 24
0 0.996703 1 0.0032971 
10 25
0 0.996703 1 0.0032971 
10 26
0 0.996703 1 0.0032971 
10 27
0 0.996703 1 0.0032971 
10 28
0 0.996703 1 0.0032971 
10 29
0 0.996703 1 0.0032971 
10 30
0 0.996703 1 0.0032971 
10 31
0 0.996703 1 0.0032971 
10 32
0 0.996703 1 0.0032971 
10 33
0 0.996703 1 0.0032971 
10 34
0 0.996703 1 0.0032971 
10 35
0 0.996703 1 0.0032971 
10 36
0 0.996703 1 0.0032971 
10 37
0 0.996703 1 0.0032971 
10 38
0 0.993417 1 0.00658333 
10 39
0 0.996703 1 0.0032971 
10 40
0 0.996703 1 0.0032971 
10 41
0 0.996703 1 0.0032971 
10 42
0 0.996703 1 0.0032971 
10 43
0 0.996703 1 0.0032971 
10 44
0 0.996703 1 0.0032971 
10 45
0 0.996703 1 0.0032971 
10 46
0 0.996703 1 0.0032971 
10 47
0 0.996703 1 0.0032971 
10 48
0 0.996703 1 0.0032971 
10 49
0 0.996703 1 0.0032971 
10 50
0 0.996703 1 0.0032971 
11 0
0 0.993417 1 0.00658333 
11 1
0 0.996703 1 0.0032971 
11 2
0 0.996703 1 0.0032971 
11 3
0 0.996703 1 0.0032971 
11 4
0 0.993417 1 0.00658333 
11 5
0 0.996703 1 0.0032971 
11 6
0 0.996703 1 0.0032971 
11 7
0 0.996703 1 0.0032971 
11 8
0 0.996703 1 0.0032971 
11 9
0 0.996703 1 0.0032971 
11 10
0 0.996703 1 0.0032971 
11 12
0 0.993417 1 0.00658333 
11 13
0 0.996703 1 0.0032971 
11 14
0 0.996703 1 0.0032971 
11 15
0 0.996703 1 0.0032971 
11 16
0 0.996703 1 0.0032971 
11 17
0 0.996703 1 0.0032971 
11 18
0 0.996703 1 0.0032971 
11 19
0 0.996703 1 0.0032971 
11 20
0 0.996703 1 0.0032971 
11 21
0 0.996703 1 0.0032971 
11 22
0 0.996703 1 0.0032971 
11 23
0 0.996703 1 0.0032971 
11 24
0 0.996703 1 0.0032971 
11 25
0 0.996703 1 0.0032971 
11 26
0 0.996703 1 0.0032971 
11 27
0 0.996703 1 0.0032971 
11 28
0 0.996703 1 0.0032971 
11 29
0 0.996703 1 0.0032971 
11 30
0 0.996703 1 0.0032971 
11 31
0 0.996703 1 0.0032971 
11 32
0 0.996703 1 0.0032971 
11 33
0 0.996703 1 0.0032971 
11 34
0 0.996703 1 0.0032971 
11 35
0 0.996703 1 0.0032971 
11 36
0 0.996703 1 0.0032971 
11 37
0 0.996703 1 0.0032971 
11 38
0 0.993417 1 0.00658333 
11 39
0 0.996703 1 0.0032971 
11 40
0 0.996703 1 0.0032971 
11 41
0 0.996703 1 0.0032971 
11 42
0 0.996703 1 0.0032971 
11 43
0 0.996703 1 0.0032971 
11 44
0 0.996703 1 0.0032971 
11 45
0 0.996703 1 0.0032971 
11 46
0 0.996703 1 0.0032971 
11 47
0 0.996703 1 0.0032971 
11 48
0 0.996703 1 0.0032971 
11 49
0 0.996703 1 0.0032971 
11 50
0 0.996703 1 0.0032971 
12 0
0 0.349848 1 0.5 2 0.150152 
12 1
0 0.993417 1 0.00658333 
12 2
0 0.993417 1 0.00658333 
12 3
0 0.993417 1 0.00658333 
12 4
0 0.349848 1 0.5 2 0.150152 
12 5
0 0.993417 1 0.00658333 
12 6
0 0.993417 1 0.00658333 
12 7
0 0.993417 1 0.00658333 
12 8
0 0.993417 1 0.00658333 
12 9
0 0.993417 1 0.00658333 
12 10
0 0.993417 1 0.00658333 
12 11
0 0.993417 1 0.00658333 
12 13
0 0.993417 1 0.00658333 
12 14
0 0.993417 1 0.00658333 
12 15
0 0.993417 1 0.00658333 
12 16
0 0.993417 1 0.00658333 
12 17
0 0.993417 1 0.00658333 
12 18
0 0.993417 1 0.00658333 
12 19
0 0.993417 1 0.00658333 
12 20
0 0.993417 1 0.00658333 
12 21
0 0.993417 1 0.00658333 
12 22
0 0.993417 1 0.00658333 
12 23
0 0.993417 1 0.00658333 
12 24
0 0.993417 1 0.00658333 
12 25
0 0.993417 1 0.00658333 
12 26
0 0.993417 1 0.00658333 
12 27
0 0.993417 1 0.00658333 
12 28
0 0.993417 1 0.00658333 
12 29
0 0.993417 1 0.00658333 
12 30
0 0.993417 1 0.00658333 
12 31
0 0.993417 1 0.00658333 
12 32
0 0.993417 1 0.00658333 
12 33
0 0.993417 1 0.00658333 
12 34
0 0.993417 1 0.00658333 
12 35
0 0.993417 1 0.00658333 
12 36
0 0.993417 1 0.00658333 
12 37
0 0.993417 1 0.00658333 
12 38
0 0.349848 1 0.5 2 0.150152 
12 39
0 0.993417 1 0.00658333 
12 40
0 0.993417 1 0.00658333 
12 41
0 0.993417 1 0.00658333 
12 42
0 0.993417 1 0.00658333 
12 43
0 0.993417 1 0.00658333 
12 44
0 0.993417 1 0.00658333 
12 45
0 0.993417 1 0.00658333 
12 46
0 0.993417 1 0.00658333 
12 47
0 0.993417 1 0.00658333 
12 48
0 0.993417 1 0.00658333 
12 49
0 0.993417 1 0.00658333 
12 50
0 0.993417 1 0.00658333 
13 0
0 0.993417 1 0.00658333 
13 1
0 0.996703 1 0.0032971 
13 2
0 0.996703 1 0.0032971 
13 3
0 0.996703 1 0.0032971 
13 4
0 0.993417 1 0.00658333 
13 5
0 0.996703 1 0.0032971 
13 6
0 0.996703 1 0.0032971 
13 7
0 0.996703 1 0.0032971 
13 8
0 0.996703 1 0.0032971 
13 9
0 0.996703 1 0.0032971 
13 10
0 0.996703 1 0.0032971 
13 11
0 0.996703 1 0.0032971 
13 12
0 0.993417 1 0.00658333 
13 14
0 0.996703 1 0.0032971 
13 15
0 0.996703 1 0.0032971 
13 16
0 0.996703 1 0.0032971 
13 17
0 0.996703 1 0.0032971 
13 18
0 0.996703 1 0.0032971 
13 19
0 0.996703 1 0.0032971 
13 20
0 0.996703 1 0.0032971 
13 21
0 0.996703 1 0.0032971 
13 22
0 0.996703 1 0.0032971 
13 23
0 0.996703 1 0.0032971 
13 24
0 0.996703 1 0.0032971 
13 25
0 0.996703 1 0.0032971 
13 26
0 0.996703 1 0.0032971 
13 27
0 0.996703 1 0.0032971 
13 28
0 0.996703 1 0.0032971 
13 29
0 0.996703 1 0.0032971 
13 30
0 0.996703 1 0.0032971 
13 31
0 0.996703 1 0.0032971 
13 32
0 0.996703 1 0.0032971 
13 33
0 0.996703 1 0.0032971 
13 34
0 0.996703 1 0.0032971 
13 35
0 0.996703 1 0.0032971 
13 36
0 0.996703 1 0.0032971 
13 37
0 0.996703 1 0.0032971 
13 38
0 0.993417 1 0.00658333 
13 39
0 0.996703 1 0.0032971 
13 40
0 0.996703 1 0.0032971 
13 41
0 0.996703 1 0.0032971 
13 42
0 0.996703 1 0.0032971 
13 43
0 0.996703 1 0.0032971 
13 44
0 0.996703 1 0.0032971 
13 45
0 0.996703 1 0.0032971 
13 46
0 0.996703 1 0.0032971 
13 47
0 0.996703 1 0.0032971 
13 48
0 0.996703 1 0.0032971 
13 49
0 0.996703 1 0.0032971 
13 50
0 0.996703 1 0.0032971 
14 0
0 0.993417 1 0.00658333 
14 1
0 0.996703 1 0.0032971 
14 2
0 0.996703 1 0.0032971 
14 3
0 0.996703 1 0.0032971 
14 4
0 0.993417 1 0.00658333 
14 5
0 0.996703 1 0.0032971 
14 6
0 0.996703 1 0.0032971 
14 7
0 0.996703 1 0.0032971 
14 8
0 0.996703 1 0.0032971 
14 9
0 0.996703 1 0.0032971 
14 10
0 0.996703 1 0.0032971 
14 11
0 0.996703 1 0.0032971 
14 12
0 0.993417 1 0.00658333 
14 13
0 0.996703 1 0.0032971 
14 15
0 0.996703 1 0.0032971 
14 16
0 0.996703 1 0.0032971 
14 17
0 0.996703 1 0.0032971 
14 18
0 0.996703 1 0.0032971 
14 19
0 0.996703 1 0.0032971 
14 20
0 0.996703 1 0.0032971 
14 21
0 0.996703 1 0.0032971 
14 22
0 0.996703 1 0.0032971 
14 23
0 0.996703 1 0.0032971 
14 24
0 0.996703 1 0.0032971 
14 25
0 0.996703 1 0.0032971 
14 26
0 0.996703 1 0.0032971 
14 27
0 0.996703 1 0.0032971 
14 28
0 0.996703 1 0.0032971 
14 29
0 0.996703 1 0.0032971 
14 30
0 0.996703 1 0.0032971 
14 31
0 0.996703 1 0.0032971 
14 32
0 0.996703 1 0.0032971 
14 33
0 0.996703 1 0.0032971 
14 34
0 0.996703 1 0.0032971 
14 35
0 0.996703 1 0.0032971 
14 36
0 0.996703 1 0.0032971 
14 37
0 0.996703 1 0.0032971 
14 38
0 0.993417 1 0.00658333 
14 39
0 0.996703 1 0.0032971 
14 40
0 0.996703 1 0.0032971 
14 41
0 0.996703 1 0.0032971 
14 42
0 0.996703 1 0.0032971 
14 43
0 0.996703 1 0.0032971 
14 44
0 0.996703 1 0.0032971 
14 45
0 0.996703 1 0.0032971 
14 46
0 0.996703 1 0.0032971 
14 47
0 0.996703 1 0.0032971 
14 48
0 0.996703 1 0.0032971 
14 49
0 0.996703 1 0.0032971 
14 50
0 0.996703 1 0.0032971 
15 0
0 0.993417 1 0.00658333 
15 1
0 0.996703 1 0.0032971 
15 2
0 0.996703 1 0.0032971 
15 3
0 0.996703 1 0.0032971 
15 4
0 0.993417 1 0.00658333 
15 5
0 0.996703 1 0.0032971 
15 6
0 0.996703 1 0.0032971 
15 7
0 0.996703 1 0.0032971 
15 8
0 0.996703 1 0.0032971 
15 9
0 0.996703 1 0.0032971 
15 10
0 0.996703 1 0.0032971 
15 11
0 0.996703 1 0.0032971 
15 12
0 0.993417 1 0.00658333 
15 13
0 0.996703 1 0.0032971 
15 14
0 0.996703 1 0.0032971 
15 16
0 0.996703 1 0.0032971 
15 17
0 0.996703 1 0.0032971 
15 18
0 0.996703 1 0.0032971 
15 19
0 0.996703 1 0.0032971 
15 20
0 0.996703 1 0.0032971 
15 21
0 0.996703 1 0.0032971 
15 22
0 0.996703 1 0.0032971 
15 23
0 0.996703 1 0.0032971 
15 24
0 0.996703 1 0.0032971 
15 25
0 0.996703 1 0.0032971 
15 26
0 0.996703 1 0.0032971 
15 27
0 0.996703 1 0.0032971 
15 28
0 0.996703 1 0.0032971 
15 29
0 0.996703 1 0.0032971 
15 30
0 0.996703 1 0.0032971 
15 31
0 0.996703 1 0.0032971 
15 32
0 0.996703 1 0.0032971 
15 33
0 0.996703 1 0.0032971 
15 34
0 0.996703 1 0.0032971 
15 35
0 0.996703 1 0.0032971 
15 36
0 0.996703 1 0.0032971 
15 37
0 0.996703 1 0.0032971 
15 38
0 0.993417 1 0.00658333 
15 39
0 0.996703 1 0.0032971 
15 40
0 0.996703 1 0.0032971 
15 41
0 0.996703 1 0.0032971 
15 42
0 0.996703 1 0.0032971 
15 43
0 0.996703 1 0.0032971 
15 44
0 0.996703 1 0.0032971 
15 45
0 0.996703 1 0.0032971 
15 46
0 0.996703 1 0.0032971 
15 47
0 0.996703 1 0.0032971 
15 48
0 0.996703 1 0.0032971 
15 49
0 0.996703 1 0.0032971 
15 50
0 0.996703 1 0.0032971 
16 0
0 0.993417 1 0.00658333 
16 1
0 0.996703 1 0.0032971 
16 2
0 0.996703 1 0.0032971 
16 3
0 0.996703 1 0.0032971 
16 4
0 0.993417 1 0.00658333 
16 5
0 0.996703 1 0.0032971 
16 6
0 0.996703 1 0.0032971 
16 7
0 0.996703 1 0.0032971 
16 8
0 0.996703 1 0.0032971 
16 9
0 0.996703 1 0.0032971 
16 10
0 0.996703 1 0.0032971 
16 11
0 0.996703 1 0.0032971 
16 12
0 0.993417 1 0.00658333 
16 13
0 0.996703 1 0.0032971 
16 14
0 0.996703 1 0.0032971 
16 15
0 0.996703 1 0.0032971 
16 17
0 0.996703 1 0.0032971 
16 18
0 0.996703 1 0.0032971 
16 19
0 0.996703 1 0.0032971 
16 20
0 0.996703 1 0.0032971 
16 21
0 0.996703 1 0.0032971 
16 22
0 0.996703 1 0.0032971 
16 23
0 0.996703 1 0.0032971 
16 24
0 0.996703 1 0.0032971 
16 25
0 0.996703 1 0.0032971 
16 26
0 0.996703 1 0.0032971 
16 27
0 0.996703 1 0.0032971 
16 28
0 0.996703 1 0.0032971 
16 29
0 0.996703 1 0.0032971 
16 30
0 0.996703 1 0.0032971 
16 31
0 0.996703 1 0.0032971 
16 32
0 0.996703 1 0.0032971 
16 33
0 0.996703 1 0.0032971 
16 34
0 0.996703 1 0.0032971 
16 35
0 0.996703 1 0.0032971 
16 36
0 0.996703 1 0.0032971 
16 37
0 0.996703 1 0.0032971 
16 38
0 0.993417 1 0.00658333 
16 39
0 0.996703 1 0.0032971 
16 40
0 0.996703 1 0.0032971 
16 41
0 0.996703 1 0.0032971 
16 42
0 0.996703 1 0.0032971 
16 43
0 0.996703 1 0.0032971 
16 44
0 0.996703 1 0.0032971 
16 45
0 0.996703 1 0.0032971 
16 46
0 0.996703 1 0.0032971 
16 47
0 0.996703 1 0.0032971 
16 48
0 0.996703 1 0.0032971 
16 49
0 0.996703 1 0.0032971 
16 50
0 0.996703 1 0.0032971 
17 0
0 0.993417 1 0.00658333 
17 1
0 0.996703 1 0.0032971 
17 2
0 0.996703 1 0.0032971 
17 3
0 0.996703 1 0.0032971 
17 4
0 0.993417 1 0.00658333 
17 5
0 0.996703 1 0.0032971 
17 6
0 0.996703 1 0.0032971 
17 7
0 0.996703 1 0.0032971 
17 8
0 0.996703 1 0.0032971 
17 9
0 0.996703 1 0.0032971 
17 10
0 0.996703 1 0.0032971 
17 11
0 0.996703 1 0.0032971 
17 12
0 0.993417 1 0.00658333 
17 13
0 0.996703 1 0.0032971 
17 14
0 0.996703 1 0.0032971 
17 15
0 0.996703 1 0.0032971 
17 16
0 0.996703 1 0.0032971 
17 18
0 0.996703 1 0.0032971 
17 19
0 0.996703 1 0.0032971 
17 20
0 0.996703 1 0.0032971 
17 21
0 0.996703 1 0.0032971 
17 22
0 0.996703 1 0.0032971 
17 23
0 0.996703 1 0.0032971 
17 24
0 0.996703 1 0.0032971 
17 25
0 0.996703 1 0.0032971 
17 26
0 0.996703 1 0.0032971 
17 27
0 0.996703 1 0.0032971 
17 28
0 0.996703 1 0.0032971 
17 29
0 0.996703 1 0.0032971 
17 30
0 0.996703 1 0.0032971 
17 31
0 0.996703 1 0.0032971 
17 32
0 0.996703 1 0.0032971 
17 33
0 0.996703 1 0.0032971 
17 34
0 0.996703 1 0.0032971 
17 35
0 0.996703 1 0.0032971 
17 36
0 0.996703 1 0.0032971 
17 37
0 0.996703 1 0.0032971 
17 38
0 0.993417 1 0.00658333 
17 39
0 0.996703 1 0.0032971 
17 40
0 0.996703 1 0.0032971 
17 41
0 0.996703 1 0.0032971 
17 42
0 0.996703 1 0.0032971 
17 43
0 0.996703 1 0.0032971 
17 44
0 0.996703 1 0.0032971 
17 45
0 0.996703 1 0.0032971 
17 46
0 0.996703 1 0.0032971 
17 47
0 0.996703 1 0.0032971 
17 48
0 0.996703 1 0.0032971 
17 49
0 0.996703 1 0.0032971 
17 50
0 0.996703 1 0.0032971 
18 0
0 0.993417 1 0.00658333 
18 1
0 0.996703 1 0.0032971 
18 2
0 0.996703 1 0.0032971 
18 3
0 0.996703 1 0.0032971 
18 4
0 0.993417 1 0.00658333 
18 5
0 0.996703 1 0.0032971 
18 6
0 0.996703 1 0.0032971 
18 7
0 0.996703 1 0.0032971 
18 8
0 0.996703 1 0.0032971 
18 9
0 0.996703 1 0.0032971 
18 10
0 0.996703 1 0.0032971 
18 11
0 0.996703 1 0.0032971 
18 12
0 0.993417 1 0.00658333 
18 13
0 0.996703 1 0.0032971 
18 14
0 0.996703 1 0.0032971 
18 15
0 0.996703 1 0.0032971 
18 16
0 0.996703 1 0.0032971 
18 17
0 0.996703 1 0.0032971 
18 19
0 0.996703 1 0.0032971 
18 20
0 0.996703 1 0.0032971 
18 21
0 0.996703 1 0.0032971 
18 22
0 0.996703 1 0.0032971 
18 23
0 0.996703 1 0.0032971 
18 24
0 0.996703 1 0.0032971 
18 25
0 0.996703 1 0.0032971 
18 26
0 0.996703 1 0.0032971 
18 27
0 0.996703 1 0.0032971 
18 28
0 0.996703 1 0.0032971 
18 29
0 0.996703 1 0.0032971 
18 30
0 0.996703 1 0.0032971 
18 31
0 0.996703 1 0.0032971 
18 32
0 0.996703 1 0.0032971 
18 33
0 0.996703 1 0.0032971 
18 34
0 0.996703 1 0.0032971 
18 35
0 0.996703 1 0.0032971 
18 36
0 0.996703 1 0.0032971 
18 37
0 0.996703 1 0.0032971 
18 38
0 0.993417 1 0.00658333 
18 39
0 0.996703 1 0.0032971 
18 40
0 0.996703 1 0.0032971 
18 41
0 0.996703 1 0.0032971 
18 42
0 0.996703 1 0.0032971 
18 43
0 0.996703 1 0.0032971 
18 44
0 0.996703 1 0.0032971 
18 45
0 0.996703 1 0.0032971 
18 46
0 0.996703 1 0.0032971 
18 47
0 0.996703 1 0.0032971 
18 48
0 0.996703 1 0.0032971 
18 49
0 0.996703 1 0.0032971 
18 50
0 0.996703 1 0.0032971 
19 0
0 0.993417 1 0.00658333 
19 1
0 0.996703 1 0.0032971 
19 2
0 0.996703 1 0.0032971 
19 3
0 0.996703 1 0.0032971 
19 4
0 0.993417 1 0.00658333 
19 5
0 0.996703 1 0.0032971 
19 6
0 0.996703 1 0.0032971 
19 7
0 0.996703 1 0.0032971 
19 8
0 0.996703 1 0.0032971 
19 9
0 0.996703 1 0.0032971 
19 10
0 0.996703 1 0.0032971 
19 11
0 0.996703 1 0.0032971 
19 12
0 0.993417 1 0.00658333 
19 13
0 0.996703 1 0.0032971 
19 14
0 0.996703 1 0.0032971 
19 15
0 0.996703 1 0.0032971 
19 16
0 0.996703 1 0.0032971 
19 17
0 0.996703 1 0.0032971 
19 18
0 0.996703 1 0.0032971 
19 20
0 0.996703 1 0.0032971 
19 21
0 0.996703 1 0.0032971 
19 22
0 0.996703 1 0.0032971 
19 23
0 0.996703 1 0.0032971 
19 24
0 0.996703 1 0.0032971 
19 25
0 0.996703 1 0.0032971 
19 26
0 0.996703 1 0.0032971 
19 27
0 0.996703 1 0.0032971 
19 28
0 0.996703 1 0.0032971 
19 29
0 0.996703 1 0.0032971 
19 30
0 0.996703 1 0.0032971 
19 31
0 0.996703 1 0.0032971 
19 32
0 0.996703 1 0.0032971 
19 33
0 0.996703 1 0.0032971 
19 34
0 0.996703 1 0.0032971 
19 35
0 0.996703 1 0.0032971 
19 36
0 0.996703 1 0.0032971 
19 37
0 0.996703 1 0.0032971 
19 38
0 0.993417 1 0.00658333 
19 39
0 0.996703 1 0.0032971 
19 40
0 0.996703 1 0.0032971 
19 41
0 0.996703 1 0.0032971 
19 42
0 0.996703 1 0.0032971 
19 43
0 0.996703 1 0.0032971 
19 44
0 0.996703 1 0.0032971 
19 45
0 0.996703 1 0.0032971 
19 46
0 0.996703 1 0.0032971 
19 47
0 0.996703 1 0.0032971 
19 48
0 0.996703 1 0.0032971 
19 49
0 0.996703 1 0.0032971 
19 50
0 0.996703 1 0.0032971 
20 0
0 0.993417 1 0.00658333 
20 1
0 0.996703 1 0.0032971 
20 2
0 0.996703 1 0.0032971 
20 3
0 0.996703 1 0.0032971 
20 4
0 0.993417 1 0.00658333 
20 5
0 0.996703 1 0.0032971 
20 6
0 0.996703 1 0.0032971 
20 7
0 0.996703 1 0.0032971 
20 8
0 0.996703 1 0.0032971 
20 9
0 0.996703 1 0.0032971 
20 10
0 0.996703 1 0.0032971 
20 11
0 0.996703 1 0.0032971 
20 12
0 0.993417 1 0.00658333 
20 13
0 0.996703 1 0.0032971 
20 14
0 0.996703 1 0.0032971 
20 15
0 0.996703 1 0.0032971 
20 16
0 0.996703 1 0.0032971 
20 17
0 0.996703 1 0.0032971 
20 18
0 0.996703 1 0.0032971 
20 19
0 0.996703 1 0.0032971 
20 21
0 0.996703 1 0.0032971 
20 22
0 0.996703 1 0.0032971 
20 23
0 0.996703 1 0.0032971 
20 24
0 0.996703 1 0.0032971 
20 25
0 0.996703 1 0.0032971 
20 26
0 0.996703 1 0.0032971 
20 27
0 0.996703 1 0.0032971 
20 28
0 0.996703 1 0.0032971 
20 29
0 0.996703 1 0.0032971 
20 30
0 0.996703 1 0.0032971 
20 31
0 0.996703 1 0.0032971 
20 32
0 0.996703 1 0.0032971 
20 33
0 0.996703 1 0.0032971 
20 34
0 0.996703 1 0.0032971 
20 35
0 0.996703 1 0.0032971 
20 36
0 0.996703 1 0.0032971 
20 37
0 0.996703 1 0.0032971 
20 38
0 0.993417 1 0.00658333 
20 39
0 0.996703 1 0.0032971 
20 40
0 0.996703 1 0.0032971 
20 41
0 0.996703 1 0.0032971 
20 42
0 0.996703 1 0.0032971 
20 43
0 0.996703 1 0.0032971 
20 44
0 0.996703 1 0.0032971 
20 45
0 0.996703 1 0.0032971 
20 46
0 0.996703 1 0.0032971 
20 47
0 0.996703 1 0.0032971 
20 48
0 0.996703 1 0.0032971 
20 49
0 0.996703 1 0.0032971 
20 50
0 0.996703 1 0.0032971 
21 0
0 0.993417 1 0.00658333 
21 1
0 0.996703 1 0.0032971 
21 2
0 0.996703 1 0.0032971 
21 3
0 0.996703 1 0.0032971 
21 4
0 0.993417 1 0.00658333 
21 5
0 0.996703 1 0.0032971 
21 6
0 0.996703 1 0.0032971 
21 7
0 0.996703 1 0.0032971 
21 8
0 0.996703 1 0.0032971 
21 9
0 0.996703 1 0.0032971 
21 10
0 0.996703 1 0.0032971 
21 11
0 0.996703 1 0.0032971 
21 12
0 0.993417 1 0.00658333 
21 13
0 0.996703 1 0.0032971 
21 14
0 0.996703 1 0.0032971 
21 15
0 0.996703 1 0.0032971 
21 16
0 0.996703 1 0.0032971 
21 17
0 0.996703 1 0.0032971 
21 18
0 0.996703 1 0.0032971 
21 19
0 0.996703 1 0.0032971 
21 20
0 0.996703 1 0.0032971 
21 22
0 0.996703 1 0.0032971 
21 23
0 0.996703 1 0.0032971 
21 24
0 0.996703 1 0.0032971 
21 25
0 0.996703 1 0.0032971 
21 26
0 0.996703 1 0.0032971 
21 27
0 0.996703 1 0.0032971 
21 28
0 0.996703 1 0.0032971 
21 29
0 0.996703 1 0.0032971 
21 30
0 0.996703 1 0.0032971 
21 31
0 0.996703 1 0.0032971 
21 32
0 0.996703 1 0.0032971 
21 33
0 0.996703 1 0.0032971 
21 34
0 0.996703 1 0.0032971 
21 35
0 0.996703 1 0.0032971 
21 36
0 0.996703 1 0.0032971 
21 37
0 0.996703 1 0.0032971 
21 38
0 0.993417 1 0.00658333 
21 39
0 0.996703 1 0.0032971 
21 40
0 0.996703 1 0.0032971 
21 41
0 0.996703 1 0.0032971 
21 42
0 0.996703 1 0.0032971 
21 43
0 0.996703 1 0.0032971 
21 44
0 0.996703 1 0.0032971 
21 45
0 0.996703 1 0.0032971 
21 46
0 0.996703 1 0.0032971 
21 47
0 0.996703 1 0.0032971 
21 48
0 0.996703 1 0.0032971 
21 49
0 0.996703 1 0.0032971 
21 50
0 0.996703 1 0.0032971 
22 0
0 0.993417 1 0.00658333 
22 1
0 0.996703 1 0.0032971 
22 2
0 0.996703 1 0.0032971 
22 3
0 0.996703 1 0.0032971 
22 4
0 0.993417 1 0.00658333 
22 5
0 0.996703 1 0.0032971 
22 6
0 0.996703 1 0.0032971 
22 7
0 0.996703 1 0.0032971 
22 8
0 0.996703 1 0.0032971 
22 9
0 0.996703 1 0.0032971 
22 10
0 0.996703 1 0.0032971 
22 11
0 0.996703 1 0.0032971 
22 12
0 0.993417 1 0.00658333 
22 13
0 0.996703 1 0.0032971 
22 14
0 0.996703 1 0.0032971 
22 15
0 0.996703 1 0.0032971 
22 16
0 0.996703 1 0.0032971 
22 17
0 0.996703 1 0.0032971 
22 18
0 0.996703 1 0.0032971 
22 19
0 0.996703 1 0.0032971 
22 20
0 0.996703 1 0.0032971 
22 21
0 0.996703 1 0.0032971 
22 23
0 0.996703 1 0.0032971 
22 24
0 0.996703 1 0.0032971 
22 25
0 0.996703 1 0.0032971 
22 26
0 0.996703 1 0.0032971 
22 27
0 0.996703 1 0.0032971 
22 28
0 0.996703 1 0.0032971 
22 29
0 0.996703 1 0.0032971 
22 30
0 0.996703 1 0.0032971 
22 31
0 0.996703 1 0.0032971 
22 32
0 0.996703 1 0.0032971 
22 33
0 0.996703 1 0.0032971 
22 34
0 0.996703 1 0.0032971 
22 35
0 0.996703 1 0.0032971 
22 36
0 0.996703 1 0.0032971 
22 37
0 0.996703 1 0.0032971 
22 38
0 0.993417 1 0.00658333 
22 39
0 0.996703 1 0.0032971 
22 40
0 0.996703 1 0.0032971 
22 41
0 0.996703 1 0.0032971 
22 42
0 0.996703 1 0.0032971 
22 43
0 0.996703 1 0.0032971 
22 44
0 0.996703 1 0.0032971 
22 45
0 0.996703 1 0.0032971 
22 46
0 0.996703 1 0.0032971 
22 47
0 0.996703 1 0.0032971 
22 48
0 0.996703 1 0.0032971 
22 49
0 0.996703 1 0.0032971 
22 50
0 0.996703 1 0.0032971 
23 0
0 0.993417 1 0.00658333 
23 1
0 0.996703 1 0.0032971 
23 2
0 0.996703 1 0.0032971 
23 3
0 0.996703 1 0.0032971 
23 4
0 0.993417 1 0.00658333 
23 5
0 0.996703 1 0.0032971 
23 6
0 0.996703 1 0.0032971 
23 7
0 0.996703 1 0.0032971 
23 8
0 0.996703 1 0.0032971 
23 9
0 0.996703 1 0.0032971 
23 10
0 0.996703 1 0.0032971 
23 11
0 0.996703 1 0.0032971 
23 12
0 0.993417 1 0.00658333 
23 13
0 0.996703 1 0.0032971 
23 14
0 0.996703 1 0.0032971 
23 15
0 0.996703 1 0.0032971 
23 16
0 0.996703 1 0.0032971 
23 17
0 0.996703 1 0.0032971 
23 18
0 0.996703 1 0.0032971 
23 19
0 0.996703 1 0.0032971 
23 20
0 0.996703 1 0.0032971 
23 21
0 0.996703 1 0.0032971 
23 22
0 0.996703 1 0.0032971 
23 24
0 0.996703 1 0.0032971 
23 25
0 0.996703 1 0.0032971 
23 26
0 0.996703 1 0.0032971 
23 27
0 0.996703 1 0.0032971 
23 28
0 0.996703 1 0.0032971 
23 29
0 0.996703 1 0.0032971 
23 30
0 0.996703 1 0.0032971 
23 31
0 0.996703 1 0.0032971 
23 32
0 0.996703 1 0.0032971 
23 33
0 0.996703 1 0.0032971 
23 34
0 0.996703 1 0.0032971 
23 35
0 0.996703 1 0.0032971 
23 36
0 0.996703 1 0.0032971 
23 37
0 0.996703 1 0.0032971 
23 38
0 0.993417 1 0.00658333 
23 39
0 0.996703 1 0.0032971 
23 40
0 0.996703 1 0.0032971 
23 41
0 0.996703 1 0.0032971 
23 42
0 0.996703 1 0.0032971 
23 43
0 0.996703 1 0.0032971 
23 44
0 0.996703 1 0.0032971 
23 45
0 0.996703 1 0.0032971 
23 46
0 0.996703 1 0.0032971 
23 47
0 0.996703 1 0.0032971 
23 48
0 0.996703 1 0.0032971 
23 49
0 0.996703 1 0.0032971 
23 50
0 0.996703 1 0.0032971 
24 0
0 0.993417 1 0.00658333 
24 1
0 0.996703 1 0.0032971 
24 2
0 0.996703 1 0.0032971 
24 3
0 0.996703 1 0.0032971 
24 4
0 0.993417 1 0.00658333 
24 5
0 0.996703 1 0.0032971 
24 6
0 0.996703 1 0.0032971 
24 7
0 0.996703 1 0.0032971 
24 8
0 0.996703 1 0.0032971 
24 9
0 0.996703 1 0.0032971 
24 10
0 0.996703 1 0.0032971 
24 11
0 0.996703 1 0.0032971 
24 12
0 0.993417 1 0.00658333 
24 13
0 0.996703 1 0.0032971 
24 14
0 0.996703 1 0.0032971 
24 15
0 0.996703 1 0.0032971 
24 16
0 0.996703 1 0.0032971 
24 17
0 0.996703 1 0.0032971 
24 18
0 0.996703 1 0.0032971 
24 19
0 0.996703 1 0.0032971 
24 20
0 0.996703 1 0.0032971 
24 21
0 0.996703 1 0.0032971 
24 22
0 0.996703 1 0.0032971 
24 23
0 0.996703 1 0.0032971 
24 25
0 0.996703 1 0.0032971 
24 26
0 0.996703 1 0.0032971 
24 27
0 0.996703 1 0.0032971 
24 28
0 0.996703 1 0.0032971 
24 29
0 0.996703 1 0.0032971 
24 30
0 0.996703 1 0.0032971 
24 31
0 0.996703 1 0.0032971 
24 32
0 0.996703 1 0.0032971 
24 33
0 0.996703 1 0.0032971 
24 34
0 0.996703 1 0.0032971 
24 35
0 0.996703 1 0.0032971 
24 36
0 0.996703 1 0.0032971 
24 37
0 0.996703 1 0.0032971 
24 38
0 0.993417 1 0.00658333 
24 39
0 0.996703 1 0.0032971 
24 40
0 0.996703 1 0.0032971 
24 41
0 0.996703 1 0.0032971 
24 42
0 0.996703 1 0.0032971 
24 43
0 0.996703 1 0.0032971 
24 44
0 0.996703 1 0.0032971 
24 45
0 0.996703 1 0.0032971 
24 46
0 0.996703 1 0.0032971 
24 47
0 0.996703 1 0.0032971 
24 48
0 0.996703 1 0.0032971 
24 49
0 0.996703 1 0.0032971 
24 50
0 0.996703 1 0.0032971 
25 0
0 0.993417 1 0.00658333 
25 1
0 0.996703 1 0.0032971 
25 2
0 0.996703 1 0.0032971 
25 3
0 0.996703 1 0.0032971 
25 4
0 0.993417 1 0.00658333 
25 5
0 0.996703 1 0.0032971 
25 6
0 0.996703 1 0.0032971 
25 7
0 0.996703 1 0.0032971 
25 8
0 0.996703 1 0.0032971 
25 9
0 0.996703 1 0.0032971 
25 10
0 0.996703 1 0.0032971 
25 11
0 0.996703 1 0.0032971 
25 12
0 0.993417 1 0.00658333 
25 13
0 0.996703 1 0.0032971 
25 14
0 0.996703 1 0.0032971 
25 15
0 0.996703 1 0.0032971 
25 16
0 0.996703 1 0.0032971 
25 17
0 0.996703 1 0.0032971 
25 18
0 0.996703 1 0.0032971 
25 19
0 0.996703 1 0.0032971 
25 20
0 0.996703 1 0.0032971 
25 21
0 0.996703 1 0.0032971 
25 22
0 0.996703 1 0.0032971 
25 23
0 0.996703 1 0.0032971 
25 24
0 0.996703 1 0.0032971 
25 26
0 0.996703 1 0.0032971 
25 27
0 0.996703 1 0.0032971 
25 28
0 0.996703 1 0.0032971 
25 29
0 0.996703 1 0.0032971 
25 30
0 0.996703 1 0.0032971 
25 31
0 0.996703 1 0.0032971 
25 32
0 0.996703 1 0.0032971 
25 33
0 0.996703 1 0.0032971 
25 34
0 0.996703 1 0.0032971 
25 35
0 0.996703 1 0.0032971 
25 36
0 0.996703 1 0.0032971 
25 37
0 0.996703 1 0.0032971 
25 38
0 0.993417 1 0.00658333 
25 39
0 0.996703 1 0.0032971 
25 40
0 0.996703 1 0.0032971 
25 41
0 0.996703 1 0.0032971 
25 42
0 0.996703 1 0.0032971 
25 43
0 0.996703 1 0.0032971 
25 44
0 0.996703 1 0.0032971 
25 45
0 0.996703 1 0.0032971 
25 46
0 0.996703 1 0.0032971 
25 47
0 0.996703 1 0.0032971 
25 48
0 0.996703 1 0.0032971 
25 49
0 0.996703 1 0.0032971 
25 50
0 0.996703 1 0.0032971 
26 0
0 0.993417 1 0.00658333 
26 1
0 0.996703 1 0.0032971 
26 2
0 0.996703 1 0.0032971 
26 3
0 0.996703 1 0.0032971 
26 4
0 0.993417 1 0.00658333 
26 5
0 0.996703 1 0.0032971 
26 6
0 0.996703 1 0.0032971 
26 7
0 0.996703 1 0.0032971 
26 8
0 0.996703 1 0.0032971 
26 9
0 0.996703 1 0.0032971 
26 10
0 0.996703 1 0.0032971 
26 11
0 0.996703 1 0.0032971 
26 12
0 0.993417 1 0.00658333 
26 13
0 0.996703 1 0.0032971 
26 14
0 0.996703 1 0.0032971 
26 15
0 0.996703 1 0.0032971 
26 16
0 0.996703 1 0.0032971 
26 17
0 0.996703 1 0.0032971 
26 18
0 0.996703 1 0.0032971 
26 19
0 0.996703 1 0.0032971 
26 20
0 0.996703 1 0.0032971 
26 21
0 0.996703 1 0.0032971 
26 22
0 0.996703 1 0.0032971 
26 23
0 0.996703 1 0.0032971 
26 24
0 0.996703 1 0.0032971 
26 25
0 0.996703 1 0.0032971 
26 27
0 0.996703 1 0.0032971 
26 28
0 0.996703 1 0.0032971 
26 29
0 0.996703 1 0.0032971 
26 30
0 0.996703 1 0.0032971 
26 31
0 0.996703 1 0.0032971 
26 32
0 0.996703 1 0.0032971 
26 33
0 0.996703 1 0.0032971 
26 34
0 0.996703 1 0.0032971 
26 35
0 0.996703 1 0.0032971 
26 36
0 0.996703 1 0.0032971 
26 37
0 0.996703 1 0.0032971 
26 38
0 0.993417 1 0.00658333 
26 39
0 0.996703 1 0.0032971 
26 40
0 0.996703 1 0.0032971 
26 41
0 0.996703 1 0.0032971 
26 42
0 0.996703 1 0.0032971 
26 43
0 0.996703 1 0.0032971 
26 44
0 0.996703 1 0.0032971 
26 45
0 0.996703 1 0.0032971 
26 46
0 0.996703 1 0.0032971 
26 47
0 0.996703 1 0.0032971 
26 48
0 0.996703 1 0.0032971 
26 49
0 0.996703 1 0.0032971 
26 50
0 0.996703 1 0.0032971 
27 0
0 0.993417 1 0.00658333 
27 1
0 0.996703 1 0.0032971 
27 2
0 0.996703 1 0.0032971 
27 3
0 0.996703 1 0.0032971 
27 4
0 0.993417 1 0.00658333 
27 5
0 0.996703 1 0.0032971 
27 6
0 0.996703 1 0.0032971 
27 7
0 0.996703 1 0.0032971 
27 8
0 0.996703 1 0.0032971 
27 9
0 0.996703 1 0.0032971 
27 10
0 0.996703 1 0.0032971 
27 11
0 0.996703 1 0.0032971 
27 12
0 0.993417 1 0.00658333 
27 13
0 0.996703 1 0.0032971 
27 14
0 0.996703 1 0.0032971 
27 15
0 0.996703 1 0.0032971 
27 16
0 0.996703 1 0.0032971 
27 17
0 0.996703 1 0.0032971 
27 18
0 0.996703 1 0.0032971 
27 19
0 0.996703 1 0.0032971 
27 20
0 0.996703 1 0.0032971 
27 21
0 0.996703 1 0.0032971 
27 22
0 0.996703 1 0.0032971 
27 23
0 0.996703 1 0.0032971 
27 24
0 0.996703 1 0.0032971 
27 25
0 0.996703 1 0.0032971 
27 26
0 0.996703 1 0.0032971 
27 28
0 0.996703 1 0.0032971 
27 29
0 0.996703 1 0.0032971 
27 30
0 0.996703 1 0.0032971 
27 31
0 0.996703 1 0.0032971 
27 32
0 0.996703 1 0.0032971 
27 33
0 0.996703 1 0.0032971 
27 34
0 0.996703 1 0.0032971 
27 35
0 0.996703 1 0.0032971 
27 36
0 0.996703 1 0.0032971 
27 37
0 0.996703 1 0.0032971 
27 38
0 0.993417 1 0.00658333 
27 39
0 0.996703 1 0.0032971 
27 40
0 0.996703 1 0.0032971 
27 41
0 0.996703 1 0.0032971 
27 42
0 0.996703 1 0.0032971 
27 43
0 0.996703 1 0.0032971 
27 44
0 0.996703 1 0.0032971 
27 45
0 0.996703 1 0.0032971 
27 46
0 0.996703 1 0.0032971 
27 47
0 0.996703 1 0.0032971 
27 48
0 0.996703 1 0.0032971 
27 49
0 0.996703 1 0.0032971 
27 50
0 0.996703 1 0.0032971 
28 0
0 0.993417 1 0.00658333 
28 1
0 0.996703 1 0.0032971 
28 2
0 0.996703 1 0.0032971 
28 3
0 0.996703 1 0.0032971 
28 4
0 0.993417 1 0.00658333 
28 5
0 0.996703 1 0.0032971 
28 6
0 0.996703 1 0.0032971 
28 7
0 0.996703 1 0.0032971 
28 8
0 0.996703 1 0.0032971 
28 9
0 0.996703 1 0.0032971 
28 10
0 0.996703 1 0.0032971 
28 11
0 0.996703 1 0.0032971 
28 12
0 0.993417 1 0.00658333 
28 13
0 0.996703 1 0.0032971 
28 14
0 0.996703 1 0.0032971 
28 15
0 0.996703 1 0.0032971 
28 16
0 0.996703 1 0.0032971 
28 17
0 0.996703 1 0.0032971 
28 18
0 0.996703 1 0.0032971 
28 19
0 0.996703 1 0.0032971 
28 20
0 0.996703 1 0.0032971 
28 21
0 0.996703 1 0.0032971 
28 22
0 0.996703 1 0.0032971 
28 23
0 0.996703 1 0.0032971 
28 24
0 0.996703 1 0.0032971 
28 25
0 0.996703 1 0.0032971 
28 26
0 0.996703 1 0.0032971 
28 27
0 0.996703 1 0.0032971 
28 29
0 0.996703 1 0.0032971 
28 30
0 0.996703 1 0.0032971 
28 31
0 0.996703 1 0.0032971 
28 32
0 0.996703 1 0.0032971 
28 33
0 0.996703 1 0.0032971 
28 34
0 0.996703 1 0.0032971 
28 35
0 0.996703 1 0.0032971 
28 36
0 0.996703 1 0.0032971 
28 37
0 0.996703 1 0.0032971 
28 38
0 0.993417 1 0.00658333 
28 39
0 0.996703 1 0.0032971 
28 40
0 0.996703 1 0.0032971 
28 41
0 0.996703 1 0.0032971 
28 42
0 0.996703 1 0.0032971 
28 43
0 0.996703 1 0.0032971 
28 44
0 0.996703 1 0.0032971 
28 45
0 0.996703 1 0.0032971 
28 46
0 0.996703 1 0.0032971 
28 47
0 0.996703 1 0.0032971 
28 48
0 0.996703 1 0.0032971 
28 49
0 0.996703 1 0.0032971 
28 50
0 0.996703 1 0.0032971 
29 0
0 0.993417 1 0.00658333 
29 1
0 0.996703 1 0.0032971 
29 2
0 0.996703 1 0.0032971 
29 3
0 0.996703 1 0.0032971 
29 4
0 0.993417 1 0.00658333 
29 5
0 0.996703 1 0.0032971 
29 6
0 0.996703 1 0.0032971 
29 7
0 0.996703 1 0.0032971 
29 8
0 0.996703 1 0.0032971 
29 9
0 0.996703 1 0.0032971 
29 10
0 0.996703 1 0.0032971 
29 11
0 0.996703 1 0.0032971 
29 12
0 0.993417 1 0.00658333 
29 13
0 0.996703 1 0.0032971 
29 14
0 0.996703 1 0.0032971 
29 15
0 0.996703 1 0.0032971 
29 16
0 0.996703 1 0.0032971 
29 17
0 0.996703 1 0.0032971 
29 18
0 0.996703 1 0.0032971 
29 19
0 0.996703 1 0.0032971 
29 20
0 0.996703 1 0.0032971 
29 21
0 0.996703 1 0.0032971 
29 22
0 0.996703 1 0.0032971 
29 23
0 0.996703 1 0.0032971 
29 24
0 0.996703 1 0.0032971 
29 25
0 0.996703 1 0.0032971 
29 26
0 0.996703 1 0.0032971 
29 27
0 0.996703 1 0.0032971 
29 28
0 0.996703 1 0.0032971 
29 30
0 0.996703 1 0.0032971 
29 31
0 0.996703 1 0.0032971 
29 32
0 0.996703 1 0.0032971 
29 33
0 0.996703 1 0.0032971 
29 34
0 0.996703 1 0.0032971 
29 35
0 0.996703 1 0.0032971 
29 36
0 0.996703 1 0.0032971 
29 37
0 0.996703 1 0.0032971 
29 38
0 0.993417 1 0.00658333 
29 39
0 0.996703 1 0.0032971 
29 40
0 0.996703 1 0.0032971 
29 41
0 0.996703 1 0.0032971 
29 42
0 0.996703 1 0.0032971 
29 43
0 0.996703 1 0.0032971 
29 44
0 0.996703 1 0.0032971 
29 45
0 0.996703 1 0.0032971 
29 46
0 0.996703 1 0.0032971 
29 47
0 0.996703 1 0.0032971 
29 48
0 0.996703 1 0.0032971 
29 49
0 0.996703 1 0.0032971 
29 50
0 0.996703 1 0.0032971 
30 0
0 0.993417 1 0.00658333 
30 1
0 0.996703 1 0.0032971 
30 2
0 0.996703 1 0.0032971 
30 3
0 0.996703 1 0.0032971 
30 4
0 0.993417 1 0.00658333 
30 5
0 0.996703 1 0.0032971 
30 6
0 0.996703 1 0.0032971 
30 7
0 0.996703 1 0.0032971 
30 8
0 0.996703 1 0.0032971 
30 9
0 0.996703 1 0.0032971 
30 10
0 0.996703 1 0.0032971 
30 11
0 0.996703 1 0.0032971 
30 12
0 0.993417 1 0.00658333 
30 13
0 0.996703 1 0.0032971 
30 14
0 0.996703 1 0.0032971 
30 15
0 0.996703 1 0.0032971 
30 16
0 0.996703 1 0.0032971 
30 17
0 0.996703 1 0.0032971 
30 18
0 0.996703 1 0.0032971 
30 19
0 0.996703 1 0.0032971 
30 20
0 0.996703 1 0.0032971 
30 21
0 0.996703 1 0.0032971 
30 22
0 0.996703 1 0.0032971 
30 23
0 0.996703 1 0.0032971 
30 24
0 0.996703 1 0.0032971 
30 25
0 0.996703 1 0.0032971 
30 26
0 0.996703 1 0.0032971 
30 27
0 0.996703 1 0.0032971 
30 28
0 0.996703 1 0.0032971 
30 29
0 0.996703 1 0.0032971 
30 31
0 0.996703 1 0.0032971 
30 32
0 0.996703 1 0.0032971 
30 33
0 0.996703 1 0.0032971 
30 34
0 0.996703 1 0.0032971 
30 35
0 0.996703 1 0.0032971 
30 36
0 0.996703 1 0.0032971 
30 37
0 0.996703 1 0.0032971 
30 38
0 0.993417 1 0.00658333 
30 39
0 0.996703 1 0.0032971 
30 40
0 0.996703 1 0.0032971 
30 41
0 0.996703 1 0.0032971 
30 42
0 0.996703 1 0.0032971 
30 43
0 0.996703 1 0.0032971 
30 44
0 0.996703 1 0.0032971 
30 45
0 0.996703 1 0.0032971 
30 46
0 0.996703 1 0.0032971 
30 47
0 0.996703 1 0.0032971 
30 48
0 0.996703 1 0.0032971 
30 49
0 0.996703 1 0.0032971 
30 50
0 0.996703 1 0.0032971 
31 0
0 0.993417 1 0.00658333 
31 1
0 0.996703 1 0.0032971 
31 2
0 0.996703 1 0.0032971 
31 3
0 0.996703 1 0.0032971 
31 4
0 0.993417 1 0.00658333 
31 5
0 0.996703 1 0.0032971 
31 6
0 0.996703 1 0.0032971 
31 7
0 0.996703 1 0.0032971 
31 8
0 0.996703 1 0.0032971 
31 9
0 0.996703 1 0.0032971 
31 10
0 0.996703 1 0.0032971 
31 11
0 0.996703 1 0.0032971 
31 12
0 0.993417 1 0.00658333 
31 13
0 0.996703 1 0.0032971 
31 14
0 0.996703 1 0.0032971 
31 15
0 0.996703 1 0.0032971 
31 16
0 0.996703 1 0.0032971 
31 17
0 0.996703 1 0.0032971 
31 18
0 0.996703 1 0.0032971 
31 19
0 0.996703 1 0.0032971 
31 20
0 0.996703 1 0.0032971 
31 21
0 0.996703 1 0.0032971 
31 22
0 0.996703 1 0.0032971 
31 23
0 0.996703 1 0.0032971 
31 24
0 0.996703 1 0.0032971 
31 25
0 0.996703 1 0.0032971 
31 26
0 0.996703 1 0.0032971 
31 27
0 0.996703 1 0.0032971 
31 28
0 0.996703 1 0.0032971 
31 29
0 0.996703 1 0.0032971 
31 30
0 0.996703 1 0.0032971 
31 32
0 0.996703 1 0.0032971 
31 33
0 0.996703 1 0.0032971 
31 34
0 0.996703 1 0.0032971 
31 35
0 0.996703 1 0.0032971 
31 36
0 0.996703 1 0.0032971 
31 37
0 0.996703 1 0.0032971 
31 38
0 0.993417 1 0.00658333 
31 39
0 0.996703 1 0.0032971 
31 40
0 0.996703 1 0.0032971 
31 41
0 0.996703 1 0.0032971 
31 42
0 0.996703 1 0.0032971 
31 43
0 0.996703 1 0.0032971 
31 44
0 0.996703 1 0.0032971 
31 45
0 0.996703 1 0.0032971 
31 46
0 0.996703 1 0.0032971 
31 47
0 0.996703 1 0.0032971 
31 48
0 0.996703 1 0.0032971 
31 49
0 0.996703 1 0.0032971 
31 50
0 0.996703 1 0.0032971 
32 0
0 0.993417 1 0.00658333 
32 1
0 0.996703 1 0.0032971 
32 2
0 0.996703 1 0.0032971 
32 3
0 0.996703 1 0.0032971 
32 4
0 0.993417 1 0.00658333 
32 5
0 0.996703 1 0.0032971 
32 6
0 0.996703 1 0.0032971 
32 7
0 0.996703 1 0.0032971 
32 8
0 0.996703 1 0.0032971 
32 9
0 0.996703 1 0.0032971 
32 10
0 0.996703 1 0.0032971 
32 11
0 0.996703 1 0.0032971 
32 12
0 0.993417 1 0.00658333 
32 13
0 0.996703 1 0.0032971 
32 14
0 0.996703 1 0.0032971 
32 15
0 0.996703 1 0.0032971 
32 16
0 0.996703 1 0.0032971 
32 17
0 0.996703 1 0.0032971 
32 18
0 0.996703 1 0.0032971 
32 19
0 0.996703 1 0.0032971 
32 20
0 0.996703 1 0.0032971 
32 21
0 0.996703 1 0.0032971 
32 22
0 0.996703 1 0.0032971 
32 23
0 0.996703 1 0.0032971 
32 24
0 0.996703 1 0.0032971 
32 25
0 0.996703 1 0.0032971 
32 26
0 0.996703 1 0.0032971 
32 27
0 0.996703 1 0.0032971 
32 28
0 0.996703 1 0.0032971 
32 29
0 0.996703 1 0.0032971 
32 30
0 0.996703 1 0.0032971 
32 31
0 0.996703 1 0.0032971 
32 33
0 0.996703 1 0.0032971 
32 34
0 0.996703 1 0.0032971 
32 35
0 0.996703 1 0.0032971 
32 36
0 0.996703 1 0.0032971 
32 37
0 0.996703 1 0.0032971 
32 38
0 0.993417 1 0.00658333 
32 39
0 0.996703 1 0.0032971 
32 40
0 0.996703 1 0.0032971 
32 41
0 0.996703 1 0.0032971 
32 42
0 0.996703 1 0.0032971 
32 43
0 0.996703 1 0.0032971 
32 44
0 0.996703 1 0.0032971 
32 45
0 0.996703 1 0.0032971 
32 46
0 0.996703 1 0.0032971 
32 47
0 0.996703 1 0.0032971 
32 48
0 0.996703 1 0.0032971 
32 49
0 0.996703 1 0.0032971 
32 50
0 0.996703 1 0.0032971 
33 0
0 0.993417 1 0.00658333 
33 1
0 0.996703 1 0.0032971 
33 2
0 0.996703 1 0.0032971 
33 3
0 0.996703 1 0.0032971 
33 4
0 0.993417 1 0.00658333 
33 5
0 0.996703 1 0.0032971 
33 6
0 0.996703 1 0.0032971 
33 7
0 0.996703 1 0.0032971 
33 8
0 0.996703 1 0.0032971 
33 9
0 0.996703 1 0.0032971 
33 10
0 0.996703 1 0.0032971 
33 11
0 0.996703 1 0.0032971 
33 12
0 0.993417 1 0.00658333 
33 13
0 0.996703 1 0.0032971 
33 14
0 0.996703 1 0.0032971 
33 15
0 0.996703 1 0.0032971 
33 16
0 0.996703 1 0.0032971 
33 17
0 0.996703 1 0.0032971 
33 18
0 0.996703 1 0.0032971 
33 19
0 0.996703 1 0.0032971 
33 20
0 0.996703 1 0.0032971 
33 21
0 0.996703 1 0.0032971 
33 22
0 0.996703 1 0.0032971 
33 23
0 0.996703 1 0.0032971 
33 24
0 0.996703 1 0.0032971 
33 25
0 0.996703 1 0.0032971 
33 26
0 0.996703 1 0.0032971 
33 27
0 0.996703 1 0.0032971 
33 28
0 0.996703 1 0.0032971 
33 29
0 0.996703 1 0.0032971 
33 30
0 0.996703 1 0.0032971 
33 31
0 0.996703 1 0.0032971 
33 32
0 0.996703 1 0.0032971 
33 34
0 0.996703 1 0.0032971 
33 35
0 0.996703 1 0.0032971 
33 36
0 0.996703 1 0.0032971 
33 37
0 0.996703 1 0.0032971 
33 38
0 0.993417 1 0.00658333 
33 39
0 0.996703 1 0.0032971 
33 40
0 0.996703 1 0.0032971 
33 41
0 0.996703 1 0.0032971 
33 42
0 0.996703 1 0.0032971 
33 43
0 0.996703 1 0.0032971 
33 44
0 0.996703 1 0.0032971 
33 45
0 0.996703 1 0.0032971 
33 46
0 0.996703 1 0.0032971 
33 47
0 0.996703 1 0.0032971 
33 48
0 0.996703 1 0.0032971 
33 49
0 0.996703 1 0.0032971 
33 50
0 0.996703 1 0.0032971 
34 0
0 0.993417 1 0.00658333 
34 1
0 0.996703 1 0.0032971 
34 2
0 0.996703 1 0.0032971 
34 3
0 0.996703 1 0.0032971 
34 4
0 0.993417 1 0.00658333 
34 5
0 0.996703 1 0.0032971 
34 6
0 0.996703 1 0.0032971 
34 7
0 0.996703 1 0.0032971 
34 8
0 0.996703 1 0.0032971 
34 9
0 0.996703 1 0.0032971 
34 10
0 0.996703 1 0.0032971 
34 11
0 0.996703 1 0.0032971 
34 12
0 0.993417 1 0.00658333 
34 13
0 0.996703 1 0.0032971 
34 14
0 0.996703 1 0.0032971 
34 15
0 0.996703 1 0.0032971 
34 16
0 0.996703 1 0.0032971 
34 17
0 0.996703 1 0.0032971 
34 18
0 0.996703 1 0.0032971 
34 19
0 0.996703 1 0.0032971 
34 20
0 0.996703 1 0.0032971 
34 21
0 0.996703 1 0.0032971 
34 22
0 0.996703 1 0.0032971 
34 23
0 0.996703 1 0.0032971 
34 24
0 0.996703 1 0.0032971 
34 25
0 0.996703 1 0.0032971 
34 26
0 0.996703 1 0.0032971 
34 27
0 0.996703 1 0.0032971 
34 28
0 0.996703 1 0.0032971 
34 29
0 0.996703 1 0.0032971 
34 30
0 0.996703 1 0.0032971 
34 31
0 0.996703 1 0.0032971 
34 32
0 0.996703 1 0.0032971 
34 33
0 0.996703 1 0.0032971 
34 35
0 0.996703 1 0.0032971 
34 36
0 0.996703 1 0.0032971 
34 37
0 0.996703 1 0.0032971 
34 38
0 0.993417 1 0.00658333 
34 39
0 0.996703 1 0.0032971 
34 40
0 0.996703 1 0.0032971 
34 41
0 0.996703 1 0.0032971 
34 42
0 0.996703 1 0.0032971 
34 43
0 0.996703 1 0.0032971 
34 44
0 0.996703 1 0.0032971 
34 45
0 0.996703 1 0.0032971 
34 46
0 0.996703 1 0.0032971 
34 47
0 0.996703 1 0.0032971 
34 48
0 0.996703 1 0.0032971 
34 49
0 0.996703 1 0.0032971 
34 50
0 0.996703 1 0.0032971 
35 0
0 0.993417 1 0.00658333 
35 1
0 0.996703 1 0.0032971 
35 2
0 0.996703 1 0.0032971 
35 3
0 0.996703 1 0.0032971 
35 4
0 0.993417 1 0.00658333 
35 5
0 0.996703 1 0.0032971 
35 6
0 0.996703 1 0.0032971 
35 7
0 0.996703 1 0.0032971 
35 8
0 0.996703 1 0.0032971 
35 9
0 0.996703 1 0.0032971 
35 10
0 0.996703 1 0.0032971 
35 11
0 0.996703 1 0.0032971 
35 12
0 0.993417 1 0.00658333 
35 13
0 0.996703 1 0.0032971 
35 14
0 0.996703 1 0.0032971 
35 15
0 0.996703 1 0.0032971 
35 16
0 0.996703 1 0.0032971 
35 17
0 0.996703 1 0.0032971 
35 18
0 0.996703 1 0.0032971 
35 19
0 0.996703 1 0.0032971 
35 20
0 0.996703 1 0.0032971 
35 21
0 0.996703 1 0.0032971 
35 22
0 0.996703 1 0.0032971 
35 23
0 0.996703 1 0.0032971 
35 24
0 0.996703 1 0.0032971 
35 25
0 0.996703 1 0.0032971 
35 26
0 0.996703 1 0.0032971 
35 27
0 0.996703 1 0.0032971 
35 28
0 0.996703 1 0.0032971 
35 29
0 0.996703 1 0.0032971 
35 30
0 0.996703 1 0.0032971 
35 31
0 0.996703 1 0.0032971 
35 32
0 0.996703 1 0.0032971 
35 33
0 0.996703 1 0.0032971 
35 34
0 0.996703 1 0.0032971 
35 36
0 0.996703 1 0.0032971 
35 37
0 0.996703 1 0.0032971 
35 38
0 0.993417 1 0.00658333 
35 39
0 0.996703 1 0.0032971 
35 40
0 0.996703 1 0.0032971 
35 41
0 0.996703 1 0.0032971 
35 42
0 0.996703 1 0.0032971 
35 43
0 0.996703 1 0.0032971 
35 44
0 0.996703 1 0.0032971 
35 45
0 0.996703 1 0.0032971 
35 46
0 0.996703 1 0.0032971 
35 47
0 0.996703 1 0.0032971 
35 48
0 0.996703 1 0.0032971 
35 49
0 0.996703 1 0.0032971 
35 50
0 0.996703 1 0.0032971 
36 0
0 0.993417 1 0.00658333 
36 1
0 0.996703 1 0.0032971 
36 2
0 0.996703 1 0.0032971 
36 3
0 0.996703 1 0.0032971 
36 4
0 0.993417 1 0.00658333 
36 5
0 0.996703 1 0.0032971 
36 6
0 0.996703 1 0.0032971 
36 7
0 0.996703 1 0.0032971 
36 8
0 0.996703 1 0.0032971 
36 9
0 0.996703 1 0.0032971 
36 10
0 0.996703 1 0.0032971 
36 11
0 0.996703 1 0.0032971 
36 12
0 0.993417 1 0.00658333 
36 13
0 0.996703 1 0.0032971 
36 14
0 0.996703 1 0.0032971 
36 15
0 0.996703 1 0.0032971 
36 16
0 0.996703 1 0.0032971 
36 17
0 0.996703 1 0.0032971 
36 18
0 0.996703 1 0.0032971 
36 19
0 0.996703 1 0.0032971 
36 20
0 0.996703 1 0.0032971 
36 21
0 0.996703 1 0.0032971 
36 22
0 0.996703 1 0.0032971 
36 23
0 0.996703 1 0.0032971 
36 24
0 0.996703 1 0.0032971 
36 25
0 0.996703 1 0.0032971 
36 26
0 0.996703 1 0.0032971 
36 27
0 0.996703 1 0.0032971 
36 28
0 0.996703 1 0.0032971 
36 29
0 0.996703 1 0.0032971 
36 30
0 0.996703 1 0.0032971 
36 31
0 0.996703 1 0.0032971 
36 32
0 0.996703 1 0.0032971 
36 33
0 0.996703 1 0.0032971 
36 34
0 0.996703 1 0.0032971 
36 35
0 0.996703 1 0.0032971 
36 37
0 0.996703 1 0.0032971 
36 38
0 0.993417 1 0.00658333 
36 39
0 0.996703 1 0.0032971 
36 40
0 0.996703 1 0.0032971 
36 41
0 0.996703 1 0.0032971 
36 42
0 0.996703 1 0.0032971 
36 43
0 0.996703 1 0.0032971 
36 44
0 0.996703 1 0.0032971 
36 45
0 0.996703 1 0.0032971 
36 46
0 0.996703 1 0.0032971 
36 47
0 0.996703 1 0.0032971 
36 48
0 0.996703 1 0.0032971 
36 49
0 0.996703 1 0.0032971 
36 50
0 0.996703 1 0.0032971 
37 0
0 0.993417 1 0.00658333 
37 1
0 0.996703 1 0.0032971 
37 2
0 0.996703 1 0.0032971 
37 3
0 0.996703 1 0.0032971 
37 4
0 0.993417 1 0.00658333 
37 5
0 0.996703 1 0.0032971 
37 6
0 0.996703 1 0.0032971 
37 7
0 0.996703 1 0.0032971 
37 8
0 0.996703 1 0.0032971 
37 9
0 0.996703 1 0.0032971 
37 10
0 0.996703 1 0.0032971 
37 11
0 0.996703 1 0.0032971 
37 12
0 0.993417 1 0.00658333 
37 13
0 0.996703 1 0.0032971 
37 14
0 0.996703 1 0.0032971 
37 15
0 0.996703 1 0.0032971 
37 16
0 0.996703 1 0.0032971 
37 17
0 0.996703 1 0.0032971 
37 18
0 0.996703 1 0.0032971 
37 19
0 0.996703 1 0.0032971 
37 20
0 0.996703 1 0.0032971 
37 21
0 0.996703 1 0.0032971 
37 22
0 0.996703 1 0.0032971 
37 23
0 0.996703 1 0.0032971 
37 24
0 0.996703 1 0.0032971 
37 25
0 0.996703 1 0.0032971 
37 26
0 0.996703 1 0.0032971 
37 27
0 0.996703 1 0.0032971 
37 28
0 0.996703 1 0.0032971 
37 29
0 0.996703 1 0.0032971 
37 30
0 0.996703 1 0.0032971 
37 31
0 0.996703 1 0.0032971 
37 32
0 0.996703 1 0.0032971 
37 33
0 0.996703 1 0.0032971 
37 34
0 0.996703 1 0.0032971 
37 35
0 0.996703 1 0.0032971 
37 36
0 0.996703 1 0.0032971 
37 38
0 0.993417 1 0.00658333 
37 39
0 0.996703 1 0.0032971 
37 40
0 0.996703 1 0.0032971 
37 41
0 0.996703 1 0.0032971 
37 42
0 0.996703 1 0.0032971 
37 43
0 0.996703 1 0.0032971 
37 44
0 0.996703 1 0.0032971 
37 45
0 0.996703 1 0.0032971 
37 46
0 0.996703 1 0.0032971 
37 47
0 0.996703 1 0.0032971 
37 48
0 0.996703 1 0.0032971 
37 49
0 0.996703 1 0.0032971 
37 50
0 0.996703 1 0.0032971 
38 0
0 0.349848 1 0.5 2 0.150152 
38 1
0 0.993417 1 0.00658333 
38 2
0 0.993417 1 0.00658333 
38 3
0 0.993417 1 0.00658333 
38 4
0 0.349848 1 0.5 2 0.150152 
38 5
0 0.993417 1 0.00658333 
38 6
0 0.993417 1 0.00658333 
38 7
0 0.993417 1 0.00658333 
38 8
0 0.993417 1 0.00658333 
38 9
0 0.993417 1 0.00658333 
38 10
0 0.993417 1 0.00658333 
38 11
0 0.993417 1 0.00658333 
38 12
0 0.349848 1 0.5 2 0.150152 
38 13
0 0.993417 1 0.00658333 
38 14
0 0.993417 1 0.00658333 
38 15
0 0.993417 1 0.00658333 
38 16
0 0.993417 1 0.00658333 
38 17
0 0.993417 1 0.00658333 
38 18
0 0.993417 1 0.00658333 
38 19
0 0.993417 1 0.00658333 
38 20
0 0.993417 1 0.00658333 
38 21
0 0.993417 1 0.00658333 
38 22
0 0.993417 1 0.00658333 
38 23
0 0.993417 1 0.00658333 
38 24
0 0.993417 1 0.00658333 
38 25
0 0.993417 1 0.00658333 
38 26
0 0.993417 1 0.00658333 
38 27
0 0.993417 1 0.00658333 
38 28
0 0.993417 1 0.00658333 
38 29
0 0.993417 1 0.00658333 
38 30
0 0.993417 1 0.00658333 
38 31
0 0.993417 1 0.00658333 
38 32
0 0.993417 1 0.00658333 
38 33
0 0.993417 1 0.00658333 
38 34
0 0.993417 1 0.00658333 
38 35
0 0.993417 1 0.00658333 
38 36
0 0.993417 1 0.00658333 
38 37
0 0.993417 1 0.00658333 
38 39
0 0.993417 1 0.00658333 
38 40
0 0.993417 1 0.00658333 
38 41
0 0.993417 1 0.00658333 
38 42
0 0.993417 1 0.00658333 
38 43
0 0.993417 1 0.00658333 
38 44
0 0.993417 1 0.00658333 
38 45
0 0.993417 1 0.00658333 
38 46
0 0.993417 1 0.00658333 
38 47
0 0.993417 1 0.00658333 
38 48
0 0.993417 1 0.00658333 
38 49
0 0.993417 1 0.00658333 
38 50
0 0.993417 1 0.00658333 
39 0
0 0.993417 1 0.00658333 
39 1
0 0.996703 1 0.0032971 
39 2
0 0.996703 1 0.0032971 
39 3
0 0.996703 1 0.0032971 
39 4
0 0.993417 1 0.00658333 
39 5
0 0.996703 1 0.0032971 
39 6
0 0.996703 1 0.0032971 
39 7
0 0.996703 1 0.0032971 
39 8
0 0.996703 1 0.0032971 
39 9
0 0.996703 1 0.0032971 
39 10
0 0.996703 1 0.0032971 
39 11
0 0.996703 1 0.0032971 
39 12
0 0.993417 1 0.00658333 
39 13
0 0.996703 1 0.0032971 
39 14
0 0.996703 1 0.0032971 
39 15
0 0.996703 1 0.0032971 
39 16
0 0.996703 1 0.0032971 
39 17
0 0.996703 1 0.0032971 
39 18
0 0.996703 1 0.0032971 
39 19
0 0.996703 1 0.0032971 
39 20
0 0.996703 1 0.0032971 
39 21
0 0.996703 1 0.0032971 
39 22
0 0.996703 1 0.0032971 
39 23
0 0.996703 1 0.0032971 
39 24
0 0.996703 1 0.0032971 
39 25
0 0.996703 1 0.0032971 
39 26
0 0.996703 1 0.0032971 
39 27
0 0.996703 1 0.0032971 
39 28
0 0.996703 1 0.0032971 
39 29
0 0.996703 1 0.0032971 
39 30
0 0.996703 1 0.0032971 
39 31
0 0.996703 1 0.0032971 
39 32
0 0.996703 1 0.0032971 
39 33
0 0.996703 1 0.0032971 
39 34
0 0.996703 1 0.0032971 
39 35
0 0.996703 1 0.0032971 
39 36
0 0.996703 1 0.0032971 
39 37
0 0.996703 1 0.0032971 
39 38
0 0.993417 1 0.00658333 
39 40
0 0.996703 1 0.0032971 
39 41
0 0.996703 1 0.0032971 
39 42
0 0.996703 1 0.0032971 
39 43
0 0.996703 1 0.0032971 
39 44
0 0.996703 1 0.0032971 
39 45
0 0.996703 1 0.0032971 
39 46
0 0.996703 1 0.0032971 
39 47
0 0.996703 1 0.0032971 
39 48
0 0.996703 1 0.0032971 
39 49
0 0.996703 1 0.0032971 
39 50
0 0.996703 1 0.0032971 
40 0
0 0.993417 1 0.00658333 
40 1
0 0.996703 1 0.0032971 
40 2
0 0.996703 1 0.0032971 
40 3
0 0.996703 1 0.0032971 
40 4
0 0.993417 1 0.00658333 
40 5
0 0.996703 1 0.0032971 
40 6
0 0.996703 1 0.0032971 
40 7
0 0.996703 1 0.0032971 
40 8
0 0.996703 1 0.0032971 
40 9
0 0.996703 1 0.0032971 
40 10
0 0.996703 1 0.0032971 
40 11
0 0.996703 1 0.0032971 
40 12
0 0.993417 1 0.00658333 
40 13
0 0.996703 1 0.0032971 
40 14
0 0.996703 1 0.0032971 
40 15
0 0.996703 1 0.0032971 
40 16
0 0.996703 1 0.0032971 
40 17
0 0.996703 1 0.0032971 
40 18
0 0.996703 1 0.0032971 
40 19
0 0.996703 1 0.0032971 
40 20
0 0.996703 1 0.0032971 
40 21
0 0.996703 1 0.0032971 
40 22
0 0.996703 1 0.0032971 
40 23
0 0.996703 1 0.0032971 
40 24
0 0.996703 1 0.0032971 
40 25
0 0.996703 1 0.0032971 
40 26
0 0.996703 1 0.0032971 
40 27
0 0.996703 1 0.0032971 
40 28
0 0.996703 1 0.0032971 
40 29
0 0.996703 1 0.0032971 
40 30
0 0.996703 1 0.0032971 
40 31
0 0.996703 1 0.0032971 
40 32
0 0.996703 1 0.0032971 
40 33
0 0.996703 1 0.0032971 
40 34
0 0.996703 1 0.0032971 
40 35
0 0.996703 1 0.0032971 
40 36
0 0.996703 1 0.0032971 
40 37
0 0.996703 1 0.0032971 
40 38
0 0.993417 1 0.00658333 
40 39
0 0.996703 1 0.0032971 
40 41
0 0.996703 1 0.0032971 
40 42
0 0.996703 1 0.0032971 
40 43
0 0.996703 1 0.0032971 
40 44
0 0.996703 1 0.0032971 
40 45
0 0.996703 1 0.0032971 
40 46
0 0.996703 1 0.0032971 
40 47
0 0.996703 1 0.0032971 
40 48
0 0.996703 1 0.0032971 
40 49
0 0.996703 1 0.0032971 
40 50
0 0.996703 1 0.0032971 
41 0
0 0.993417 1 0.00658333 
41 1
0 0.996703 1 0.0032971 
41 2
0 0.996703 1 0.0032971 
41 3
0 0.996703 1 0.0032971 
41 4
0 0.993417 1 0.00658333 
41 5
0 0.996703 1 0.0032971 
41 6
0 0.996703 1 0.0032971 
41 7
0 0.996703 1 0.0032971 
41 8
0 0.996703 1 0.0032971 
41 9
0 0.996703 1 0.0032971 
41 10
0 0.996703 1 0.0032971 
41 11
0 0.996703 1 0.0032971 
41 12
0 0.993417 1 0.00658333 
41 13
0 0.996703 1 0.0032971 
41 14
0 0.996703 1 0.0032971 
41 15
0 0.996703 1 0.0032971 
41 16
0 0.996703 1 0.0032971 
41 17
0 0.996703 1 0.0032971 
41 18
0 0.996703 1 0.0032971 
41 19
0 0.996703 1 0.0032971 
41 20
0 0.996703 1 0.0032971 
41 21
0 0.996703 1 0.0032971 
41 22
0 0.996703 1 0.0032971 
41 23
0 0.996703 1 0.0032971 
41 24
0 0.996703 1 0.0032971 
41 25
0 0.996703 1 0.0032971 
41 26
0 0.996703 1 0.0032971 
41 27
0 0.996703 1 0.0032971 
41 28
0 0.996703 1 0.0032971 
41 29
0 0.996703 1 0.0032971 
41 30
0 0.996703 1 0.0032971 
41 31
0 0.996703 1 0.0032971 
41 32
0 0.996703 1 0.0032971 
41 33
0 0.996703 1 0.0032971 
41 34
0 0.996703 1 0.0032971 
41 35
0 0.996703 1 0.0032971 
41 36
0 0.996703 1 0.0032971 
41 37
0 0.996703 1 0.0032971 
41 38
0 0.993417 1 0.00658333 
41 39
0 0.996703 1 0.0032971 
41 40
0 0.996703 1 0.0032971 
41 42
0 0.996703 1 0.0032971 
41 43
0 0.996703 1 0.0032971 
41 44
0 0.996703 1 0.0032971 
41 45
0 0.996703 1 0.0032971 
41 46
0 0.996703 1 0.0032971 
41 47
0 0.996703 1 0.0032971 
41 48
0 0.996703 1 0.0032971 
41 49
0 0.996703 1 0.0032971 
41 50
0 0.996703 1 0.0032971 
42 0
0 0.993417 1 0.00658333 
42 1
0 0.996703 1 0.0032971 
42 2
0 0.996703 1 0.0032971 
42 3
0 0.996703 1 0.0032971 
42 4
0 0.993417 1 0.00658333 
42 5
0 0.996703 1 0.0032971 
42 6
0 0.996703 1 0.0032971 
42 7
0 0.996703 1 0.0032971 
42 8
0 0.996703 1 0.0032971 
42 9
0 0.996703 1 0.0032971 
42 10
0 0.996703 1 0.0032971 
42 11
0 0.996703 1 0.0032971 
42 12
0 0.993417 1 0.00658333 
42 13
0 0.996703 1 0.0032971 
42 14
0 0.996703 1 0.0032971 
42 15
0 0.996703 1 0.0032971 
42 16
0 0.996703 1 0.0032971 
42 17
0 0.996703 1 0.0032971 
42 18
0 0.996703 1 0.0032971 
42 19
0 0.996703 1 0.0032971 
42 20
0 0.996703 1 0.0032971 
42 21
0 0.996703 1 0.0032971 
42 22
0 0.996703 1 0.0032971 
42 23
0 0.996703 1 0.0032971 
42 24
0 0.996703 1 0.0032971 
42 25
0 0.996703 1 0.0032971 
42 26
0 0.996703 1 0.0032971 
42 27
0 0.996703 1 0.0032971 
42 28
0 0.996703 1 0.0032971 
42 29
0 0.996703 1 0.0032971 
42 30
0 0.996703 1 0.0032971 
42 31
0 0.996703 1 0.0032971 
42 32
0 0.996703 1 0.0032971 
42 33
0 0.996703 1 0.0032971 
42 34
0 0.996703 1 0.0032971 
42 35
0 0.996703 1 0.0032971 
42 36
0 0.996703 1 0.0032971 
42 37
0 0.996703 1 0.0032971 
42 38
0 0.993417 1 0.00658333 
42 39
0 0.996703 1 0.0032971 
42 40
0 0.996703 1 0.0032971 
42 41
0 0.996703 1 0.0032971 
42 43
0 0.996703 1 0.0032971 
42 44
0 0.996703 1 0.0032971 
42 45
0 0.996703 1 0.0032971 
42 46
0 0.996703 1 0.0032971 
42 47
0 0.996703 1 0.0032971 
42 48
0 0.996703 1 0.0032971 
42 49
0 0.996703 1 0.0032971 
42 50
0 0.996703 1 0.0032971 
43 0
0 0.993417 1 0.00658333 
43 1
0 0.996703 1 0.0032971 
43 2
0 0.996703 1 0.0032971 
43 3
0 0.996703 1 0.0032971 
43 4
0 0.993417 1 0.00658333 
43 5
0 0.996703 1 0.0032971 
43 6
0 0.996703 1 0.0032971 
43 7
0 0.996703 1 0.0032971 
43 8
0 0.996703 1 0.0032971 
43 9
0 0.996703 1 0.0032971 
43 10
0 0.996703 1 0.0032971 
43 11
0 0.996703 1 0.0032971 
43 12
0 0.993417 1 0.00658333 
43 13
0 0.996703 1 0.0032971 
43 14
0 0.996703 1 0.0032971 
43 15
0 0.996703 1 0.0032971 
43 16
0 0.996703 1 0.0032971 
43 17
0 0.996703 1 0.0032971 
43 18
0 0.996703 1 0.0032971 
43 19
0 0.996703 1 0.0032971 
43 20
0 0.996703 1 0.0032971 
43 21
0 0.996703 1 0.0032971 
43 22
0 0.996703 1 0.0032971 
43 23
0 0.996703 1 0.0032971 
43 24
0 0.996703 1 0.0032971 
43 25
0 0.996703 1 0.0032971 
43 26
0 0.996703 1 0.0032971 
43 27
0 0.996703 1 0.0032971 
43 28
0 0.996703 1 0.0032971 
43 29
0 0.996703 1 0.0032971 
43 30
0 0.996703 1 0.0032971 
43 31
0 0.996703 1 0.0032971 
43 32
0 0.996703 1 0.0032971 
43 33
0 0.996703 1 0.0032971 
43 34
0 0.996703 1 0.0032971 
43 35
0 0.996703 1 0.0032971 
43 36
0 0.996703 1 0.0032971 
43 37
0 0.996703 1 0.0032971 
43 38
0 0.993417 1 0.00658333 
43 39
0 0.996703 1 0.0032971 
43 40
0 0.996703 1 0.0032971 
43 41
0 0.996703 1 0.0032971 
43 42
0 0.996703 1 0.0032971 
43 44
0 0.996703 1 0.0032971 
43 45
0 0.996703 1 0.0032971 
43 46
0 0.996703 1 0.0032971 
43 47
0 0.996703 1 0.0032971 
43 48
0 0.996703 1 0.0032971 
43 49
0 0.996703 1 0.0032971 
43 50
0 0.996703 1 0.0032971 
44 0
0 0.993417 1 0.00658333 
44 1
0 0.996703 1 0.0032971 
44 2
0 0.996703 1 0.0032971 
44 3
0 0.996703 1 0.0032971 
44 4
0 0.993417 1 0.00658333 
44 5
0 0.996703 1 0.0032971 
44 6
0 0.996703 1 0.0032971 
44 7
0 0.996703 1 0.0032971 
44 8
0 0.996703 1 0.0032971 
44 9
0 0.996703 1 0.0032971 
44 10
0 0.996703 1 0.0032971 
44 11
0 0.996703 1 0.0032971 
44 12
0 0.993417 1 0.00658333 
44 13
0 0.996703 1 0.0032971 
44 14
0 0.996703 1 0.0032971 
44 15
0 0.996703 1 0.0032971 
44 16
0 0.996703 1 0.0032971 
44 17
0 0.996703 1 0.0032971 
44 18
0 0.996703 1 0.0032971 
44 19
0 0.996703 1 0.0032971 
44 20
0 0.996703 1 0.0032971 
44 21
0 0.996703 1 0.0032971 
44 22
0 0.996703 1 0.0032971 
44 23
0 0.996703 1 0.0032971 
44 24
0 0.996703 1 0.0032971 
44 25
0 0.996703 1 0.0032971 
44 26
0 0.996703 1 0.0032971 
44 27
0 0.996703 1 0.0032971 
44 28
0 0.996703 1 0.0032971 
44 29
0 0.996703 1 0.0032971 
44 30
0 0.996703 1 0.0032971 
44 31
0 0.996703 1 0.0032971 
44 32
0 0.996703 1 0.0032971 
44 33
0 0.996703 1 0.0032971 
44 34
0 0.996703 1 0.0032971 
44 35
0 0.996703 1 0.0032971 
44 36
0 0.996703 1 0.0032971 
44 37
0 0.996703 1 0.0032971 
44 38
0 0.993417 1 0.00658333 
44 39
0 0.996703 1 0.0032971 
44 40
0 0.996703 1 0.0032971 
44 41
0 0.996703 1 0.0032971 
44 42
0 0.996703 1 0.0032971 
44 43
0 0.996703 1 0.0032971 
44 45
0 0.996703 1 0.0032971 
44 46
0 0.996703 1 0.0032971 
44 47
0 0.996703 1 0.0032971 
44 48
0 0.996703 1 0.0032971 
44 49
0 0.996703 1 0.0032971 
44 50
0 0.996703 1 0.0032971 
45 0
0 0.993417 1 0.00658333 
45 1
0 0.996703 1 0.0032971 
45 2
0 0.996703 1 0.0032971 
45 3
0 0.996703 1 0.0032971 
45 4
0 0.993417 1 0.00658333 
45 5
0 0.996703 1 0.0032971 
45 6
0 0.996703 1 0.0032971 
45 7
0 0.996703 1 0.0032971 
45 8
0 0.996703 1 0.0032971 
45 9
0 0.996703 1 0.0032971 
45 10
0 0.996703 1 0.0032971 
45 11
0 0.996703 1 0.0032971 
45 12
0 0.993417 1 0.00658333 
45 13
0 0.996703 1 0.0032971 
45 14
0 0.996703 1 0.0032971 
45 15
0 0.996703 1 0.0032971 
45 16
0 0.996703 1 0.0032971 
45 17
0 0.996703 1 0.0032971 
45 18
0 0.996703 1 0.0032971 
45 19
0 0.996703 1 0.0032971 
45 20
0 0.996703 1 0.0032971 
45 21
0 0.996703 1 0.0032971 
45 22
0 0.996703 1 0.0032971 
45 23
0 0.996703 1 0.0032971 
45 24
0 0.996703 1 0.0032971 
45 25
0 0.996703 1 0.0032971 
45 26
0 0.996703 1 0.0032971 
45 27
0 0.996703 1 0.0032971 
45 28
0 0.996703 1 0.0032971 
45 29
0 0.996703 1 0.0032971 
45 30
0 0.996703 1 0.0032971 
45 31
0 0.996703 1 0.0032971 
45 32
0 0.996703 1 0.0032971 
45 33
0 0.996703 1 0.0032971 
45 34
0 0.996703 1 0.0032971 
45 35
0 0.996703 1 0.0032971 
45 36
0 0.996703 1 0.0032971 
45 37
0 0.996703 1 0.0032971 
45 38
0 0.993417 1 0.00658333 
45 39
0 0.996703 1 0.0032971 
45 40
0 0.996703 1 0.0032971 
45 41
0 0.996703 1 0.0032971 
45 42
0 0.996703 1 0.0032971 
45 43
0 0.996703 1 0.0032971 
45 44
0 0.996703 1 0.0032971 
45 46
0 0.996703 1 0.0032971 
45 47
0 0.996703 1 0.0032971 
45 48
0 0.996703 1 0.0032971 
45 49
0 0.996703 1 0.0032971 
45 50
0 0.996703 1 0.0032971 
46 0
0 0.993417 1 0.00658333 
46 1
0 0.996703 1 0.0032971 
46 2
0 0.996703 1 0.0032971 
46 3
0 0.996703 1 0.0032971 
46 4
0 0.993417 1 0.00658333 
46 5
0 0.996703 1 0.0032971 
46 6
0 0.996703 1 0.0032971 
46 7
0 0.996703 1 0.0032971 
46 8
0 0.996703 1 0.0032971 
46 9
0 0.996703 1 0.0032971 
46 10
0 0.996703 1 0.0032971 
46 11
0 0.996703 1 0.0032971 
46 12
0 0.993417 1 0.00658333 
46 13
0 0.996703 1 0.0032971 
46 14
0 0.996703 1 0.0032971 
46 15
0 0.996703 1 0.0032971 
46 16
0 0.996703 1 0.0032971 
46 17
0 0.996703 1 0.0032971 
46 18
0 0.996703 1 0.0032971 
46 19
0 0.996703 1 0.0032971 
46 20
0 0.996703 1 0.0032971 
46 21
0 0.996703 1 0.0032971 
46 22
0 0.996703 1 0.0032971 
46 23
0 0.996703 1 0.0032971 
46 24
0 0.996703 1 0.0032971 
46 25
0 0.996703 1 0.0032971 
46 26
0 0.996703 1 0.0032971 
46 27
0 0.996703 1 0.0032971 
46 28
0 0.996703 1 0.0032971 
46 29
0 0.996703 1 0.0032971 
46 30
0 0.996703 1 0.0032971 
46 31
0 0.996703 1 0.0032971 
46 32
0 0.996703 1 0.0032971 
46 33
0 0.996703 1 0.0032971 
46 34
0 0.996703 1 0.0032971 
46 35
0 0.996703 1 0.0032971 
46 36
0 0.996703 1 0.0032971 
46 37
0 0.996703 1 0.0032971 
46 38
0 0.993417 1 0.00658333 
46 39
0 0.996703 1 0.0032971 
46 40
0 0.996703 1 0.0032971 
46 41
0 0.996703 1 0.0032971 
46 42
0 0.996703 1 0.0032971 
46 43
0 0.996703 1 0.0032971 
46 44
0 0.996703 1 0.0032971 
46 45
0 0.996703 1 0.0032971 
46 47
0 0.996703 1 0.0032971 
46 48
0 0.996703 1 0.0032971 
46 49
0 0.996703 1 0.0032971 
46 50
0 0.996703 1 0.0032971 
47 0
0 0.993417 1 0.00658333 
47 1
0 0.996703 1 0.0032971 
47 2
0 0.996703 1 0.0032971 
47 3
0 0.996703 1 0.0032971 
47 4
0 0.993417 1 0.00658333 
47 5
0 0.996703 1 0.0032971 
47 6
0 0.996703 1 0.0032971 
47 7
0 0.996703 1 0.0032971 
47 8
0 0.996703 1 0.0032971 
47 9
0 0.996703 1 0.0032971 
47 10
0 0.996703 1 0.0032971 
47 11
0 0.996703 1 0.0032971 
47 12
0 0.993417 1 0.00658333 
47 13
0 0.996703 1 0.0032971 
47 14
0 0.996703 1 0.0032971 
47 15
0 0.996703 1 0.0032971 
47 16
0 0.996703 1 0.0032971 
47 17
0 0.996703 1 0.0032971 
47 18
0 0.996703 1 0.0032971 
47 19
0 0.996703 1 0.0032971 
47 20
0 0.996703 1 0.0032971 
47 21
0 0.996703 1 0.0032971 
47 22
0 0.996703 1 0.0032971 
47 23
0 0.996703 1 0.0032971 
47 24
0 0.996703 1 0.0032971 
47 25
0 0.996703 1 0.0032971 
47 26
0 0.996703 1 0.0032971 
47 27
0 0.996703 1 0.0032971 
47 28
0 0.996703 1 0.0032971 
47 29
0 0.996703 1 0.0032971 
47 30
0 0.996703 1 0.0032971 
47 31
0 0.996703 1 0.0032971 
47 32
0 0.996703 1 0.0032971 
47 33
0 0.996703 1 0.0032971 
47 34
0 0.996703 1 0.0032971 
47 35
0 0.996703 1 0.0032971 
47 36
0 0.996703 1 0.0032971 
47 37
0 0.996703 1 0.0032971 
47 38
0 0.993417 1 0.00658333 
47 39
0 0.996703 1 0.0032971 
47 40
0 0.996703 1 0.0032971 
47 41
0 0.996703 1 0.0032971 
47 42
0 0.996703 1 0.0032971 
47 43
0 0.996703 1 0.0032971 
47 44
0 0.996703 1 0.0032971 
47 45
0 0.996703 1 0.0032971 
47 46
0 0.996703 1 0.0032971 
47 48
0 0.996703 1 0.0032971 
47 49
0 0.996703 1 0.0032971 
47 50
0 0.996703 1 0.0032971 
48 0
0 0.993417 1 0.00658333 
48 1
0 0.996703 1 0.0032971 
48 2
0 0.996703 1 0.0032971 
48 3
0 0.996703 1 0.0032971 
48 4
0 0.993417 1 0.00658333 
48 5
0 0.996703 1 0.0032971 
48 6
0 0.996703 1 0.0032971 
48 7
0 0.996703 1 0.0032971 
48 8
0 0.996703 1 0.0032971 
48 9
0 0.996703 1 0.0032971 
48 10
0 0.996703 1 0.0032971 
48 11
0 0.996703 1 0.0032971 
48 12
0 0.993417 1 0.00658333 
48 13
0 0.996703 1 0.0032971 
48 14
0 0.996703 1 0.0032971 
48 15
0 0.996703 1 0.0032971 
48 16
0 0.996703 1 0.0032971 
48 17
0 0.996703 1 0.0032971 
48 18
0 0.996703 1 0.0032971 
48 19
0 0.996703 1 0.0032971 
48 20
0 0.996703 1 0.0032971 
48 21
0 0.996703 1 0.0032971 
48 22
0 0.996703 1 0.0032971 
48 23
0 0.996703 1 0.0032971 
48 24
0 0.996703 1 0.0032971 
48 25
0 0.996703 1 0.0032971 
48 26
0 0.996703 1 0.0032971 
48 27
0 0.996703 1 0.0032971 
48 28
0 0.996703 1 0.0032971 
48 29
0 0.996703 1 0.0032971 
48 30
0 0.996703 1 0.0032971 
48 31
0 0.996703 1 0.0032971 
48 32
0 0.996703 1 0.0032971 
48 33
0 0.996703 1 0.0032971 
48 34
0 0.996703 1 0.0032971 
48 35
0 0.996703 1 0.0032971 
48 36
0 0.996703 1 0.0032971 
48 37
0 0.996703 1 0.0032971 
48 38
0 0.993417 1 0.00658333 
48 39
0 0.996703 1 0.0032971 
48 40
0 0.996703 1 0.0032971 
48 41
0 0.996703 1 0.0032971 
48 42
0 0.996703 1 0.0032971 
48 43
0 0.996703 1 0.0032971 
48 44
0 0.996703 1 0.0032971 
48 45
0 0.996703 1 0.0032971 
48 46
0 0.996703 1 0.0032971 
48 47
0 0.996703 1 0.0032971 
48 49
0 0.996703 1 0.0032971 
48 50
0 0.996703 1 0.0032971 
49 0
0 0.993417 1 0.00658333 
49 1
0 0.996703 1 0.0032971 
49 2
0 0.996703 1 0.0032971 
49 3
0 0.996703 1 0.0032971 
49 4
0 0.993417 1 0.00658333 
49 5
0 0.996703 1 0.0032971 
49 6
0 0.996703 1 0.0032971 
49 7
0 0.996703 1 0.0032971 
49 8
0 0.996703 1 0.0032971 
49 9
0 0.996703 1 0.0032971 
49 10
0 0.996703 1 0.0032971 
49 11
0 0.996703 1 0.0032971 
49 12
0 0.993417 1 0.00658333 
49 13
0 0.996703 1 0.0032971 
49 14
0 0.996703 1 0.0032971 
49 15
0 0.996703 1 0.0032971 
49 16
0 0.996703 1 0.0032971 
49 17
0 0.996703 1 0.0032971 
49 18
0 0.996703 1 0.0032971 
49 19
0 0.996703 1 0.0032971 
49 20
0 0.996703 1 0.0032971 
49 21
0 0.996703 1 0.0032971 
49 22
0 0.996703 1 0.0032971 
49 23
0 0.996703 1 0.0032971 
49 24
0 0.996703 1 0.0032971 
49 25
0 0.996703 1 0.0032971 
49 26
0 0.996703 1 0.0032971 
49 27
0 0.996703 1 0.0032971 
49 28
0 0.996703 1 0.0032971 
49 29
0 0.996703 1 0.0032971 
49 30
0 0.996703 1 0.0032971 
49 31
0 0.996703 1 0.0032971 
49 32
0 0.996703 1 0.0032971 
49 33
0 0.996703 1 0.0032971 
49 34
0 0.996703 1 0.0032971 
49 35
0 0.996703 1 0.0032971 
49 36
0 0.996703 1 0.0032971 
49 37
0 0.996703 1 0.0032971 
49 38
0 0.993417 1 0.00658333 
49 39
0 0.996703 1 0.0032971 
49 40
0 0.996703 1 0.0032971 
49 41
0 0.996703 1 0.0032971 
49 42
0 0.996703 1 0.0032971 
49 43
0 0.996703 1 0.0032971 
49 44
0 0.996703 1 0.0032971 
49 45
0 0.996703 1 0.0032971 
49 46
0 0.996703 1 0.0032971 
49 47
0 0.996703 1 0.0032971 
49 48
0 0.996703 1 0.0032971 
49 50
0 0.996703 1 0.0032971 
50 0
0 0.993417 1 0.00658333 
50 1
0 0.996703 1 0.0032971 
50 2
0 0.996703 1 0.0032971 
50 3
0 0.996703 1 0.0032971 
50 4
0 0.993417 1 0.00658333 
50 5
0 0.996703 1 0.0032971 
50 6
0 0.996703 1 0.0032971 
50 7
0 0.996703 1 0.0032971 
50 8
0 0.996703 1 0.0032971 
50 9
0 0.996703 1 0.0032971 
50 10
0 0.996703 1 0.0032971 
50 11
0 0.996703 1 0.0032971 
50 12
0 0.993417 1 0.00658333 
50 13
0 0.996703 1 0.0032971 
50 14
0 0.996703 1 0.0032971 
50 15
0 0.996703 1 0.0032971 
50 16
0 0.996703 1 0.0032971 
50 17
0 0.996703 1 0.0032971 
50 18
0 0.996703 1 0.0032971 
50 19
0 0.996703 1 0.0032971 
50 20
0 0.996703 1 0.0032971 
50 21
0 0.996703 1 0.0032971 
50 22
0 0.996703 1 0.0032971 
50 23
0 0.996703 1 0.0032971 
50 24
0 0.996703 1 0.0032971 
50 25
0 0.996703 1 0.0032971 
50 26
0 0.996703 1 0.0032971 
50 27
0 0.996703 1 0.0032971 
50 28
0 0.996703 1 0.0032971 
50 29
0 0.996703 1 0.0032971 
50 30
0 0.996703 1 0.0032971 
50 31
0 0.996703 1 0.0032971 
50 32
0 0.996703 1 0.0032971 
50 33
0 0.996703 1 0.0032971 
50 34
0 0.996703 1 0.0032971 
50 35
0 0.996703 1 0.0032971 
50 36
0 0.996703 1 0.0032971 
50 37
0 0.996703 1 0.0032971 
50 38
0 0.993417 1 0.00658333 
50 39
0 0.996703 1 0.0032971 
50 40
0 0.996703 1 0.0032971 
50 41
0 0.996703 1 0.0032971 
50 42
0 0.996703 1 0.0032971 
50 43
0 0.996703 1 0.0032971 
50 44
0 0.996703 1 0.0032971 
50 45
0 0.996703 1 0.0032971 
50 46
0 0.996703 1 0.0032971 
50 47
0 0.996703 1 0.0032971 
50 48
0 0.996703 1 0.0032971 
50 49
0 0.996703 1 0.0032971 
