c 	eil76_tsp_76_4_4_6_44_50_45_732_0_0_0_100_7767899_0_0
c 	nn 76
c 	nm 4
c 	oComp 4
c 	ooProb 0.0176757
c 	coProb 0.0350389
c 	ooD 2.5453
c 	coD 20.1824
c 	ccD 22.7277
c 	totD 45.4554
c 	ooD/totD 0.0559954
c 	coD/totD 0.444005
c 	ccD/totD 0.5
c 	ccEval 1.89398
c 	ooN 144
c 	coN 576
c 	ccN 12
c 	totN 732
c 	totN / nn(nn-1)=0.128421
c 	 TYPE: TSPLIB
76
15 23 26 33 16 40 40 37 48 54 32 42 53 40 14 25 36 48 45 24 10 13 26 42 31 35 14 30 21 55 31 8 33 43 34 39 51 39 29 11 11 7 26 29 35 29 26 19 35 18 36 48 49 49 16 43 42 64 46 21 8 8 18 56 61 30 19 33 46 41 40 5 18 23 25 
15 24 13 20 9 28 27 34 40 43 25 28 40 26 18 18 40 34 32 15 16 25 34 42 21 21 10 16 7 50 30 10 20 31 24 26 41 35 25 26 24 21 27 15 22 18 13 27 37 15 22 36 34 51 30 29 34 51 36 20 8 16 30 46 51 18 7 26 35 31 34 9 7 12 15 
23 24 26 42 16 29 34 15 28 39 15 42 43 46 9 12 16 41 55 39 32 20 14 19 20 36 32 36 29 33 8 17 29 34 48 49 33 17 10 29 32 26 3 33 30 42 36 11 13 10 34 36 46 27 25 48 24 53 59 42 27 15 40 38 45 24 21 50 58 55 21 22 31 21 20 
26 13 26 18 12 16 14 31 31 32 19 17 28 20 24 15 42 21 30 22 29 35 39 40 12 10 21 11 9 43 29 20 7 18 27 25 31 29 21 38 37 33 27 7 9 21 14 33 37 16 9 24 23 49 40 22 25 38 36 30 21 25 42 35 39 7 7 31 34 33 27 21 16 5 7 
33 20 42 18 26 30 25 49 48 45 37 17 38 8 38 33 58 29 13 13 30 45 53 58 30 14 20 7 13 61 47 30 21 30 10 7 47 47 39 43 40 39 44 11 22 7 7 47 54 32 18 37 24 67 49 12 43 46 18 24 25 36 43 50 52 24 21 17 16 16 45 28 15 23 25 
16 9 16 12 26 23 25 26 33 38 17 29 37 31 12 10 33 32 39 24 22 23 28 34 14 22 18 21 13 42 22 9 18 27 32 33 35 26 16 27 27 23 18 17 20 25 20 21 28 6 21 32 35 43 28 33 27 48 43 28 14 14 34 40 45 14 5 34 42 39 26 12 16 8 9 
40 28 29 16 30 23 7 26 19 16 15 19 14 29 32 18 41 12 39 37 44 45 44 36 10 17 37 24 25 32 28 32 10 5 40 36 16 22 20 50 50 46 29 20 8 35 29 40 36 24 13 9 19 45 51 27 14 24 48 46 36 36 57 20 23 9 21 46 45 46 18 35 32 16 14 
40 27 34 14 25 25 7 32 26 20 21 12 14 22 35 22 47 8 33 34 43 47 48 42 14 11 35 19 22 39 34 33 7 5 35 30 22 29 25 51 51 47 34 16 5 30 25 44 41 27 7 12 13 51 53 21 21 24 42 43 35 38 57 25 27 10 21 41 39 40 25 35 29 17 16 
37 34 15 31 49 26 26 32 16 30 12 43 36 50 24 17 17 38 60 49 46 34 25 10 20 38 44 42 37 18 7 30 31 30 56 56 22 4 10 44 46 41 12 38 30 50 44 25 11 20 35 29 45 19 39 50 14 44 67 54 39 30 55 26 34 25 29 60 65 63 9 35 41 26 24 
48 40 28 31 48 33 19 26 16 15 16 38 24 47 36 23 33 28 58 53 55 48 40 23 20 35 50 42 40 13 22 40 28 22 58 55 7 12 19 56 58 53 26 37 26 52 46 40 27 29 31 17 37 30 53 46 6 30 66 60 47 41 66 11 18 25 33 63 64 64 8 44 46 29 26 
54 43 39 32 45 38 16 20 30 15 24 31 11 42 45 30 47 18 52 53 60 57 53 38 24 31 53 39 41 26 35 46 25 15 55 50 8 25 29 64 65 60 38 35 23 50 45 51 41 37 27 8 27 45 63 39 16 15 62 62 51 49 72 7 7 25 36 61 58 60 21 50 47 32 29 
32 25 15 19 37 17 15 21 12 16 24 31 28 38 21 7 26 27 48 39 39 33 29 22 8 26 35 30 26 25 13 24 19 20 45 44 19 10 5 41 42 37 14 26 18 39 33 26 21 13 23 21 34 31 39 38 10 37 55 45 31 26 50 24 30 13 18 49 53 52 9 28 31 15 12 
42 28 42 17 17 29 19 12 43 38 31 31 22 11 41 30 57 13 21 28 42 51 56 54 24 7 33 13 21 51 44 36 13 17 26 20 34 41 35 53 51 49 43 13 13 23 20 50 51 33 9 23 8 63 57 9 33 30 31 39 35 42 56 37 37 18 24 33 27 30 37 37 27 22 23 
53 40 43 28 38 37 14 14 36 24 11 28 22 33 46 32 53 9 43 48 57 59 57 46 24 24 49 33 36 36 40 46 21 10 48 42 17 32 33 64 64 60 42 30 19 44 39 53 47 38 21 7 17 54 64 30 22 11 53 57 49 50 70 18 16 23 34 54 49 52 27 48 43 30 28 
40 26 46 20 8 31 29 22 50 47 42 38 11 33 43 35 62 24 11 21 38 51 58 60 30 12 28 10 19 61 49 36 20 27 16 9 45 48 41 50 48 46 48 13 21 15 14 52 57 36 16 34 18 69 56 4 42 41 20 32 32 42 51 48 48 25 26 23 16 19 45 35 22 26 27 
14 18 9 24 38 12 32 35 24 36 45 21 41 46 43 14 23 43 50 33 24 13 16 28 22 34 24 33 24 41 17 9 29 37 42 44 40 26 17 21 23 18 12 30 31 36 31 9 21 9 33 40 46 36 19 45 31 56 54 34 18 6 32 45 51 25 17 43 53 49 28 13 25 19 19 
25 18 12 15 33 10 18 22 17 23 30 7 30 32 35 14 27 29 45 33 32 27 26 26 8 24 28 26 21 32 14 17 17 23 40 40 26 16 7 34 35 30 13 22 18 34 27 22 22 6 22 26 34 35 33 36 17 42 51 38 24 19 43 31 37 12 12 43 49 47 16 21 25 10 8 
36 40 16 42 58 33 41 47 17 33 47 26 57 53 62 23 27 54 71 55 46 28 13 11 34 51 48 52 45 30 13 32 44 46 64 65 39 21 22 39 42 38 14 49 44 58 52 18 6 26 48 46 60 14 31 63 31 62 76 57 42 28 51 43 51 39 37 66 75 71 26 37 48 36 35 
48 34 41 21 29 32 12 8 38 28 18 27 13 9 24 43 29 54 34 39 50 55 55 48 21 16 42 24 29 42 40 41 14 7 39 33 23 34 32 59 58 54 41 22 13 35 30 51 48 34 13 11 9 56 61 21 25 18 44 49 43 46 64 25 25 18 28 46 40 43 30 42 36 25 23 
45 32 55 30 13 39 39 33 60 58 52 48 21 43 11 50 45 71 34 22 40 57 66 70 41 23 31 18 26 71 59 43 31 38 13 6 55 58 51 54 51 50 56 23 32 16 19 59 66 45 27 44 27 79 61 13 53 50 10 31 36 49 52 58 59 35 34 19 6 11 55 40 27 35 37 
24 15 39 22 13 24 37 34 49 53 53 39 28 48 21 33 33 55 39 22 18 36 48 58 33 24 9 15 13 64 46 24 28 39 10 16 53 49 40 32 29 29 42 18 30 6 9 41 52 30 27 45 36 66 40 25 47 57 22 11 16 29 30 57 60 29 21 11 23 17 48 20 8 24 27 
10 16 32 29 30 22 44 43 46 55 60 39 42 57 38 24 32 46 50 40 18 21 36 52 36 36 9 29 21 63 40 16 36 47 28 34 57 47 37 15 11 12 35 29 38 24 23 29 44 26 38 53 50 59 23 41 49 67 39 12 8 18 14 62 67 35 23 26 40 34 48 11 16 28 30 
13 25 20 35 45 23 45 47 34 48 57 33 51 59 51 13 27 28 55 57 36 21 16 36 35 44 27 41 32 52 27 15 41 49 47 51 52 37 29 11 15 10 22 39 42 41 38 10 28 21 44 53 57 42 6 54 43 69 58 33 21 9 23 57 64 37 27 46 59 53 40 16 30 30 31 
26 34 14 39 53 28 44 48 25 40 53 29 56 57 58 16 26 13 55 66 48 36 16 23 34 49 39 48 40 41 18 24 43 49 57 60 46 29 24 26 30 26 15 45 44 51 47 7 15 22 47 50 60 27 18 60 37 66 69 47 33 18 39 51 58 38 33 58 69 64 33 28 40 34 33 
42 42 19 40 58 34 36 42 10 23 38 22 54 46 60 28 26 11 48 70 58 52 36 23 30 48 51 52 46 18 12 36 41 40 65 65 30 14 19 47 50 45 16 47 40 59 53 26 8 28 45 39 55 9 41 61 23 53 76 61 46 34 59 34 41 36 37 68 74 72 18 41 50 35 33 
31 21 20 12 30 14 10 14 20 20 24 8 24 24 30 22 8 34 21 41 33 36 35 34 30 18 31 23 20 32 20 23 11 15 38 36 21 18 12 41 41 37 20 18 11 32 26 30 28 14 15 18 26 39 41 31 14 34 48 40 28 26 49 26 31 6 13 43 45 45 15 26 26 9 6 
35 21 36 10 14 22 17 11 38 35 31 26 7 24 12 34 24 51 16 23 24 36 44 49 48 18 27 9 14 48 38 29 8 16 24 20 33 36 30 46 45 42 37 6 9 20 15 43 46 26 4 23 14 58 50 12 30 34 31 34 29 35 49 36 38 13 17 30 28 29 33 30 21 15 16 
14 10 32 21 20 18 37 35 44 50 53 35 33 49 28 24 28 48 42 31 9 9 27 39 51 31 27 20 13 60 39 16 28 39 20 25 51 44 34 23 20 19 35 21 31 15 14 32 45 24 29 46 41 60 30 32 44 59 31 10 6 21 23 56 60 28 17 19 32 26 44 11 6 22 25 
30 16 36 11 7 21 24 19 42 42 39 30 13 33 10 33 26 52 24 18 15 29 41 48 52 23 9 20 9 54 40 26 14 24 16 14 40 40 33 41 39 37 38 4 16 11 6 42 48 26 12 31 21 61 46 13 36 42 25 26 23 32 43 44 46 17 16 22 23 22 38 25 13 16 18 
21 7 29 9 13 13 25 22 37 40 41 26 21 36 19 24 21 45 29 26 13 21 32 40 46 20 14 13 9 51 34 17 16 27 19 20 40 36 27 32 30 28 31 8 18 13 7 33 41 19 16 33 28 55 37 22 34 47 30 21 14 23 35 45 48 16 9 23 29 26 35 16 7 11 14 
55 50 33 43 61 42 32 39 18 13 26 25 51 36 61 41 32 30 42 71 64 63 52 41 18 32 48 60 54 51 25 47 41 35 70 68 19 16 26 62 64 59 30 50 39 64 58 42 26 37 44 31 50 22 57 60 18 41 79 70 56 47 73 20 26 37 44 74 76 76 16 52 57 40 37 
31 30 8 29 47 22 28 34 7 22 35 13 44 40 49 17 14 13 40 59 46 40 27 18 12 20 38 39 40 34 25 24 31 33 54 54 28 11 9 37 40 35 5 36 31 47 41 18 8 16 35 33 47 21 32 50 19 49 65 49 34 23 49 33 40 25 26 56 63 61 15 29 38 24 22 
8 10 17 20 30 9 32 33 30 40 46 24 36 46 36 9 17 32 41 43 24 16 15 24 36 23 29 16 26 17 47 24 26 36 34 37 43 31 21 18 19 14 20 24 28 28 23 17 29 10 29 40 43 44 20 39 34 56 45 25 10 6 26 48 53 23 13 35 45 41 32 5 17 16 18 
33 20 29 7 21 18 10 7 31 28 25 19 13 21 20 29 17 44 14 31 28 36 41 43 41 11 8 28 14 16 41 31 26 11 30 27 26 28 22 44 44 40 30 10 2 25 19 38 38 21 4 18 17 50 46 20 22 31 39 37 28 32 49 30 33 5 14 36 36 36 25 28 22 10 10 
43 31 34 18 30 27 5 5 30 22 15 20 17 10 27 37 23 46 7 38 39 47 49 49 40 15 16 39 24 27 35 33 36 11 40 35 18 27 25 54 54 50 34 21 9 35 30 45 40 28 12 7 15 49 55 25 18 21 47 48 39 40 60 21 22 13 24 46 43 45 22 38 34 20 18 
34 24 48 27 10 32 40 35 56 58 55 45 26 48 16 42 40 64 39 13 10 28 47 57 65 38 24 20 16 19 70 54 34 30 40 8 56 55 47 43 39 39 50 20 32 6 13 50 60 38 28 47 34 74 50 20 52 56 12 18 26 39 39 60 62 33 28 7 12 7 53 30 17 30 33 
39 26 49 25 7 33 36 30 56 55 50 44 20 42 9 44 40 65 33 6 16 34 51 60 65 36 20 25 14 20 68 54 37 27 35 8 53 54 46 48 45 44 51 18 28 10 13 53 61 39 24 42 27 74 55 13 49 50 12 26 30 43 46 56 57 31 28 15 9 10 51 34 21 30 32 
51 41 33 31 47 35 16 22 22 7 8 19 34 17 45 40 26 39 23 55 53 57 52 46 30 21 33 51 40 40 19 28 43 26 18 56 53 18 23 60 61 56 32 36 24 51 45 45 34 32 29 12 32 37 58 43 9 23 64 61 49 45 69 5 12 24 34 62 61 62 13 47 47 30 27 
39 35 17 29 47 26 22 29 4 12 25 10 41 32 48 26 16 21 34 58 49 47 37 29 14 18 36 44 40 36 16 11 31 28 27 55 54 18 10 47 48 43 15 36 28 49 43 28 16 21 33 25 42 22 42 48 10 40 66 54 40 32 57 22 30 23 28 59 63 62 5 36 41 25 22 
29 25 10 21 39 16 20 25 10 19 29 5 35 33 41 17 7 22 32 51 40 37 29 24 19 12 30 34 33 27 26 9 21 22 25 47 46 23 10 38 39 34 9 28 22 40 34 22 16 11 27 26 38 28 35 42 14 42 57 44 30 22 47 28 35 17 19 50 55 54 11 26 32 16 14 
11 26 29 38 43 27 50 51 44 56 64 41 53 64 50 21 34 39 59 54 32 15 11 26 47 41 46 23 41 32 62 37 18 44 54 43 48 60 47 38 4 4 32 40 46 38 36 21 39 28 47 59 60 53 10 54 51 75 54 26 18 15 12 65 71 41 31 40 55 49 49 17 28 34 36 
11 24 32 37 40 27 50 51 46 58 65 42 51 64 48 23 35 42 58 51 29 11 15 30 50 41 45 20 39 30 64 40 19 44 54 39 45 61 48 39 4 5 35 38 46 35 34 24 42 29 46 59 59 56 14 52 52 74 50 22 16 17 9 66 72 41 30 36 51 45 50 16 26 34 36 
7 21 26 33 39 23 46 47 41 53 60 37 49 60 46 18 30 38 54 50 29 12 10 26 45 37 42 19 37 28 59 35 14 40 50 39 44 56 43 34 4 5 29 36 42 34 32 19 37 24 42 54 56 51 12 50 48 70 50 24 14 12 14 61 67 37 26 37 51 45 45 12 24 30 32 
26 27 3 27 44 18 29 34 12 26 38 14 43 42 48 12 13 14 41 56 42 35 22 15 16 20 37 35 38 31 30 5 20 30 34 50 51 32 15 9 32 35 29 34 31 44 38 13 10 12 34 35 47 25 27 49 22 52 62 45 29 18 43 36 43 25 23 53 60 57 18 25 34 22 21 
29 15 33 7 11 17 20 16 38 37 35 26 13 30 13 30 22 49 22 23 18 29 39 45 47 18 6 21 4 8 50 36 24 10 21 20 18 36 36 28 40 38 36 34 12 15 9 39 44 23 9 27 20 57 44 15 32 39 30 28 22 30 43 40 43 13 12 26 27 27 34 24 14 12 14 
35 22 30 9 22 20 8 5 30 26 23 18 13 19 21 31 18 44 13 32 30 38 42 44 40 11 9 31 16 18 39 31 28 2 9 32 28 24 28 22 46 46 42 31 12 27 21 39 39 22 5 16 16 50 48 21 21 29 40 39 30 33 52 28 31 6 16 38 37 38 24 30 25 12 11 
29 18 42 21 7 25 35 30 50 52 50 39 23 44 15 36 34 58 35 16 6 24 41 51 59 32 20 15 11 13 64 47 28 25 35 6 10 51 49 40 38 35 34 44 15 27 6 44 54 32 23 42 31 68 45 19 46 53 18 17 21 34 36 55 57 27 22 11 17 13 47 25 11 24 27 
26 13 36 14 7 20 29 25 44 46 45 33 20 39 14 31 27 52 30 19 9 23 38 47 53 26 15 14 6 7 58 41 23 19 30 13 13 45 43 34 36 34 32 38 9 21 6 40 48 26 18 37 28 62 42 18 40 48 23 19 18 29 37 49 52 21 16 17 22 19 41 21 8 18 21 
19 27 11 33 47 21 40 44 25 40 51 26 50 53 52 9 22 18 51 59 41 29 10 7 26 30 43 32 42 33 42 18 17 38 45 50 53 45 28 22 21 24 19 13 39 39 44 40 18 17 42 47 55 32 14 54 36 64 62 40 25 11 33 50 56 33 26 51 62 57 32 21 33 28 28 
35 37 13 37 54 28 36 41 11 27 41 21 51 47 57 21 22 6 48 66 52 44 28 15 8 28 46 45 48 41 26 8 29 38 40 60 61 34 16 16 39 42 37 10 44 39 54 48 18 22 43 40 54 15 32 58 25 56 71 54 39 26 51 38 45 33 33 63 70 67 20 34 44 31 30 
18 15 10 16 32 6 24 27 20 29 37 13 33 38 36 9 6 26 34 45 30 26 21 22 28 14 26 24 26 19 37 16 10 21 28 38 39 32 21 11 28 29 24 12 23 22 32 26 17 22 25 32 38 36 27 38 24 48 49 34 19 13 37 37 43 16 11 41 48 45 22 15 22 11 11 
36 22 34 9 18 21 13 7 35 31 27 23 9 21 16 33 22 48 13 27 27 38 44 47 45 15 4 29 12 16 44 35 29 4 12 28 24 29 33 27 47 46 42 34 9 5 23 18 42 43 25 19 13 54 50 16 26 31 35 37 30 35 51 32 34 10 17 34 32 33 29 30 23 14 14 
48 36 36 24 37 32 9 12 29 17 8 21 23 7 34 40 26 46 11 44 45 53 53 50 39 18 23 46 31 33 31 33 40 18 7 47 42 12 25 26 59 59 54 35 27 16 42 37 47 40 32 19 20 47 59 32 15 17 54 54 45 44 66 14 15 18 29 53 50 52 20 43 40 25 23 
49 34 46 23 24 35 19 13 45 37 27 34 8 17 18 46 34 60 9 27 36 50 57 60 55 26 14 41 21 28 50 47 43 17 15 34 27 32 42 38 60 59 56 47 20 16 31 28 55 54 38 13 20 64 63 14 33 23 37 47 43 48 63 34 33 22 30 41 33 37 37 43 34 27 27 
49 51 27 49 67 43 45 51 19 30 45 31 63 54 69 36 35 14 56 79 66 59 42 27 9 39 58 60 61 55 22 21 44 50 49 74 74 37 22 28 53 56 51 25 57 50 68 62 32 15 36 54 47 64 45 70 32 60 85 69 54 41 65 40 47 45 46 77 84 81 27 49 58 45 42 
16 30 25 40 49 28 51 53 39 53 63 39 57 64 56 19 33 31 61 61 40 23 6 18 41 41 50 30 46 37 57 32 20 46 55 50 55 58 42 35 10 14 12 27 44 48 45 42 14 32 27 50 59 63 45 59 49 75 62 36 25 15 22 63 69 43 33 49 62 57 45 21 34 36 37 
43 29 48 22 12 33 27 21 50 46 39 38 9 30 4 45 36 63 21 13 25 41 54 60 61 31 12 32 13 22 60 50 39 20 25 20 13 43 48 42 54 52 50 49 15 21 19 18 54 58 38 16 32 14 70 59 41 37 23 36 36 45 55 46 46 25 28 27 19 23 45 38 26 27 28 
42 34 24 25 43 27 14 21 14 6 16 10 33 22 42 31 17 31 25 53 47 49 43 37 23 14 30 44 36 34 18 19 34 22 18 52 49 9 10 14 51 52 48 22 32 21 46 40 36 25 24 26 15 33 32 49 41 30 61 54 41 36 60 14 21 19 27 57 58 58 5 38 40 23 20 
64 51 53 38 46 48 24 24 44 30 15 37 30 11 41 56 42 62 18 50 57 67 69 66 53 34 34 59 42 47 41 49 56 31 21 56 50 23 40 42 75 74 70 52 39 29 53 48 64 56 48 31 17 23 60 75 37 30 60 67 59 60 81 21 15 33 45 63 56 60 35 59 53 40 38 
46 36 59 36 18 43 48 42 67 66 62 55 31 53 20 54 51 76 44 10 22 39 58 69 76 48 31 31 25 30 79 65 45 39 47 12 12 64 66 57 54 50 50 62 30 40 18 23 62 71 49 35 54 37 85 62 23 61 60 28 38 51 49 67 68 42 39 14 4 5 63 42 29 41 43 
21 20 42 30 24 28 46 43 54 60 62 45 39 57 32 34 38 57 49 31 11 12 33 47 61 40 34 10 26 21 70 49 25 37 48 18 26 61 54 44 26 22 24 45 28 39 17 19 40 54 34 37 54 47 69 36 36 54 67 28 15 29 21 66 69 37 27 14 30 23 54 20 15 31 34 
8 8 27 21 25 14 36 35 39 47 51 31 35 49 32 18 24 42 43 36 16 8 21 33 46 28 29 6 23 14 56 34 10 28 39 26 30 49 40 30 18 16 14 29 22 30 21 18 25 39 19 30 45 43 54 25 36 41 59 38 15 14 21 54 59 27 15 26 38 33 40 5 10 20 22 
8 16 15 25 36 14 36 38 30 41 49 26 42 50 42 6 19 28 46 49 29 18 9 18 34 26 35 21 32 23 47 23 6 32 40 39 43 45 32 22 15 17 12 18 30 33 34 29 11 26 13 35 44 48 41 15 45 36 60 51 29 14 25 50 56 28 18 40 51 46 34 9 22 21 22 
18 30 40 42 43 34 57 57 55 66 72 50 56 70 51 32 43 51 64 52 30 14 23 39 59 49 49 23 43 35 73 49 26 49 60 39 46 69 57 47 12 9 14 43 43 52 36 37 33 51 37 51 66 63 65 22 55 60 81 49 21 21 25 74 79 48 36 35 51 44 59 22 29 41 43 
56 46 38 35 50 40 20 25 26 11 7 24 37 18 48 45 31 43 25 58 57 62 57 51 34 26 36 56 44 45 20 33 48 30 21 60 56 5 22 28 65 66 61 36 40 28 55 49 50 38 37 32 14 34 40 63 46 14 21 67 66 54 50 74 7 28 39 66 64 66 18 51 51 34 32 
61 51 45 39 52 45 23 27 34 18 7 30 37 16 48 51 37 51 25 59 60 67 64 58 41 31 38 60 46 48 26 40 53 33 22 62 57 12 30 35 71 72 67 43 43 31 57 52 56 45 43 34 15 33 47 69 46 21 15 68 69 59 56 79 7 32 43 68 65 67 25 57 55 39 36 
30 18 24 7 24 14 9 10 25 25 25 13 18 23 25 25 12 39 18 35 29 35 37 38 36 6 13 28 17 16 37 25 23 5 13 33 31 24 23 17 41 41 37 25 13 6 27 21 33 33 16 10 18 22 45 43 25 19 33 42 37 27 28 48 28 32 11 38 40 40 21 25 23 7 5 
19 7 21 7 21 5 21 21 29 33 36 18 24 34 26 17 12 37 28 34 21 23 27 33 37 13 17 17 16 9 44 26 13 14 24 28 28 34 28 19 31 30 26 23 12 16 22 16 26 33 11 17 29 30 46 33 28 27 45 39 27 15 18 36 39 43 11 31 38 35 27 14 13 4 7 
33 26 50 31 17 34 46 41 60 63 61 49 33 54 23 43 43 66 46 19 11 26 46 58 68 43 30 19 22 23 74 56 35 36 46 7 15 62 59 50 40 36 37 53 26 38 11 17 51 63 41 34 53 41 77 49 27 57 63 14 14 26 40 35 66 68 38 31 16 9 58 30 19 34 37 
46 35 58 34 16 42 45 39 65 64 58 53 27 49 16 53 49 75 40 6 23 40 59 69 74 45 28 32 23 29 76 63 45 36 43 12 9 61 63 55 55 51 51 60 27 37 17 22 62 70 48 32 50 33 84 62 19 58 56 4 30 38 51 51 64 65 40 38 16 8 61 42 29 39 41 
41 31 55 33 16 39 46 40 63 64 60 52 30 52 19 49 47 71 43 11 17 34 53 64 72 45 29 26 22 26 76 61 41 36 45 7 10 62 62 54 49 45 45 57 27 38 13 19 57 67 45 33 52 37 81 57 23 58 60 5 23 33 46 44 66 67 40 35 9 8 60 37 24 37 40 
40 34 21 27 45 26 18 25 9 8 21 9 37 27 45 28 16 26 30 55 48 48 40 33 18 15 33 44 38 35 16 15 32 25 22 53 51 13 5 11 49 50 45 18 34 24 47 41 32 20 22 29 20 37 27 45 45 5 35 63 54 40 34 59 18 25 21 27 58 61 60 37 40 24 21 
5 9 22 21 28 12 35 35 35 44 50 28 37 48 35 13 21 37 42 40 20 11 16 28 41 26 30 11 25 16 52 29 5 28 38 30 34 47 36 26 17 16 12 25 24 30 25 21 21 34 15 30 43 43 49 21 38 38 59 42 20 5 9 22 51 57 25 14 30 42 37 37 14 18 21 
18 7 31 16 15 16 32 29 41 46 47 31 27 43 22 25 25 48 36 27 8 16 30 40 50 26 21 6 13 7 57 38 17 22 34 17 21 47 41 32 28 26 24 34 14 25 11 8 33 44 22 23 40 34 58 34 26 40 53 29 15 10 22 29 51 55 23 13 19 29 24 40 14 17 20 
23 12 21 5 23 8 16 17 26 29 32 15 22 30 26 19 10 36 25 35 24 28 30 34 35 9 15 22 16 11 40 24 16 10 20 30 30 30 25 16 34 34 30 22 12 12 24 18 28 31 11 14 25 27 45 36 27 23 40 41 31 20 21 41 34 39 7 4 34 39 37 24 18 17 3 
25 15 20 7 25 9 14 16 24 26 29 12 23 28 27 19 8 35 23 37 27 30 31 33 33 6 16 25 18 14 37 22 18 10 18 33 32 27 22 14 36 36 32 21 14 11 27 21 28 30 11 14 23 27 42 37 28 20 38 43 34 22 22 43 32 36 5 7 37 41 40 21 21 20 3 
732
0 4
0 0.964961 1 0.0350389 
0 16
0 0.964961 1 0.0350389 
0 50
0 0.982324 1 0.0176757 
0 61
0 0.964961 1 0.0350389 
0 70
0 0.964961 1 0.0350389 
1 4
0 0.964961 1 0.0350389 
1 16
0 0.964961 1 0.0350389 
1 32
0 0.982324 1 0.0176757 
1 41
0 0.982324 1 0.0176757 
1 57
0 0.982324 1 0.0176757 
1 61
0 0.964961 1 0.0350389 
1 70
0 0.964961 1 0.0350389 
2 4
0 0.964961 1 0.0350389 
2 5
0 0.982324 1 0.0176757 
2 16
0 0.964961 1 0.0350389 
2 21
0 0.982324 1 0.0176757 
2 29
0 0.982324 1 0.0176757 
2 39
0 0.982324 1 0.0176757 
2 45
0 0.982324 1 0.0176757 
2 59
0 0.982324 1 0.0176757 
2 61
0 0.964961 1 0.0350389 
2 70
0 0.964961 1 0.0350389 
3 4
0 0.964961 1 0.0350389 
3 16
0 0.964961 1 0.0350389 
3 20
0 0.982324 1 0.0176757 
3 57
0 0.982324 1 0.0176757 
3 60
0 0.982324 1 0.0176757 
3 61
0 0.964961 1 0.0350389 
3 70
0 0.964961 1 0.0350389 
4 0
0 0.964961 1 0.0350389 
4 1
0 0.964961 1 0.0350389 
4 2
0 0.964961 1 0.0350389 
4 3
0 0.964961 1 0.0350389 
4 5
0 0.964961 1 0.0350389 
4 6
0 0.964961 1 0.0350389 
4 7
0 0.964961 1 0.0350389 
4 8
0 0.964961 1 0.0350389 
4 9
0 0.964961 1 0.0350389 
4 10
0 0.964961 1 0.0350389 
4 11
0 0.964961 1 0.0350389 
4 12
0 0.964961 1 0.0350389 
4 13
0 0.964961 1 0.0350389 
4 14
0 0.964961 1 0.0350389 
4 15
0 0.964961 1 0.0350389 
4 16
1 0.303012 2 0.5 3 0.196988 
4 17
0 0.964961 1 0.0350389 
4 18
0 0.964961 1 0.0350389 
4 19
0 0.964961 1 0.0350389 
4 20
0 0.964961 1 0.0350389 
4 21
0 0.964961 1 0.0350389 
4 22
0 0.964961 1 0.0350389 
4 23
0 0.964961 1 0.0350389 
4 24
0 0.964961 1 0.0350389 
4 25
0 0.964961 1 0.0350389 
4 26
0 0.964961 1 0.0350389 
4 27
0 0.964961 1 0.0350389 
4 28
0 0.964961 1 0.0350389 
4 29
0 0.964961 1 0.0350389 
4 30
0 0.964961 1 0.0350389 
4 31
0 0.964961 1 0.0350389 
4 32
0 0.964961 1 0.0350389 
4 33
0 0.964961 1 0.0350389 
4 34
0 0.964961 1 0.0350389 
4 35
0 0.964961 1 0.0350389 
4 36
0 0.964961 1 0.0350389 
4 37
0 0.964961 1 0.0350389 
4 38
0 0.964961 1 0.0350389 
4 39
0 0.964961 1 0.0350389 
4 40
0 0.964961 1 0.0350389 
4 41
0 0.964961 1 0.0350389 
4 42
0 0.964961 1 0.0350389 
4 43
0 0.964961 1 0.0350389 
4 44
0 0.964961 1 0.0350389 
4 45
0 0.964961 1 0.0350389 
4 46
0 0.964961 1 0.0350389 
4 47
0 0.964961 1 0.0350389 
4 48
0 0.964961 1 0.0350389 
4 49
0 0.964961 1 0.0350389 
4 50
0 0.964961 1 0.0350389 
4 51
0 0.964961 1 0.0350389 
4 52
0 0.964961 1 0.0350389 
4 53
0 0.964961 1 0.0350389 
4 54
0 0.964961 1 0.0350389 
4 55
0 0.964961 1 0.0350389 
4 56
0 0.964961 1 0.0350389 
4 57
0 0.964961 1 0.0350389 
4 58
0 0.964961 1 0.0350389 
4 59
0 0.964961 1 0.0350389 
4 60
0 0.964961 1 0.0350389 
4 61
1 0.303012 2 0.5 3 0.196988 
4 62
0 0.964961 1 0.0350389 
4 63
0 0.964961 1 0.0350389 
4 64
0 0.964961 1 0.0350389 
4 65
0 0.964961 1 0.0350389 
4 66
0 0.964961 1 0.0350389 
4 67
0 0.964961 1 0.0350389 
4 68
0 0.964961 1 0.0350389 
4 69
0 0.964961 1 0.0350389 
4 70
1 0.303012 2 0.5 3 0.196988 
4 71
0 0.964961 1 0.0350389 
4 72
0 0.964961 1 0.0350389 
4 73
0 0.964961 1 0.0350389 
4 74
0 0.964961 1 0.0350389 
4 75
0 0.964961 1 0.0350389 
5 4
0 0.964961 1 0.0350389 
5 10
0 0.982324 1 0.0176757 
5 11
0 0.982324 1 0.0176757 
5 16
0 0.964961 1 0.0350389 
5 61
0 0.964961 1 0.0350389 
5 70
0 0.964961 1 0.0350389 
6 4
0 0.964961 1 0.0350389 
6 16
0 0.964961 1 0.0350389 
6 61
0 0.964961 1 0.0350389 
6 66
0 0.982324 1 0.0176757 
6 70
0 0.964961 1 0.0350389 
7 4
0 0.964961 1 0.0350389 
7 16
0 0.964961 1 0.0350389 
7 43
0 0.982324 1 0.0176757 
7 61
0 0.964961 1 0.0350389 
7 65
0 0.982324 1 0.0176757 
7 70
0 0.964961 1 0.0350389 
8 4
0 0.964961 1 0.0350389 
8 16
0 0.964961 1 0.0350389 
8 22
0 0.982324 1 0.0176757 
8 47
0 0.982324 1 0.0176757 
8 61
0 0.964961 1 0.0350389 
8 70
0 0.964961 1 0.0350389 
9 4
0 0.964961 1 0.0350389 
9 16
0 0.964961 1 0.0350389 
9 28
0 0.982324 1 0.0176757 
9 34
0 0.982324 1 0.0176757 
9 45
0 0.982324 1 0.0176757 
9 51
0 0.982324 1 0.0176757 
9 55
0 0.982324 1 0.0176757 
9 61
0 0.964961 1 0.0350389 
9 69
0 0.982324 1 0.0176757 
9 70
0 0.964961 1 0.0350389 
10 4
0 0.964961 1 0.0350389 
10 16
0 0.964961 1 0.0350389 
10 43
0 0.982324 1 0.0176757 
10 61
0 0.964961 1 0.0350389 
10 70
0 0.964961 1 0.0350389 
11 4
0 0.964961 1 0.0350389 
11 16
0 0.964961 1 0.0350389 
11 61
0 0.964961 1 0.0350389 
11 70
0 0.964961 1 0.0350389 
11 75
0 0.982324 1 0.0176757 
12 4
0 0.964961 1 0.0350389 
12 16
0 0.964961 1 0.0350389 
12 18
0 0.982324 1 0.0176757 
12 42
0 0.982324 1 0.0176757 
12 61
0 0.964961 1 0.0350389 
12 69
0 0.982324 1 0.0176757 
12 70
0 0.964961 1 0.0350389 
12 72
0 0.982324 1 0.0176757 
13 4
0 0.964961 1 0.0350389 
13 16
0 0.964961 1 0.0350389 
13 23
0 0.982324 1 0.0176757 
13 61
0 0.964961 1 0.0350389 
13 70
0 0.964961 1 0.0350389 
14 4
0 0.964961 1 0.0350389 
14 6
0 0.982324 1 0.0176757 
14 16
0 0.964961 1 0.0350389 
14 35
0 0.982324 1 0.0176757 
14 42
0 0.982324 1 0.0176757 
14 46
0 0.982324 1 0.0176757 
14 61
0 0.964961 1 0.0350389 
14 70
0 0.964961 1 0.0350389 
15 4
0 0.964961 1 0.0350389 
15 13
0 0.982324 1 0.0176757 
15 14
0 0.982324 1 0.0176757 
15 16
0 0.964961 1 0.0350389 
15 35
0 0.982324 1 0.0176757 
15 57
0 0.982324 1 0.0176757 
15 61
0 0.964961 1 0.0350389 
15 70
0 0.964961 1 0.0350389 
16 0
0 0.964961 1 0.0350389 
16 1
0 0.964961 1 0.0350389 
16 2
0 0.964961 1 0.0350389 
16 3
0 0.964961 1 0.0350389 
16 4
1 0.303012 2 0.5 3 0.196988 
16 5
0 0.964961 1 0.0350389 
16 6
0 0.964961 1 0.0350389 
16 7
0 0.964961 1 0.0350389 
16 8
0 0.964961 1 0.0350389 
16 9
0 0.964961 1 0.0350389 
16 10
0 0.964961 1 0.0350389 
16 11
0 0.964961 1 0.0350389 
16 12
0 0.964961 1 0.0350389 
16 13
0 0.964961 1 0.0350389 
16 14
0 0.964961 1 0.0350389 
16 15
0 0.964961 1 0.0350389 
16 17
0 0.964961 1 0.0350389 
16 18
0 0.964961 1 0.0350389 
16 19
0 0.964961 1 0.0350389 
16 20
0 0.964961 1 0.0350389 
16 21
0 0.964961 1 0.0350389 
16 22
0 0.964961 1 0.0350389 
16 23
0 0.964961 1 0.0350389 
16 24
0 0.964961 1 0.0350389 
16 25
0 0.964961 1 0.0350389 
16 26
0 0.964961 1 0.0350389 
16 27
0 0.964961 1 0.0350389 
16 28
0 0.964961 1 0.0350389 
16 29
0 0.964961 1 0.0350389 
16 30
0 0.964961 1 0.0350389 
16 31
0 0.964961 1 0.0350389 
16 32
0 0.964961 1 0.0350389 
16 33
0 0.964961 1 0.0350389 
16 34
0 0.964961 1 0.0350389 
16 35
0 0.964961 1 0.0350389 
16 36
0 0.964961 1 0.0350389 
16 37
0 0.964961 1 0.0350389 
16 38
0 0.964961 1 0.0350389 
16 39
0 0.964961 1 0.0350389 
16 40
0 0.964961 1 0.0350389 
16 41
0 0.964961 1 0.0350389 
16 42
0 0.964961 1 0.0350389 
16 43
0 0.964961 1 0.0350389 
16 44
0 0.964961 1 0.0350389 
16 45
0 0.964961 1 0.0350389 
16 46
0 0.964961 1 0.0350389 
16 47
0 0.964961 1 0.0350389 
16 48
0 0.964961 1 0.0350389 
16 49
0 0.964961 1 0.0350389 
16 50
0 0.964961 1 0.0350389 
16 51
0 0.964961 1 0.0350389 
16 52
0 0.964961 1 0.0350389 
16 53
0 0.964961 1 0.0350389 
16 54
0 0.964961 1 0.0350389 
16 55
0 0.964961 1 0.0350389 
16 56
0 0.964961 1 0.0350389 
16 57
0 0.964961 1 0.0350389 
16 58
0 0.964961 1 0.0350389 
16 59
0 0.964961 1 0.0350389 
16 60
0 0.964961 1 0.0350389 
16 61
1 0.303012 2 0.5 3 0.196988 
16 62
0 0.964961 1 0.0350389 
16 63
0 0.964961 1 0.0350389 
16 64
0 0.964961 1 0.0350389 
16 65
0 0.964961 1 0.0350389 
16 66
0 0.964961 1 0.0350389 
16 67
0 0.964961 1 0.0350389 
16 68
0 0.964961 1 0.0350389 
16 69
0 0.964961 1 0.0350389 
16 70
1 0.303012 2 0.5 3 0.196988 
16 71
0 0.964961 1 0.0350389 
16 72
0 0.964961 1 0.0350389 
16 73
0 0.964961 1 0.0350389 
16 74
0 0.964961 1 0.0350389 
16 75
0 0.964961 1 0.0350389 
17 4
0 0.964961 1 0.0350389 
17 16
0 0.964961 1 0.0350389 
17 61
0 0.964961 1 0.0350389 
17 70
0 0.964961 1 0.0350389 
18 4
0 0.964961 1 0.0350389 
18 16
0 0.964961 1 0.0350389 
18 19
0 0.982324 1 0.0176757 
18 61
0 0.964961 1 0.0350389 
18 66
0 0.982324 1 0.0176757 
18 70
0 0.964961 1 0.0350389 
19 4
0 0.964961 1 0.0350389 
19 16
0 0.964961 1 0.0350389 
19 61
0 0.964961 1 0.0350389 
19 70
0 0.964961 1 0.0350389 
19 72
0 0.982324 1 0.0176757 
20 0
0 0.982324 1 0.0176757 
20 4
0 0.964961 1 0.0350389 
20 16
0 0.964961 1 0.0350389 
20 57
0 0.982324 1 0.0176757 
20 61
0 0.964961 1 0.0350389 
20 70
0 0.964961 1 0.0350389 
20 71
0 0.982324 1 0.0176757 
21 4
0 0.964961 1 0.0350389 
21 16
0 0.964961 1 0.0350389 
21 48
0 0.982324 1 0.0176757 
21 61
0 0.964961 1 0.0350389 
21 70
0 0.964961 1 0.0350389 
21 73
0 0.982324 1 0.0176757 
22 4
0 0.964961 1 0.0350389 
22 16
0 0.964961 1 0.0350389 
22 31
0 0.982324 1 0.0176757 
22 52
0 0.982324 1 0.0176757 
22 61
0 0.964961 1 0.0350389 
22 69
0 0.982324 1 0.0176757 
22 70
0 0.964961 1 0.0350389 
23 4
0 0.964961 1 0.0350389 
23 14
0 0.982324 1 0.0176757 
23 16
0 0.964961 1 0.0350389 
23 28
0 0.982324 1 0.0176757 
23 61
0 0.964961 1 0.0350389 
23 70
0 0.964961 1 0.0350389 
24 4
0 0.964961 1 0.0350389 
24 10
0 0.982324 1 0.0176757 
24 16
0 0.964961 1 0.0350389 
24 17
0 0.982324 1 0.0176757 
24 38
0 0.982324 1 0.0176757 
24 61
0 0.964961 1 0.0350389 
24 70
0 0.964961 1 0.0350389 
25 4
0 0.964961 1 0.0350389 
25 16
0 0.964961 1 0.0350389 
25 30
0 0.982324 1 0.0176757 
25 51
0 0.982324 1 0.0176757 
25 61
0 0.964961 1 0.0350389 
25 68
0 0.982324 1 0.0176757 
25 70
0 0.964961 1 0.0350389 
26 4
0 0.964961 1 0.0350389 
26 16
0 0.964961 1 0.0350389 
26 57
0 0.982324 1 0.0176757 
26 61
0 0.964961 1 0.0350389 
26 70
0 0.964961 1 0.0350389 
27 4
0 0.964961 1 0.0350389 
27 16
0 0.964961 1 0.0350389 
27 32
0 0.982324 1 0.0176757 
27 45
0 0.982324 1 0.0176757 
27 61
0 0.964961 1 0.0350389 
27 70
0 0.964961 1 0.0350389 
28 4
0 0.964961 1 0.0350389 
28 16
0 0.964961 1 0.0350389 
28 24
0 0.982324 1 0.0176757 
28 33
0 0.982324 1 0.0176757 
28 49
0 0.982324 1 0.0176757 
28 61
0 0.964961 1 0.0350389 
28 70
0 0.964961 1 0.0350389 
29 4
0 0.964961 1 0.0350389 
29 16
0 0.964961 1 0.0350389 
29 40
0 0.982324 1 0.0176757 
29 61
0 0.964961 1 0.0350389 
29 70
0 0.964961 1 0.0350389 
29 73
0 0.982324 1 0.0176757 
30 4
0 0.964961 1 0.0350389 
30 16
0 0.964961 1 0.0350389 
30 51
0 0.982324 1 0.0176757 
30 61
0 0.964961 1 0.0350389 
30 70
0 0.964961 1 0.0350389 
31 4
0 0.964961 1 0.0350389 
31 16
0 0.964961 1 0.0350389 
31 36
0 0.982324 1 0.0176757 
31 61
0 0.964961 1 0.0350389 
31 70
0 0.964961 1 0.0350389 
32 4
0 0.964961 1 0.0350389 
32 16
0 0.964961 1 0.0350389 
32 61
0 0.964961 1 0.0350389 
32 66
0 0.982324 1 0.0176757 
32 70
0 0.964961 1 0.0350389 
32 73
0 0.982324 1 0.0176757 
33 4
0 0.964961 1 0.0350389 
33 16
0 0.964961 1 0.0350389 
33 53
0 0.982324 1 0.0176757 
33 61
0 0.964961 1 0.0350389 
33 70
0 0.964961 1 0.0350389 
34 4
0 0.964961 1 0.0350389 
34 16
0 0.964961 1 0.0350389 
34 23
0 0.982324 1 0.0176757 
34 45
0 0.982324 1 0.0176757 
34 53
0 0.982324 1 0.0176757 
34 61
0 0.964961 1 0.0350389 
34 70
0 0.964961 1 0.0350389 
35 4
0 0.964961 1 0.0350389 
35 16
0 0.964961 1 0.0350389 
35 39
0 0.982324 1 0.0176757 
35 51
0 0.982324 1 0.0176757 
35 61
0 0.964961 1 0.0350389 
35 70
0 0.964961 1 0.0350389 
36 4
0 0.964961 1 0.0350389 
36 16
0 0.964961 1 0.0350389 
36 61
0 0.964961 1 0.0350389 
36 70
0 0.964961 1 0.0350389 
37 4
0 0.964961 1 0.0350389 
37 16
0 0.964961 1 0.0350389 
37 49
0 0.982324 1 0.0176757 
37 53
0 0.982324 1 0.0176757 
37 61
0 0.964961 1 0.0350389 
37 62
0 0.982324 1 0.0176757 
37 70
0 0.964961 1 0.0350389 
38 4
0 0.964961 1 0.0350389 
38 16
0 0.964961 1 0.0350389 
38 20
0 0.982324 1 0.0176757 
38 61
0 0.964961 1 0.0350389 
38 70
0 0.964961 1 0.0350389 
39 1
0 0.982324 1 0.0176757 
39 3
0 0.982324 1 0.0176757 
39 4
0 0.964961 1 0.0350389 
39 16
0 0.964961 1 0.0350389 
39 31
0 0.982324 1 0.0176757 
39 56
0 0.982324 1 0.0176757 
39 61
0 0.964961 1 0.0350389 
39 70
0 0.964961 1 0.0350389 
40 4
0 0.964961 1 0.0350389 
40 16
0 0.964961 1 0.0350389 
40 61
0 0.964961 1 0.0350389 
40 70
0 0.964961 1 0.0350389 
41 4
0 0.964961 1 0.0350389 
41 16
0 0.964961 1 0.0350389 
41 61
0 0.964961 1 0.0350389 
41 68
0 0.982324 1 0.0176757 
41 70
0 0.964961 1 0.0350389 
42 4
0 0.964961 1 0.0350389 
42 12
0 0.982324 1 0.0176757 
42 16
0 0.964961 1 0.0350389 
42 34
0 0.982324 1 0.0176757 
42 61
0 0.964961 1 0.0350389 
42 70
0 0.964961 1 0.0350389 
43 4
0 0.964961 1 0.0350389 
43 16
0 0.964961 1 0.0350389 
43 29
0 0.982324 1 0.0176757 
43 38
0 0.982324 1 0.0176757 
43 61
0 0.964961 1 0.0350389 
43 70
0 0.964961 1 0.0350389 
44 4
0 0.964961 1 0.0350389 
44 16
0 0.964961 1 0.0350389 
44 61
0 0.964961 1 0.0350389 
44 70
0 0.964961 1 0.0350389 
45 4
0 0.964961 1 0.0350389 
45 16
0 0.964961 1 0.0350389 
45 31
0 0.982324 1 0.0176757 
45 61
0 0.964961 1 0.0350389 
45 70
0 0.964961 1 0.0350389 
46 4
0 0.964961 1 0.0350389 
46 16
0 0.964961 1 0.0350389 
46 61
0 0.964961 1 0.0350389 
46 70
0 0.964961 1 0.0350389 
47 4
0 0.964961 1 0.0350389 
47 16
0 0.964961 1 0.0350389 
47 38
0 0.982324 1 0.0176757 
47 42
0 0.982324 1 0.0176757 
47 61
0 0.964961 1 0.0350389 
47 70
0 0.964961 1 0.0350389 
48 4
0 0.964961 1 0.0350389 
48 16
0 0.964961 1 0.0350389 
48 57
0 0.982324 1 0.0176757 
48 61
0 0.964961 1 0.0350389 
48 70
0 0.964961 1 0.0350389 
49 4
0 0.964961 1 0.0350389 
49 16
0 0.964961 1 0.0350389 
49 27
0 0.982324 1 0.0176757 
49 61
0 0.964961 1 0.0350389 
49 69
0 0.982324 1 0.0176757 
49 70
0 0.964961 1 0.0350389 
50 4
0 0.964961 1 0.0350389 
50 16
0 0.964961 1 0.0350389 
50 49
0 0.982324 1 0.0176757 
50 58
0 0.982324 1 0.0176757 
50 61
0 0.964961 1 0.0350389 
50 70
0 0.964961 1 0.0350389 
51 4
0 0.964961 1 0.0350389 
51 14
0 0.982324 1 0.0176757 
51 16
0 0.964961 1 0.0350389 
51 36
0 0.982324 1 0.0176757 
51 61
0 0.964961 1 0.0350389 
51 70
0 0.964961 1 0.0350389 
52 3
0 0.982324 1 0.0176757 
52 4
0 0.964961 1 0.0350389 
52 16
0 0.964961 1 0.0350389 
52 36
0 0.982324 1 0.0176757 
52 61
0 0.964961 1 0.0350389 
52 70
0 0.964961 1 0.0350389 
52 74
0 0.982324 1 0.0176757 
53 4
0 0.964961 1 0.0350389 
53 16
0 0.964961 1 0.0350389 
53 51
0 0.982324 1 0.0176757 
53 61
0 0.964961 1 0.0350389 
53 70
0 0.964961 1 0.0350389 
54 3
0 0.982324 1 0.0176757 
54 4
0 0.964961 1 0.0350389 
54 10
0 0.982324 1 0.0176757 
54 16
0 0.964961 1 0.0350389 
54 39
0 0.982324 1 0.0176757 
54 61
0 0.964961 1 0.0350389 
54 70
0 0.964961 1 0.0350389 
55 4
0 0.964961 1 0.0350389 
55 16
0 0.964961 1 0.0350389 
55 33
0 0.982324 1 0.0176757 
55 61
0 0.964961 1 0.0350389 
55 70
0 0.964961 1 0.0350389 
55 74
0 0.982324 1 0.0176757 
56 4
0 0.964961 1 0.0350389 
56 16
0 0.964961 1 0.0350389 
56 41
0 0.982324 1 0.0176757 
56 61
0 0.964961 1 0.0350389 
56 70
0 0.964961 1 0.0350389 
57 4
0 0.964961 1 0.0350389 
57 16
0 0.964961 1 0.0350389 
57 61
0 0.964961 1 0.0350389 
57 70
0 0.964961 1 0.0350389 
58 4
0 0.964961 1 0.0350389 
58 16
0 0.964961 1 0.0350389 
58 32
0 0.982324 1 0.0176757 
58 61
0 0.964961 1 0.0350389 
58 70
0 0.964961 1 0.0350389 
59 0
0 0.982324 1 0.0176757 
59 4
0 0.964961 1 0.0350389 
59 14
0 0.982324 1 0.0176757 
59 16
0 0.964961 1 0.0350389 
59 26
0 0.982324 1 0.0176757 
59 53
0 0.982324 1 0.0176757 
59 61
0 0.964961 1 0.0350389 
59 66
0 0.982324 1 0.0176757 
59 70
0 0.964961 1 0.0350389 
60 4
0 0.964961 1 0.0350389 
60 8
0 0.982324 1 0.0176757 
60 16
0 0.964961 1 0.0350389 
60 39
0 0.982324 1 0.0176757 
60 61
0 0.964961 1 0.0350389 
60 62
0 0.982324 1 0.0176757 
60 70
0 0.964961 1 0.0350389 
60 72
0 0.982324 1 0.0176757 
61 0
0 0.964961 1 0.0350389 
61 1
0 0.964961 1 0.0350389 
61 2
0 0.964961 1 0.0350389 
61 3
0 0.964961 1 0.0350389 
61 4
1 0.303012 2 0.5 3 0.196988 
61 5
0 0.964961 1 0.0350389 
61 6
0 0.964961 1 0.0350389 
61 7
0 0.964961 1 0.0350389 
61 8
0 0.964961 1 0.0350389 
61 9
0 0.964961 1 0.0350389 
61 10
0 0.964961 1 0.0350389 
61 11
0 0.964961 1 0.0350389 
61 12
0 0.964961 1 0.0350389 
61 13
0 0.964961 1 0.0350389 
61 14
0 0.964961 1 0.0350389 
61 15
0 0.964961 1 0.0350389 
61 16
1 0.303012 2 0.5 3 0.196988 
61 17
0 0.964961 1 0.0350389 
61 18
0 0.964961 1 0.0350389 
61 19
0 0.964961 1 0.0350389 
61 20
0 0.964961 1 0.0350389 
61 21
0 0.964961 1 0.0350389 
61 22
0 0.964961 1 0.0350389 
61 23
0 0.964961 1 0.0350389 
61 24
0 0.964961 1 0.0350389 
61 25
0 0.964961 1 0.0350389 
61 26
0 0.964961 1 0.0350389 
61 27
0 0.964961 1 0.0350389 
61 28
0 0.964961 1 0.0350389 
61 29
0 0.964961 1 0.0350389 
61 30
0 0.964961 1 0.0350389 
61 31
0 0.964961 1 0.0350389 
61 32
0 0.964961 1 0.0350389 
61 33
0 0.964961 1 0.0350389 
61 34
0 0.964961 1 0.0350389 
61 35
0 0.964961 1 0.0350389 
61 36
0 0.964961 1 0.0350389 
61 37
0 0.964961 1 0.0350389 
61 38
0 0.964961 1 0.0350389 
61 39
0 0.964961 1 0.0350389 
61 40
0 0.964961 1 0.0350389 
61 41
0 0.964961 1 0.0350389 
61 42
0 0.964961 1 0.0350389 
61 43
0 0.964961 1 0.0350389 
61 44
0 0.964961 1 0.0350389 
61 45
0 0.964961 1 0.0350389 
61 46
0 0.964961 1 0.0350389 
61 47
0 0.964961 1 0.0350389 
61 48
0 0.964961 1 0.0350389 
61 49
0 0.964961 1 0.0350389 
61 50
0 0.964961 1 0.0350389 
61 51
0 0.964961 1 0.0350389 
61 52
0 0.964961 1 0.0350389 
61 53
0 0.964961 1 0.0350389 
61 54
0 0.964961 1 0.0350389 
61 55
0 0.964961 1 0.0350389 
61 56
0 0.964961 1 0.0350389 
61 57
0 0.964961 1 0.0350389 
61 58
0 0.964961 1 0.0350389 
61 59
0 0.964961 1 0.0350389 
61 60
0 0.964961 1 0.0350389 
61 62
0 0.964961 1 0.0350389 
61 63
0 0.964961 1 0.0350389 
61 64
0 0.964961 1 0.0350389 
61 65
0 0.964961 1 0.0350389 
61 66
0 0.964961 1 0.0350389 
61 67
0 0.964961 1 0.0350389 
61 68
0 0.964961 1 0.0350389 
61 69
0 0.964961 1 0.0350389 
61 70
1 0.303012 2 0.5 3 0.196988 
61 71
0 0.964961 1 0.0350389 
61 72
0 0.964961 1 0.0350389 
61 73
0 0.964961 1 0.0350389 
61 74
0 0.964961 1 0.0350389 
61 75
0 0.964961 1 0.0350389 
62 4
0 0.964961 1 0.0350389 
62 16
0 0.964961 1 0.0350389 
62 61
0 0.964961 1 0.0350389 
62 70
0 0.964961 1 0.0350389 
63 4
0 0.964961 1 0.0350389 
63 16
0 0.964961 1 0.0350389 
63 38
0 0.982324 1 0.0176757 
63 61
0 0.964961 1 0.0350389 
63 70
0 0.964961 1 0.0350389 
64 4
0 0.964961 1 0.0350389 
64 16
0 0.964961 1 0.0350389 
64 61
0 0.964961 1 0.0350389 
64 70
0 0.964961 1 0.0350389 
65 4
0 0.964961 1 0.0350389 
65 16
0 0.964961 1 0.0350389 
65 24
0 0.982324 1 0.0176757 
65 46
0 0.982324 1 0.0176757 
65 61
0 0.964961 1 0.0350389 
65 70
0 0.964961 1 0.0350389 
66 4
0 0.964961 1 0.0350389 
66 16
0 0.964961 1 0.0350389 
66 61
0 0.964961 1 0.0350389 
66 70
0 0.964961 1 0.0350389 
67 4
0 0.964961 1 0.0350389 
67 16
0 0.964961 1 0.0350389 
67 17
0 0.982324 1 0.0176757 
67 48
0 0.982324 1 0.0176757 
67 55
0 0.982324 1 0.0176757 
67 61
0 0.964961 1 0.0350389 
67 70
0 0.964961 1 0.0350389 
68 4
0 0.964961 1 0.0350389 
68 16
0 0.964961 1 0.0350389 
68 60
0 0.982324 1 0.0176757 
68 61
0 0.964961 1 0.0350389 
68 70
0 0.964961 1 0.0350389 
69 4
0 0.964961 1 0.0350389 
69 6
0 0.982324 1 0.0176757 
69 16
0 0.964961 1 0.0350389 
69 51
0 0.982324 1 0.0176757 
69 61
0 0.964961 1 0.0350389 
69 70
0 0.964961 1 0.0350389 
69 73
0 0.982324 1 0.0176757 
70 0
0 0.964961 1 0.0350389 
70 1
0 0.964961 1 0.0350389 
70 2
0 0.964961 1 0.0350389 
70 3
0 0.964961 1 0.0350389 
70 4
1 0.303012 2 0.5 3 0.196988 
70 5
0 0.964961 1 0.0350389 
70 6
0 0.964961 1 0.0350389 
70 7
0 0.964961 1 0.0350389 
70 8
0 0.964961 1 0.0350389 
70 9
0 0.964961 1 0.0350389 
70 10
0 0.964961 1 0.0350389 
70 11
0 0.964961 1 0.0350389 
70 12
0 0.964961 1 0.0350389 
70 13
0 0.964961 1 0.0350389 
70 14
0 0.964961 1 0.0350389 
70 15
0 0.964961 1 0.0350389 
70 16
1 0.303012 2 0.5 3 0.196988 
70 17
0 0.964961 1 0.0350389 
70 18
0 0.964961 1 0.0350389 
70 19
0 0.964961 1 0.0350389 
70 20
0 0.964961 1 0.0350389 
70 21
0 0.964961 1 0.0350389 
70 22
0 0.964961 1 0.0350389 
70 23
0 0.964961 1 0.0350389 
70 24
0 0.964961 1 0.0350389 
70 25
0 0.964961 1 0.0350389 
70 26
0 0.964961 1 0.0350389 
70 27
0 0.964961 1 0.0350389 
70 28
0 0.964961 1 0.0350389 
70 29
0 0.964961 1 0.0350389 
70 30
0 0.964961 1 0.0350389 
70 31
0 0.964961 1 0.0350389 
70 32
0 0.964961 1 0.0350389 
70 33
0 0.964961 1 0.0350389 
70 34
0 0.964961 1 0.0350389 
70 35
0 0.964961 1 0.0350389 
70 36
0 0.964961 1 0.0350389 
70 37
0 0.964961 1 0.0350389 
70 38
0 0.964961 1 0.0350389 
70 39
0 0.964961 1 0.0350389 
70 40
0 0.964961 1 0.0350389 
70 41
0 0.964961 1 0.0350389 
70 42
0 0.964961 1 0.0350389 
70 43
0 0.964961 1 0.0350389 
70 44
0 0.964961 1 0.0350389 
70 45
0 0.964961 1 0.0350389 
70 46
0 0.964961 1 0.0350389 
70 47
0 0.964961 1 0.0350389 
70 48
0 0.964961 1 0.0350389 
70 49
0 0.964961 1 0.0350389 
70 50
0 0.964961 1 0.0350389 
70 51
0 0.964961 1 0.0350389 
70 52
0 0.964961 1 0.0350389 
70 53
0 0.964961 1 0.0350389 
70 54
0 0.964961 1 0.0350389 
70 55
0 0.964961 1 0.0350389 
70 56
0 0.964961 1 0.0350389 
70 57
0 0.964961 1 0.0350389 
70 58
0 0.964961 1 0.0350389 
70 59
0 0.964961 1 0.0350389 
70 60
0 0.964961 1 0.0350389 
70 61
1 0.303012 2 0.5 3 0.196988 
70 62
0 0.964961 1 0.0350389 
70 63
0 0.964961 1 0.0350389 
70 64
0 0.964961 1 0.0350389 
70 65
0 0.964961 1 0.0350389 
70 66
0 0.964961 1 0.0350389 
70 67
0 0.964961 1 0.0350389 
70 68
0 0.964961 1 0.0350389 
70 69
0 0.964961 1 0.0350389 
70 71
0 0.964961 1 0.0350389 
70 72
0 0.964961 1 0.0350389 
70 73
0 0.964961 1 0.0350389 
70 74
0 0.964961 1 0.0350389 
70 75
0 0.964961 1 0.0350389 
71 4
0 0.964961 1 0.0350389 
71 16
0 0.964961 1 0.0350389 
71 30
0 0.982324 1 0.0176757 
71 61
0 0.964961 1 0.0350389 
71 70
0 0.964961 1 0.0350389 
72 4
0 0.964961 1 0.0350389 
72 16
0 0.964961 1 0.0350389 
72 37
0 0.982324 1 0.0176757 
72 58
0 0.982324 1 0.0176757 
72 61
0 0.964961 1 0.0350389 
72 70
0 0.964961 1 0.0350389 
72 75
0 0.982324 1 0.0176757 
73 4
0 0.964961 1 0.0350389 
73 16
0 0.964961 1 0.0350389 
73 61
0 0.964961 1 0.0350389 
73 70
0 0.964961 1 0.0350389 
74 4
0 0.964961 1 0.0350389 
74 5
0 0.982324 1 0.0176757 
74 16
0 0.964961 1 0.0350389 
74 18
0 0.982324 1 0.0176757 
74 23
0 0.982324 1 0.0176757 
74 39
0 0.982324 1 0.0176757 
74 41
0 0.982324 1 0.0176757 
74 61
0 0.964961 1 0.0350389 
74 67
0 0.982324 1 0.0176757 
74 70
0 0.964961 1 0.0350389 
75 4
0 0.964961 1 0.0350389 
75 16
0 0.964961 1 0.0350389 
75 46
0 0.982324 1 0.0176757 
75 53
0 0.982324 1 0.0176757 
75 61
0 0.964961 1 0.0350389 
75 70
0 0.964961 1 0.0350389 
75 74
0 0.982324 1 0.0176757 
