c 	fri26_tsp_26_4_full_28_22_50_10_650_0_0_0_100_8450351_0_0
c 	nn 26
c 	nm 4
c 	oComp 42
c 	ooProb 0.0061307
c 	coProb 0.0122238
c 	ooD 2.83238
c 	coD 2.15139
c 	ccD 4.98377
c 	totD 9.96755
c 	ooD/totD 0.28416
c 	coD/totD 0.21584
c 	ccD/totD 0.5
c 	ccEval 0.415314
c 	ooN 462
c 	coN 176
c 	ccN 12
c 	totN 650
c 	totN / nn(nn-1)=1
c 	 TYPE: TSPLIB
26
83 93 129 133 139 151 169 135 114 110 98 99 95 81 152 159 181 172 185 147 157 185 220 127 181 
83 40 53 62 64 91 116 93 84 95 98 89 68 67 127 156 175 152 165 160 180 223 268 179 197 
93 40 42 42 49 59 81 54 44 58 64 54 31 36 86 117 135 112 125 124 147 193 241 157 161 
129 53 42 11 11 46 72 65 70 88 100 89 66 76 102 142 156 127 139 155 180 228 278 197 190 
133 62 42 11 9 35 61 55 62 82 95 84 62 74 93 133 146 117 128 148 173 222 272 194 182 
139 64 49 11 9 39 65 63 71 90 103 92 71 82 100 141 153 124 135 156 181 230 280 202 190 
151 91 59 46 35 39 26 34 52 71 88 77 63 78 66 110 119 88 98 130 156 206 257 188 160 
169 116 81 72 61 65 26 37 59 75 92 83 76 91 54 98 103 70 78 122 148 198 250 188 148 
135 93 54 65 55 63 34 37 22 39 56 47 40 55 37 78 91 62 74 96 122 172 223 155 128 
114 84 44 70 62 71 52 59 22 20 36 26 20 34 43 74 91 68 82 86 111 160 210 136 121 
110 95 58 88 82 90 71 75 39 20 18 11 27 32 42 61 80 64 77 68 92 140 190 116 103 
98 98 64 100 95 103 88 92 56 36 18 11 34 31 56 63 85 75 87 62 83 129 178 100 99 
99 89 54 89 84 92 77 83 47 26 11 11 23 24 53 68 89 74 87 71 93 140 189 111 107 
95 68 31 66 62 71 63 76 40 20 27 34 23 15 62 87 106 87 100 93 116 163 212 132 130 
81 67 36 76 74 82 78 91 55 34 32 31 24 15 73 92 112 96 109 93 113 158 205 122 130 
152 127 86 102 93 100 66 54 37 43 42 56 53 62 73 44 54 26 39 68 94 144 196 139 95 
159 156 117 142 133 141 110 98 78 74 61 63 68 87 92 44 22 34 38 30 53 102 154 109 51 
181 175 135 156 146 153 119 103 91 91 80 85 89 106 112 54 22 33 29 46 64 107 157 125 51 
172 152 112 127 117 124 88 70 62 68 64 75 74 87 96 26 34 33 13 63 87 135 186 141 81 
185 165 125 139 128 135 98 78 74 82 77 87 87 100 109 39 38 29 13 68 90 136 186 148 79 
147 160 124 155 148 156 130 122 96 86 68 62 71 93 93 68 30 46 63 68 26 77 128 80 37 
157 180 147 180 173 181 156 148 122 111 92 83 93 116 113 94 53 64 87 90 26 50 102 65 27 
185 223 193 228 222 230 206 198 172 160 140 129 140 163 158 144 102 107 135 136 77 50 51 64 58 
220 268 241 278 272 280 257 250 223 210 190 178 189 212 205 196 154 157 186 186 128 102 51 93 107 
127 179 157 197 194 202 188 188 155 136 116 100 111 132 122 139 109 125 141 148 80 65 64 93 90 
181 197 161 190 182 190 160 148 128 121 103 99 107 130 130 95 51 51 81 79 37 27 58 107 90 
650
0 1
0 0.993869 1 0.0061307 
0 2
0 0.993869 1 0.0061307 
0 3
0 0.993869 1 0.0061307 
0 4
0 0.993869 1 0.0061307 
0 5
0 0.993869 1 0.0061307 
0 6
0 0.987776 1 0.0122238 
0 7
0 0.993869 1 0.0061307 
0 8
0 0.987776 1 0.0122238 
0 9
0 0.993869 1 0.0061307 
0 10
0 0.993869 1 0.0061307 
0 11
0 0.993869 1 0.0061307 
0 12
0 0.993869 1 0.0061307 
0 13
0 0.993869 1 0.0061307 
0 14
0 0.993869 1 0.0061307 
0 15
0 0.993869 1 0.0061307 
0 16
0 0.993869 1 0.0061307 
0 17
0 0.993869 1 0.0061307 
0 18
0 0.987776 1 0.0122238 
0 19
0 0.993869 1 0.0061307 
0 20
0 0.993869 1 0.0061307 
0 21
0 0.993869 1 0.0061307 
0 22
0 0.987776 1 0.0122238 
0 23
0 0.993869 1 0.0061307 
0 24
0 0.993869 1 0.0061307 
0 25
0 0.993869 1 0.0061307 
1 0
0 0.993869 1 0.0061307 
1 2
0 0.993869 1 0.0061307 
1 3
0 0.993869 1 0.0061307 
1 4
0 0.993869 1 0.0061307 
1 5
0 0.993869 1 0.0061307 
1 6
0 0.987776 1 0.0122238 
1 7
0 0.993869 1 0.0061307 
1 8
0 0.987776 1 0.0122238 
1 9
0 0.993869 1 0.0061307 
1 10
0 0.993869 1 0.0061307 
1 11
0 0.993869 1 0.0061307 
1 12
0 0.993869 1 0.0061307 
1 13
0 0.993869 1 0.0061307 
1 14
0 0.993869 1 0.0061307 
1 15
0 0.993869 1 0.0061307 
1 16
0 0.993869 1 0.0061307 
1 17
0 0.993869 1 0.0061307 
1 18
0 0.987776 1 0.0122238 
1 19
0 0.993869 1 0.0061307 
1 20
0 0.993869 1 0.0061307 
1 21
0 0.993869 1 0.0061307 
1 22
0 0.987776 1 0.0122238 
1 23
0 0.993869 1 0.0061307 
1 24
0 0.993869 1 0.0061307 
1 25
0 0.993869 1 0.0061307 
2 0
0 0.993869 1 0.0061307 
2 1
0 0.993869 1 0.0061307 
2 3
0 0.993869 1 0.0061307 
2 4
0 0.993869 1 0.0061307 
2 5
0 0.993869 1 0.0061307 
2 6
0 0.987776 1 0.0122238 
2 7
0 0.993869 1 0.0061307 
2 8
0 0.987776 1 0.0122238 
2 9
0 0.993869 1 0.0061307 
2 10
0 0.993869 1 0.0061307 
2 11
0 0.993869 1 0.0061307 
2 12
0 0.993869 1 0.0061307 
2 13
0 0.993869 1 0.0061307 
2 14
0 0.993869 1 0.0061307 
2 15
0 0.993869 1 0.0061307 
2 16
0 0.993869 1 0.0061307 
2 17
0 0.993869 1 0.0061307 
2 18
0 0.987776 1 0.0122238 
2 19
0 0.993869 1 0.0061307 
2 20
0 0.993869 1 0.0061307 
2 21
0 0.993869 1 0.0061307 
2 22
0 0.987776 1 0.0122238 
2 23
0 0.993869 1 0.0061307 
2 24
0 0.993869 1 0.0061307 
2 25
0 0.993869 1 0.0061307 
3 0
0 0.993869 1 0.0061307 
3 1
0 0.993869 1 0.0061307 
3 2
0 0.993869 1 0.0061307 
3 4
0 0.993869 1 0.0061307 
3 5
0 0.993869 1 0.0061307 
3 6
0 0.987776 1 0.0122238 
3 7
0 0.993869 1 0.0061307 
3 8
0 0.987776 1 0.0122238 
3 9
0 0.993869 1 0.0061307 
3 10
0 0.993869 1 0.0061307 
3 11
0 0.993869 1 0.0061307 
3 12
0 0.993869 1 0.0061307 
3 13
0 0.993869 1 0.0061307 
3 14
0 0.993869 1 0.0061307 
3 15
0 0.993869 1 0.0061307 
3 16
0 0.993869 1 0.0061307 
3 17
0 0.993869 1 0.0061307 
3 18
0 0.987776 1 0.0122238 
3 19
0 0.993869 1 0.0061307 
3 20
0 0.993869 1 0.0061307 
3 21
0 0.993869 1 0.0061307 
3 22
0 0.987776 1 0.0122238 
3 23
0 0.993869 1 0.0061307 
3 24
0 0.993869 1 0.0061307 
3 25
0 0.993869 1 0.0061307 
4 0
0 0.993869 1 0.0061307 
4 1
0 0.993869 1 0.0061307 
4 2
0 0.993869 1 0.0061307 
4 3
0 0.993869 1 0.0061307 
4 5
0 0.993869 1 0.0061307 
4 6
0 0.987776 1 0.0122238 
4 7
0 0.993869 1 0.0061307 
4 8
0 0.987776 1 0.0122238 
4 9
0 0.993869 1 0.0061307 
4 10
0 0.993869 1 0.0061307 
4 11
0 0.993869 1 0.0061307 
4 12
0 0.993869 1 0.0061307 
4 13
0 0.993869 1 0.0061307 
4 14
0 0.993869 1 0.0061307 
4 15
0 0.993869 1 0.0061307 
4 16
0 0.993869 1 0.0061307 
4 17
0 0.993869 1 0.0061307 
4 18
0 0.987776 1 0.0122238 
4 19
0 0.993869 1 0.0061307 
4 20
0 0.993869 1 0.0061307 
4 21
0 0.993869 1 0.0061307 
4 22
0 0.987776 1 0.0122238 
4 23
0 0.993869 1 0.0061307 
4 24
0 0.993869 1 0.0061307 
4 25
0 0.993869 1 0.0061307 
5 0
0 0.993869 1 0.0061307 
5 1
0 0.993869 1 0.0061307 
5 2
0 0.993869 1 0.0061307 
5 3
0 0.993869 1 0.0061307 
5 4
0 0.993869 1 0.0061307 
5 6
0 0.987776 1 0.0122238 
5 7
0 0.993869 1 0.0061307 
5 8
0 0.987776 1 0.0122238 
5 9
0 0.993869 1 0.0061307 
5 10
0 0.993869 1 0.0061307 
5 11
0 0.993869 1 0.0061307 
5 12
0 0.993869 1 0.0061307 
5 13
0 0.993869 1 0.0061307 
5 14
0 0.993869 1 0.0061307 
5 15
0 0.993869 1 0.0061307 
5 16
0 0.993869 1 0.0061307 
5 17
0 0.993869 1 0.0061307 
5 18
0 0.987776 1 0.0122238 
5 19
0 0.993869 1 0.0061307 
5 20
0 0.993869 1 0.0061307 
5 21
0 0.993869 1 0.0061307 
5 22
0 0.987776 1 0.0122238 
5 23
0 0.993869 1 0.0061307 
5 24
0 0.993869 1 0.0061307 
5 25
0 0.993869 1 0.0061307 
6 0
0 0.987776 1 0.0122238 
6 1
0 0.987776 1 0.0122238 
6 2
0 0.987776 1 0.0122238 
6 3
0 0.987776 1 0.0122238 
6 4
0 0.987776 1 0.0122238 
6 5
0 0.987776 1 0.0122238 
6 7
0 0.987776 1 0.0122238 
6 8
0 0.584686 1 0.415314 
6 9
0 0.987776 1 0.0122238 
6 10
0 0.987776 1 0.0122238 
6 11
0 0.987776 1 0.0122238 
6 12
0 0.987776 1 0.0122238 
6 13
0 0.987776 1 0.0122238 
6 14
0 0.987776 1 0.0122238 
6 15
0 0.987776 1 0.0122238 
6 16
0 0.987776 1 0.0122238 
6 17
0 0.987776 1 0.0122238 
6 18
0 0.584686 1 0.415314 
6 19
0 0.987776 1 0.0122238 
6 20
0 0.987776 1 0.0122238 
6 21
0 0.987776 1 0.0122238 
6 22
0 0.584686 1 0.415314 
6 23
0 0.987776 1 0.0122238 
6 24
0 0.987776 1 0.0122238 
6 25
0 0.987776 1 0.0122238 
7 0
0 0.993869 1 0.0061307 
7 1
0 0.993869 1 0.0061307 
7 2
0 0.993869 1 0.0061307 
7 3
0 0.993869 1 0.0061307 
7 4
0 0.993869 1 0.0061307 
7 5
0 0.993869 1 0.0061307 
7 6
0 0.987776 1 0.0122238 
7 8
0 0.987776 1 0.0122238 
7 9
0 0.993869 1 0.0061307 
7 10
0 0.993869 1 0.0061307 
7 11
0 0.993869 1 0.0061307 
7 12
0 0.993869 1 0.0061307 
7 13
0 0.993869 1 0.0061307 
7 14
0 0.993869 1 0.0061307 
7 15
0 0.993869 1 0.0061307 
7 16
0 0.993869 1 0.0061307 
7 17
0 0.993869 1 0.0061307 
7 18
0 0.987776 1 0.0122238 
7 19
0 0.993869 1 0.0061307 
7 20
0 0.993869 1 0.0061307 
7 21
0 0.993869 1 0.0061307 
7 22
0 0.987776 1 0.0122238 
7 23
0 0.993869 1 0.0061307 
7 24
0 0.993869 1 0.0061307 
7 25
0 0.993869 1 0.0061307 
8 0
0 0.987776 1 0.0122238 
8 1
0 0.987776 1 0.0122238 
8 2
0 0.987776 1 0.0122238 
8 3
0 0.987776 1 0.0122238 
8 4
0 0.987776 1 0.0122238 
8 5
0 0.987776 1 0.0122238 
8 6
0 0.584686 1 0.415314 
8 7
0 0.987776 1 0.0122238 
8 9
0 0.987776 1 0.0122238 
8 10
0 0.987776 1 0.0122238 
8 11
0 0.987776 1 0.0122238 
8 12
0 0.987776 1 0.0122238 
8 13
0 0.987776 1 0.0122238 
8 14
0 0.987776 1 0.0122238 
8 15
0 0.987776 1 0.0122238 
8 16
0 0.987776 1 0.0122238 
8 17
0 0.987776 1 0.0122238 
8 18
0 0.584686 1 0.415314 
8 19
0 0.987776 1 0.0122238 
8 20
0 0.987776 1 0.0122238 
8 21
0 0.987776 1 0.0122238 
8 22
0 0.584686 1 0.415314 
8 23
0 0.987776 1 0.0122238 
8 24
0 0.987776 1 0.0122238 
8 25
0 0.987776 1 0.0122238 
9 0
0 0.993869 1 0.0061307 
9 1
0 0.993869 1 0.0061307 
9 2
0 0.993869 1 0.0061307 
9 3
0 0.993869 1 0.0061307 
9 4
0 0.993869 1 0.0061307 
9 5
0 0.993869 1 0.0061307 
9 6
0 0.987776 1 0.0122238 
9 7
0 0.993869 1 0.0061307 
9 8
0 0.987776 1 0.0122238 
9 10
0 0.993869 1 0.0061307 
9 11
0 0.993869 1 0.0061307 
9 12
0 0.993869 1 0.0061307 
9 13
0 0.993869 1 0.0061307 
9 14
0 0.993869 1 0.0061307 
9 15
0 0.993869 1 0.0061307 
9 16
0 0.993869 1 0.0061307 
9 17
0 0.993869 1 0.0061307 
9 18
0 0.987776 1 0.0122238 
9 19
0 0.993869 1 0.0061307 
9 20
0 0.993869 1 0.0061307 
9 21
0 0.993869 1 0.0061307 
9 22
0 0.987776 1 0.0122238 
9 23
0 0.993869 1 0.0061307 
9 24
0 0.993869 1 0.0061307 
9 25
0 0.993869 1 0.0061307 
10 0
0 0.993869 1 0.0061307 
10 1
0 0.993869 1 0.0061307 
10 2
0 0.993869 1 0.0061307 
10 3
0 0.993869 1 0.0061307 
10 4
0 0.993869 1 0.0061307 
10 5
0 0.993869 1 0.0061307 
10 6
0 0.987776 1 0.0122238 
10 7
0 0.993869 1 0.0061307 
10 8
0 0.987776 1 0.0122238 
10 9
0 0.993869 1 0.0061307 
10 11
0 0.993869 1 0.0061307 
10 12
0 0.993869 1 0.0061307 
10 13
0 0.993869 1 0.0061307 
10 14
0 0.993869 1 0.0061307 
10 15
0 0.993869 1 0.0061307 
10 16
0 0.993869 1 0.0061307 
10 17
0 0.993869 1 0.0061307 
10 18
0 0.987776 1 0.0122238 
10 19
0 0.993869 1 0.0061307 
10 20
0 0.993869 1 0.0061307 
10 21
0 0.993869 1 0.0061307 
10 22
0 0.987776 1 0.0122238 
10 23
0 0.993869 1 0.0061307 
10 24
0 0.993869 1 0.0061307 
10 25
0 0.993869 1 0.0061307 
11 0
0 0.993869 1 0.0061307 
11 1
0 0.993869 1 0.0061307 
11 2
0 0.993869 1 0.0061307 
11 3
0 0.993869 1 0.0061307 
11 4
0 0.993869 1 0.0061307 
11 5
0 0.993869 1 0.0061307 
11 6
0 0.987776 1 0.0122238 
11 7
0 0.993869 1 0.0061307 
11 8
0 0.987776 1 0.0122238 
11 9
0 0.993869 1 0.0061307 
11 10
0 0.993869 1 0.0061307 
11 12
0 0.993869 1 0.0061307 
11 13
0 0.993869 1 0.0061307 
11 14
0 0.993869 1 0.0061307 
11 15
0 0.993869 1 0.0061307 
11 16
0 0.993869 1 0.0061307 
11 17
0 0.993869 1 0.0061307 
11 18
0 0.987776 1 0.0122238 
11 19
0 0.993869 1 0.0061307 
11 20
0 0.993869 1 0.0061307 
11 21
0 0.993869 1 0.0061307 
11 22
0 0.987776 1 0.0122238 
11 23
0 0.993869 1 0.0061307 
11 24
0 0.993869 1 0.0061307 
11 25
0 0.993869 1 0.0061307 
12 0
0 0.993869 1 0.0061307 
12 1
0 0.993869 1 0.0061307 
12 2
0 0.993869 1 0.0061307 
12 3
0 0.993869 1 0.0061307 
12 4
0 0.993869 1 0.0061307 
12 5
0 0.993869 1 0.0061307 
12 6
0 0.987776 1 0.0122238 
12 7
0 0.993869 1 0.0061307 
12 8
0 0.987776 1 0.0122238 
12 9
0 0.993869 1 0.0061307 
12 10
0 0.993869 1 0.0061307 
12 11
0 0.993869 1 0.0061307 
12 13
0 0.993869 1 0.0061307 
12 14
0 0.993869 1 0.0061307 
12 15
0 0.993869 1 0.0061307 
12 16
0 0.993869 1 0.0061307 
12 17
0 0.993869 1 0.0061307 
12 18
0 0.987776 1 0.0122238 
12 19
0 0.993869 1 0.0061307 
12 20
0 0.993869 1 0.0061307 
12 21
0 0.993869 1 0.0061307 
12 22
0 0.987776 1 0.0122238 
12 23
0 0.993869 1 0.0061307 
12 24
0 0.993869 1 0.0061307 
12 25
0 0.993869 1 0.0061307 
13 0
0 0.993869 1 0.0061307 
13 1
0 0.993869 1 0.0061307 
13 2
0 0.993869 1 0.0061307 
13 3
0 0.993869 1 0.0061307 
13 4
0 0.993869 1 0.0061307 
13 5
0 0.993869 1 0.0061307 
13 6
0 0.987776 1 0.0122238 
13 7
0 0.993869 1 0.0061307 
13 8
0 0.987776 1 0.0122238 
13 9
0 0.993869 1 0.0061307 
13 10
0 0.993869 1 0.0061307 
13 11
0 0.993869 1 0.0061307 
13 12
0 0.993869 1 0.0061307 
13 14
0 0.993869 1 0.0061307 
13 15
0 0.993869 1 0.0061307 
13 16
0 0.993869 1 0.0061307 
13 17
0 0.993869 1 0.0061307 
13 18
0 0.987776 1 0.0122238 
13 19
0 0.993869 1 0.0061307 
13 20
0 0.993869 1 0.0061307 
13 21
0 0.993869 1 0.0061307 
13 22
0 0.987776 1 0.0122238 
13 23
0 0.993869 1 0.0061307 
13 24
0 0.993869 1 0.0061307 
13 25
0 0.993869 1 0.0061307 
14 0
0 0.993869 1 0.0061307 
14 1
0 0.993869 1 0.0061307 
14 2
0 0.993869 1 0.0061307 
14 3
0 0.993869 1 0.0061307 
14 4
0 0.993869 1 0.0061307 
14 5
0 0.993869 1 0.0061307 
14 6
0 0.987776 1 0.0122238 
14 7
0 0.993869 1 0.0061307 
14 8
0 0.987776 1 0.0122238 
14 9
0 0.993869 1 0.0061307 
14 10
0 0.993869 1 0.0061307 
14 11
0 0.993869 1 0.0061307 
14 12
0 0.993869 1 0.0061307 
14 13
0 0.993869 1 0.0061307 
14 15
0 0.993869 1 0.0061307 
14 16
0 0.993869 1 0.0061307 
14 17
0 0.993869 1 0.0061307 
14 18
0 0.987776 1 0.0122238 
14 19
0 0.993869 1 0.0061307 
14 20
0 0.993869 1 0.0061307 
14 21
0 0.993869 1 0.0061307 
14 22
0 0.987776 1 0.0122238 
14 23
0 0.993869 1 0.0061307 
14 24
0 0.993869 1 0.0061307 
14 25
0 0.993869 1 0.0061307 
15 0
0 0.993869 1 0.0061307 
15 1
0 0.993869 1 0.0061307 
15 2
0 0.993869 1 0.0061307 
15 3
0 0.993869 1 0.0061307 
15 4
0 0.993869 1 0.0061307 
15 5
0 0.993869 1 0.0061307 
15 6
0 0.987776 1 0.0122238 
15 7
0 0.993869 1 0.0061307 
15 8
0 0.987776 1 0.0122238 
15 9
0 0.993869 1 0.0061307 
15 10
0 0.993869 1 0.0061307 
15 11
0 0.993869 1 0.0061307 
15 12
0 0.993869 1 0.0061307 
15 13
0 0.993869 1 0.0061307 
15 14
0 0.993869 1 0.0061307 
15 16
0 0.993869 1 0.0061307 
15 17
0 0.993869 1 0.0061307 
15 18
0 0.987776 1 0.0122238 
15 19
0 0.993869 1 0.0061307 
15 20
0 0.993869 1 0.0061307 
15 21
0 0.993869 1 0.0061307 
15 22
0 0.987776 1 0.0122238 
15 23
0 0.993869 1 0.0061307 
15 24
0 0.993869 1 0.0061307 
15 25
0 0.993869 1 0.0061307 
16 0
0 0.993869 1 0.0061307 
16 1
0 0.993869 1 0.0061307 
16 2
0 0.993869 1 0.0061307 
16 3
0 0.993869 1 0.0061307 
16 4
0 0.993869 1 0.0061307 
16 5
0 0.993869 1 0.0061307 
16 6
0 0.987776 1 0.0122238 
16 7
0 0.993869 1 0.0061307 
16 8
0 0.987776 1 0.0122238 
16 9
0 0.993869 1 0.0061307 
16 10
0 0.993869 1 0.0061307 
16 11
0 0.993869 1 0.0061307 
16 12
0 0.993869 1 0.0061307 
16 13
0 0.993869 1 0.0061307 
16 14
0 0.993869 1 0.0061307 
16 15
0 0.993869 1 0.0061307 
16 17
0 0.993869 1 0.0061307 
16 18
0 0.987776 1 0.0122238 
16 19
0 0.993869 1 0.0061307 
16 20
0 0.993869 1 0.0061307 
16 21
0 0.993869 1 0.0061307 
16 22
0 0.987776 1 0.0122238 
16 23
0 0.993869 1 0.0061307 
16 24
0 0.993869 1 0.0061307 
16 25
0 0.993869 1 0.0061307 
17 0
0 0.993869 1 0.0061307 
17 1
0 0.993869 1 0.0061307 
17 2
0 0.993869 1 0.0061307 
17 3
0 0.993869 1 0.0061307 
17 4
0 0.993869 1 0.0061307 
17 5
0 0.993869 1 0.0061307 
17 6
0 0.987776 1 0.0122238 
17 7
0 0.993869 1 0.0061307 
17 8
0 0.987776 1 0.0122238 
17 9
0 0.993869 1 0.0061307 
17 10
0 0.993869 1 0.0061307 
17 11
0 0.993869 1 0.0061307 
17 12
0 0.993869 1 0.0061307 
17 13
0 0.993869 1 0.0061307 
17 14
0 0.993869 1 0.0061307 
17 15
0 0.993869 1 0.0061307 
17 16
0 0.993869 1 0.0061307 
17 18
0 0.987776 1 0.0122238 
17 19
0 0.993869 1 0.0061307 
17 20
0 0.993869 1 0.0061307 
17 21
0 0.993869 1 0.0061307 
17 22
0 0.987776 1 0.0122238 
17 23
0 0.993869 1 0.0061307 
17 24
0 0.993869 1 0.0061307 
17 25
0 0.993869 1 0.0061307 
18 0
0 0.987776 1 0.0122238 
18 1
0 0.987776 1 0.0122238 
18 2
0 0.987776 1 0.0122238 
18 3
0 0.987776 1 0.0122238 
18 4
0 0.987776 1 0.0122238 
18 5
0 0.987776 1 0.0122238 
18 6
0 0.584686 1 0.415314 
18 7
0 0.987776 1 0.0122238 
18 8
0 0.584686 1 0.415314 
18 9
0 0.987776 1 0.0122238 
18 10
0 0.987776 1 0.0122238 
18 11
0 0.987776 1 0.0122238 
18 12
0 0.987776 1 0.0122238 
18 13
0 0.987776 1 0.0122238 
18 14
0 0.987776 1 0.0122238 
18 15
0 0.987776 1 0.0122238 
18 16
0 0.987776 1 0.0122238 
18 17
0 0.987776 1 0.0122238 
18 19
0 0.987776 1 0.0122238 
18 20
0 0.987776 1 0.0122238 
18 21
0 0.987776 1 0.0122238 
18 22
0 0.584686 1 0.415314 
18 23
0 0.987776 1 0.0122238 
18 24
0 0.987776 1 0.0122238 
18 25
0 0.987776 1 0.0122238 
19 0
0 0.993869 1 0.0061307 
19 1
0 0.993869 1 0.0061307 
19 2
0 0.993869 1 0.0061307 
19 3
0 0.993869 1 0.0061307 
19 4
0 0.993869 1 0.0061307 
19 5
0 0.993869 1 0.0061307 
19 6
0 0.987776 1 0.0122238 
19 7
0 0.993869 1 0.0061307 
19 8
0 0.987776 1 0.0122238 
19 9
0 0.993869 1 0.0061307 
19 10
0 0.993869 1 0.0061307 
19 11
0 0.993869 1 0.0061307 
19 12
0 0.993869 1 0.0061307 
19 13
0 0.993869 1 0.0061307 
19 14
0 0.993869 1 0.0061307 
19 15
0 0.993869 1 0.0061307 
19 16
0 0.993869 1 0.0061307 
19 17
0 0.993869 1 0.0061307 
19 18
0 0.987776 1 0.0122238 
19 20
0 0.993869 1 0.0061307 
19 21
0 0.993869 1 0.0061307 
19 22
0 0.987776 1 0.0122238 
19 23
0 0.993869 1 0.0061307 
19 24
0 0.993869 1 0.0061307 
19 25
0 0.993869 1 0.0061307 
20 0
0 0.993869 1 0.0061307 
20 1
0 0.993869 1 0.0061307 
20 2
0 0.993869 1 0.0061307 
20 3
0 0.993869 1 0.0061307 
20 4
0 0.993869 1 0.0061307 
20 5
0 0.993869 1 0.0061307 
20 6
0 0.987776 1 0.0122238 
20 7
0 0.993869 1 0.0061307 
20 8
0 0.987776 1 0.0122238 
20 9
0 0.993869 1 0.0061307 
20 10
0 0.993869 1 0.0061307 
20 11
0 0.993869 1 0.0061307 
20 12
0 0.993869 1 0.0061307 
20 13
0 0.993869 1 0.0061307 
20 14
0 0.993869 1 0.0061307 
20 15
0 0.993869 1 0.0061307 
20 16
0 0.993869 1 0.0061307 
20 17
0 0.993869 1 0.0061307 
20 18
0 0.987776 1 0.0122238 
20 19
0 0.993869 1 0.0061307 
20 21
0 0.993869 1 0.0061307 
20 22
0 0.987776 1 0.0122238 
20 23
0 0.993869 1 0.0061307 
20 24
0 0.993869 1 0.0061307 
20 25
0 0.993869 1 0.0061307 
21 0
0 0.993869 1 0.0061307 
21 1
0 0.993869 1 0.0061307 
21 2
0 0.993869 1 0.0061307 
21 3
0 0.993869 1 0.0061307 
21 4
0 0.993869 1 0.0061307 
21 5
0 0.993869 1 0.0061307 
21 6
0 0.987776 1 0.0122238 
21 7
0 0.993869 1 0.0061307 
21 8
0 0.987776 1 0.0122238 
21 9
0 0.993869 1 0.0061307 
21 10
0 0.993869 1 0.0061307 
21 11
0 0.993869 1 0.0061307 
21 12
0 0.993869 1 0.0061307 
21 13
0 0.993869 1 0.0061307 
21 14
0 0.993869 1 0.0061307 
21 15
0 0.993869 1 0.0061307 
21 16
0 0.993869 1 0.0061307 
21 17
0 0.993869 1 0.0061307 
21 18
0 0.987776 1 0.0122238 
21 19
0 0.993869 1 0.0061307 
21 20
0 0.993869 1 0.0061307 
21 22
0 0.987776 1 0.0122238 
21 23
0 0.993869 1 0.0061307 
21 24
0 0.993869 1 0.0061307 
21 25
0 0.993869 1 0.0061307 
22 0
0 0.987776 1 0.0122238 
22 1
0 0.987776 1 0.0122238 
22 2
0 0.987776 1 0.0122238 
22 3
0 0.987776 1 0.0122238 
22 4
0 0.987776 1 0.0122238 
22 5
0 0.987776 1 0.0122238 
22 6
0 0.584686 1 0.415314 
22 7
0 0.987776 1 0.0122238 
22 8
0 0.584686 1 0.415314 
22 9
0 0.987776 1 0.0122238 
22 10
0 0.987776 1 0.0122238 
22 11
0 0.987776 1 0.0122238 
22 12
0 0.987776 1 0.0122238 
22 13
0 0.987776 1 0.0122238 
22 14
0 0.987776 1 0.0122238 
22 15
0 0.987776 1 0.0122238 
22 16
0 0.987776 1 0.0122238 
22 17
0 0.987776 1 0.0122238 
22 18
0 0.584686 1 0.415314 
22 19
0 0.987776 1 0.0122238 
22 20
0 0.987776 1 0.0122238 
22 21
0 0.987776 1 0.0122238 
22 23
0 0.987776 1 0.0122238 
22 24
0 0.987776 1 0.0122238 
22 25
0 0.987776 1 0.0122238 
23 0
0 0.993869 1 0.0061307 
23 1
0 0.993869 1 0.0061307 
23 2
0 0.993869 1 0.0061307 
23 3
0 0.993869 1 0.0061307 
23 4
0 0.993869 1 0.0061307 
23 5
0 0.993869 1 0.0061307 
23 6
0 0.987776 1 0.0122238 
23 7
0 0.993869 1 0.0061307 
23 8
0 0.987776 1 0.0122238 
23 9
0 0.993869 1 0.0061307 
23 10
0 0.993869 1 0.0061307 
23 11
0 0.993869 1 0.0061307 
23 12
0 0.993869 1 0.0061307 
23 13
0 0.993869 1 0.0061307 
23 14
0 0.993869 1 0.0061307 
23 15
0 0.993869 1 0.0061307 
23 16
0 0.993869 1 0.0061307 
23 17
0 0.993869 1 0.0061307 
23 18
0 0.987776 1 0.0122238 
23 19
0 0.993869 1 0.0061307 
23 20
0 0.993869 1 0.0061307 
23 21
0 0.993869 1 0.0061307 
23 22
0 0.987776 1 0.0122238 
23 24
0 0.993869 1 0.0061307 
23 25
0 0.993869 1 0.0061307 
24 0
0 0.993869 1 0.0061307 
24 1
0 0.993869 1 0.0061307 
24 2
0 0.993869 1 0.0061307 
24 3
0 0.993869 1 0.0061307 
24 4
0 0.993869 1 0.0061307 
24 5
0 0.993869 1 0.0061307 
24 6
0 0.987776 1 0.0122238 
24 7
0 0.993869 1 0.0061307 
24 8
0 0.987776 1 0.0122238 
24 9
0 0.993869 1 0.0061307 
24 10
0 0.993869 1 0.0061307 
24 11
0 0.993869 1 0.0061307 
24 12
0 0.993869 1 0.0061307 
24 13
0 0.993869 1 0.0061307 
24 14
0 0.993869 1 0.0061307 
24 15
0 0.993869 1 0.0061307 
24 16
0 0.993869 1 0.0061307 
24 17
0 0.993869 1 0.0061307 
24 18
0 0.987776 1 0.0122238 
24 19
0 0.993869 1 0.0061307 
24 20
0 0.993869 1 0.0061307 
24 21
0 0.993869 1 0.0061307 
24 22
0 0.987776 1 0.0122238 
24 23
0 0.993869 1 0.0061307 
24 25
0 0.993869 1 0.0061307 
25 0
0 0.993869 1 0.0061307 
25 1
0 0.993869 1 0.0061307 
25 2
0 0.993869 1 0.0061307 
25 3
0 0.993869 1 0.0061307 
25 4
0 0.993869 1 0.0061307 
25 5
0 0.993869 1 0.0061307 
25 6
0 0.987776 1 0.0122238 
25 7
0 0.993869 1 0.0061307 
25 8
0 0.987776 1 0.0122238 
25 9
0 0.993869 1 0.0061307 
25 10
0 0.993869 1 0.0061307 
25 11
0 0.993869 1 0.0061307 
25 12
0 0.993869 1 0.0061307 
25 13
0 0.993869 1 0.0061307 
25 14
0 0.993869 1 0.0061307 
25 15
0 0.993869 1 0.0061307 
25 16
0 0.993869 1 0.0061307 
25 17
0 0.993869 1 0.0061307 
25 18
0 0.987776 1 0.0122238 
25 19
0 0.993869 1 0.0061307 
25 20
0 0.993869 1 0.0061307 
25 21
0 0.993869 1 0.0061307 
25 22
0 0.987776 1 0.0122238 
25 23
0 0.993869 1 0.0061307 
25 24
0 0.993869 1 0.0061307 
