c 	gr17_tsp_17_4_4_6_44_50_8_142_0_0_0_100_830042_0_0
c 	nn 17
c 	nm 4
c 	oComp 4
c 	ooProb 0.0176757
c 	coProb 0.0350389
c 	ooD 0.459567
c 	coD 3.64405
c 	ccD 4.10361
c 	totD 8.20723
c 	ooD/totD 0.0559954
c 	coD/totD 0.444005
c 	ccD/totD 0.5
c 	ccEval 0.341968
c 	ooN 26
c 	coN 104
c 	ccN 12
c 	totN 142
c 	totN / nn(nn-1)=0.522059
c 	 TYPE: TSPLIB
17
633 257 91 412 150 80 134 259 505 353 324 70 211 268 246 121 
633 390 661 227 488 572 530 555 289 282 638 567 466 420 745 518 
257 390 228 169 112 196 154 372 262 110 437 191 74 53 472 142 
91 661 228 383 120 77 105 175 476 324 240 27 182 239 237 84 
412 227 169 383 267 351 309 338 196 61 421 346 243 199 528 297 
150 488 112 120 267 63 34 264 360 208 329 83 105 123 364 35 
80 572 196 77 351 63 29 232 444 292 297 47 150 207 332 29 
134 530 154 105 309 34 29 249 402 250 314 68 108 165 349 36 
259 555 372 175 338 264 232 249 495 352 95 189 326 383 202 236 
505 289 262 476 196 360 444 402 495 154 578 439 336 240 685 390 
353 282 110 324 61 208 292 250 352 154 435 287 184 140 542 238 
324 638 437 240 421 329 297 314 95 578 435 254 391 448 157 301 
70 567 191 27 346 83 47 68 189 439 287 254 145 202 289 55 
211 466 74 182 243 105 150 108 326 336 184 391 145 57 426 96 
268 420 53 239 199 123 207 165 383 240 140 448 202 57 483 153 
246 745 472 237 528 364 332 349 202 685 542 157 289 426 483 336 
121 518 142 84 297 35 29 36 236 390 238 301 55 96 153 336 
142
0 1
0 0.964961 1 0.0350389 
0 4
0 0.964961 1 0.0350389 
0 6
0 0.982324 1 0.0176757 
0 10
0 0.982324 1 0.0176757 
0 11
0 0.982324 1 0.0176757 
0 12
0 0.964961 1 0.0350389 
0 14
0 0.964961 1 0.0350389 
1 0
0 0.964961 1 0.0350389 
1 2
0 0.964961 1 0.0350389 
1 3
0 0.964961 1 0.0350389 
1 4
0 0.658032 1 0.341968 
1 5
0 0.964961 1 0.0350389 
1 6
0 0.964961 1 0.0350389 
1 7
0 0.964961 1 0.0350389 
1 8
0 0.964961 1 0.0350389 
1 9
0 0.964961 1 0.0350389 
1 10
0 0.964961 1 0.0350389 
1 11
0 0.964961 1 0.0350389 
1 12
0 0.658032 1 0.341968 
1 13
0 0.964961 1 0.0350389 
1 14
0 0.658032 1 0.341968 
1 15
0 0.964961 1 0.0350389 
1 16
0 0.964961 1 0.0350389 
2 1
0 0.964961 1 0.0350389 
2 4
0 0.964961 1 0.0350389 
2 7
0 0.982324 1 0.0176757 
2 9
0 0.982324 1 0.0176757 
2 12
0 0.964961 1 0.0350389 
2 14
0 0.964961 1 0.0350389 
3 1
0 0.964961 1 0.0350389 
3 4
0 0.964961 1 0.0350389 
3 7
0 0.982324 1 0.0176757 
3 12
0 0.964961 1 0.0350389 
3 14
0 0.964961 1 0.0350389 
4 0
0 0.964961 1 0.0350389 
4 1
0 0.658032 1 0.341968 
4 2
0 0.964961 1 0.0350389 
4 3
0 0.964961 1 0.0350389 
4 5
0 0.964961 1 0.0350389 
4 6
0 0.964961 1 0.0350389 
4 7
0 0.964961 1 0.0350389 
4 8
0 0.964961 1 0.0350389 
4 9
0 0.964961 1 0.0350389 
4 10
0 0.964961 1 0.0350389 
4 11
0 0.964961 1 0.0350389 
4 12
0 0.658032 1 0.341968 
4 13
0 0.964961 1 0.0350389 
4 14
0 0.658032 1 0.341968 
4 15
0 0.964961 1 0.0350389 
4 16
0 0.964961 1 0.0350389 
5 0
0 0.982324 1 0.0176757 
5 1
0 0.964961 1 0.0350389 
5 4
0 0.964961 1 0.0350389 
5 12
0 0.964961 1 0.0350389 
5 14
0 0.964961 1 0.0350389 
5 16
0 0.982324 1 0.0176757 
6 0
0 0.982324 1 0.0176757 
6 1
0 0.964961 1 0.0350389 
6 2
0 0.982324 1 0.0176757 
6 4
0 0.964961 1 0.0350389 
6 5
0 0.982324 1 0.0176757 
6 8
0 0.982324 1 0.0176757 
6 12
0 0.964961 1 0.0350389 
6 14
0 0.964961 1 0.0350389 
7 1
0 0.964961 1 0.0350389 
7 4
0 0.964961 1 0.0350389 
7 5
0 0.982324 1 0.0176757 
7 6
0 0.982324 1 0.0176757 
7 9
0 0.982324 1 0.0176757 
7 12
0 0.964961 1 0.0350389 
7 14
0 0.964961 1 0.0350389 
8 1
0 0.964961 1 0.0350389 
8 4
0 0.964961 1 0.0350389 
8 12
0 0.964961 1 0.0350389 
8 14
0 0.964961 1 0.0350389 
9 1
0 0.964961 1 0.0350389 
9 4
0 0.964961 1 0.0350389 
9 7
0 0.982324 1 0.0176757 
9 8
0 0.982324 1 0.0176757 
9 12
0 0.964961 1 0.0350389 
9 14
0 0.964961 1 0.0350389 
10 1
0 0.964961 1 0.0350389 
10 4
0 0.964961 1 0.0350389 
10 12
0 0.964961 1 0.0350389 
10 14
0 0.964961 1 0.0350389 
11 0
0 0.982324 1 0.0176757 
11 1
0 0.964961 1 0.0350389 
11 2
0 0.982324 1 0.0176757 
11 4
0 0.964961 1 0.0350389 
11 12
0 0.964961 1 0.0350389 
11 14
0 0.964961 1 0.0350389 
12 0
0 0.964961 1 0.0350389 
12 1
0 0.658032 1 0.341968 
12 2
0 0.964961 1 0.0350389 
12 3
0 0.964961 1 0.0350389 
12 4
0 0.658032 1 0.341968 
12 5
0 0.964961 1 0.0350389 
12 6
0 0.964961 1 0.0350389 
12 7
0 0.964961 1 0.0350389 
12 8
0 0.964961 1 0.0350389 
12 9
0 0.964961 1 0.0350389 
12 10
0 0.964961 1 0.0350389 
12 11
0 0.964961 1 0.0350389 
12 13
0 0.964961 1 0.0350389 
12 14
0 0.658032 1 0.341968 
12 15
0 0.964961 1 0.0350389 
12 16
0 0.964961 1 0.0350389 
13 1
0 0.964961 1 0.0350389 
13 4
0 0.964961 1 0.0350389 
13 5
0 0.982324 1 0.0176757 
13 9
0 0.982324 1 0.0176757 
13 10
0 0.982324 1 0.0176757 
13 12
0 0.964961 1 0.0350389 
13 14
0 0.964961 1 0.0350389 
14 0
0 0.964961 1 0.0350389 
14 1
0 0.658032 1 0.341968 
14 2
0 0.964961 1 0.0350389 
14 3
0 0.964961 1 0.0350389 
14 4
0 0.658032 1 0.341968 
14 5
0 0.964961 1 0.0350389 
14 6
0 0.964961 1 0.0350389 
14 7
0 0.964961 1 0.0350389 
14 8
0 0.964961 1 0.0350389 
14 9
0 0.964961 1 0.0350389 
14 10
0 0.964961 1 0.0350389 
14 11
0 0.964961 1 0.0350389 
14 12
0 0.658032 1 0.341968 
14 13
0 0.964961 1 0.0350389 
14 15
0 0.964961 1 0.0350389 
14 16
0 0.964961 1 0.0350389 
15 1
0 0.964961 1 0.0350389 
15 4
0 0.964961 1 0.0350389 
15 6
0 0.982324 1 0.0176757 
15 8
0 0.982324 1 0.0176757 
15 12
0 0.964961 1 0.0350389 
15 14
0 0.964961 1 0.0350389 
16 1
0 0.964961 1 0.0350389 
16 4
0 0.964961 1 0.0350389 
16 7
0 0.982324 1 0.0176757 
16 10
0 0.982324 1 0.0176757 
16 12
0 0.964961 1 0.0350389 
16 14
0 0.964961 1 0.0350389 
