c 	gr21_tsp_21_4_4_6_44_50_11_182_0_0_0_100_1099468_0_0
c 	nn 21
c 	nm 4
c 	oComp 4
c 	ooProb 0.0176757
c 	coProb 0.0350389
c 	ooD 0.600973
c 	coD 4.76529
c 	ccD 5.36626
c 	totD 10.7325
c 	ooD/totD 0.0559954
c 	coD/totD 0.444005
c 	ccD/totD 0.5
c 	ccEval 0.447189
c 	ooN 34
c 	coN 136
c 	ccN 12
c 	totN 182
c 	totN / nn(nn-1)=0.433333
c 	 TYPE: TSPLIB
21
510 635 91 385 155 110 130 490 370 155 68 610 655 480 265 255 450 170 240 380 
510 355 415 585 475 480 500 605 320 380 440 360 235 81 480 440 270 445 290 140 
635 355 605 390 495 570 540 295 700 640 575 705 585 435 420 755 625 750 590 495 
91 415 605 350 120 78 97 460 280 63 27 520 555 380 235 235 345 160 140 280 
385 585 390 350 240 320 285 120 590 430 320 835 750 575 125 650 660 495 480 480 
155 475 495 120 240 96 36 350 365 200 91 605 615 440 125 370 430 265 255 340 
110 480 570 78 320 96 29 425 350 160 48 590 625 455 200 320 420 220 205 350 
130 500 540 97 285 36 29 390 370 175 67 610 645 465 165 350 440 240 220 370 
490 605 295 460 120 350 425 390 625 535 430 865 775 600 230 680 690 600 515 505 
370 320 700 280 590 365 350 370 625 240 300 250 285 245 475 150 77 235 150 185 
155 380 640 63 430 200 160 175 535 240 90 480 515 345 310 175 310 125 100 240 
68 440 575 27 320 91 48 67 430 300 90 545 585 415 205 265 380 170 170 310 
610 360 705 520 835 605 590 610 865 250 480 545 190 295 715 400 180 485 390 345 
655 235 585 555 750 615 625 645 775 285 515 585 190 170 650 435 215 525 425 280 
480 81 435 380 575 440 455 465 600 245 345 415 295 170 475 385 190 405 255 105 
265 480 420 235 125 125 200 165 230 475 310 205 715 650 475 485 545 375 395 380 
255 440 755 235 650 370 320 350 680 150 175 265 400 435 385 485 225 87 205 280 
450 270 625 345 660 430 420 440 690 77 310 380 180 215 190 545 225 315 220 165 
170 445 750 160 495 265 220 240 600 235 125 170 485 525 405 375 87 315 155 305 
240 290 590 140 480 255 205 220 515 150 100 170 390 425 255 395 205 220 155 150 
380 140 495 280 480 340 350 370 505 185 240 310 345 280 105 380 280 165 305 150 
182
0 7
0 0.964961 1 0.0350389 
0 8
0 0.964961 1 0.0350389 
0 18
0 0.964961 1 0.0350389 
0 20
0 0.964961 1 0.0350389 
1 2
0 0.982324 1 0.0176757 
1 4
0 0.982324 1 0.0176757 
1 7
0 0.964961 1 0.0350389 
1 8
0 0.964961 1 0.0350389 
1 17
0 0.982324 1 0.0176757 
1 18
0 0.964961 1 0.0350389 
1 19
0 0.982324 1 0.0176757 
1 20
0 0.964961 1 0.0350389 
2 7
0 0.964961 1 0.0350389 
2 8
0 0.964961 1 0.0350389 
2 13
0 0.982324 1 0.0176757 
2 16
0 0.982324 1 0.0176757 
2 18
0 0.964961 1 0.0350389 
2 20
0 0.964961 1 0.0350389 
3 7
0 0.964961 1 0.0350389 
3 8
0 0.964961 1 0.0350389 
3 9
0 0.982324 1 0.0176757 
3 18
0 0.964961 1 0.0350389 
3 20
0 0.964961 1 0.0350389 
4 7
0 0.964961 1 0.0350389 
4 8
0 0.964961 1 0.0350389 
4 18
0 0.964961 1 0.0350389 
4 20
0 0.964961 1 0.0350389 
5 7
0 0.964961 1 0.0350389 
5 8
0 0.964961 1 0.0350389 
5 18
0 0.964961 1 0.0350389 
5 19
0 0.982324 1 0.0176757 
5 20
0 0.964961 1 0.0350389 
6 7
0 0.964961 1 0.0350389 
6 8
0 0.964961 1 0.0350389 
6 9
0 0.982324 1 0.0176757 
6 18
0 0.964961 1 0.0350389 
6 20
0 0.964961 1 0.0350389 
7 0
0 0.964961 1 0.0350389 
7 1
0 0.964961 1 0.0350389 
7 2
0 0.964961 1 0.0350389 
7 3
0 0.964961 1 0.0350389 
7 4
0 0.964961 1 0.0350389 
7 5
0 0.964961 1 0.0350389 
7 6
0 0.964961 1 0.0350389 
7 8
0 0.552811 1 0.447189 
7 9
0 0.964961 1 0.0350389 
7 10
0 0.964961 1 0.0350389 
7 11
0 0.964961 1 0.0350389 
7 12
0 0.964961 1 0.0350389 
7 13
0 0.964961 1 0.0350389 
7 14
0 0.964961 1 0.0350389 
7 15
0 0.964961 1 0.0350389 
7 16
0 0.964961 1 0.0350389 
7 17
0 0.964961 1 0.0350389 
7 18
0 0.552811 1 0.447189 
7 19
0 0.964961 1 0.0350389 
7 20
0 0.552811 1 0.447189 
8 0
0 0.964961 1 0.0350389 
8 1
0 0.964961 1 0.0350389 
8 2
0 0.964961 1 0.0350389 
8 3
0 0.964961 1 0.0350389 
8 4
0 0.964961 1 0.0350389 
8 5
0 0.964961 1 0.0350389 
8 6
0 0.964961 1 0.0350389 
8 7
0 0.552811 1 0.447189 
8 9
0 0.964961 1 0.0350389 
8 10
0 0.964961 1 0.0350389 
8 11
0 0.964961 1 0.0350389 
8 12
0 0.964961 1 0.0350389 
8 13
0 0.964961 1 0.0350389 
8 14
0 0.964961 1 0.0350389 
8 15
0 0.964961 1 0.0350389 
8 16
0 0.964961 1 0.0350389 
8 17
0 0.964961 1 0.0350389 
8 18
0 0.552811 1 0.447189 
8 19
0 0.964961 1 0.0350389 
8 20
0 0.552811 1 0.447189 
9 7
0 0.964961 1 0.0350389 
9 8
0 0.964961 1 0.0350389 
9 18
0 0.964961 1 0.0350389 
9 20
0 0.964961 1 0.0350389 
10 6
0 0.982324 1 0.0176757 
10 7
0 0.964961 1 0.0350389 
10 8
0 0.964961 1 0.0350389 
10 13
0 0.982324 1 0.0176757 
10 18
0 0.964961 1 0.0350389 
10 20
0 0.964961 1 0.0350389 
11 7
0 0.964961 1 0.0350389 
11 8
0 0.964961 1 0.0350389 
11 14
0 0.982324 1 0.0176757 
11 16
0 0.982324 1 0.0176757 
11 18
0 0.964961 1 0.0350389 
11 20
0 0.964961 1 0.0350389 
12 7
0 0.964961 1 0.0350389 
12 8
0 0.964961 1 0.0350389 
12 13
0 0.982324 1 0.0176757 
12 18
0 0.964961 1 0.0350389 
12 20
0 0.964961 1 0.0350389 
13 1
0 0.982324 1 0.0176757 
13 4
0 0.982324 1 0.0176757 
13 7
0 0.964961 1 0.0350389 
13 8
0 0.964961 1 0.0350389 
13 10
0 0.982324 1 0.0176757 
13 14
0 0.982324 1 0.0176757 
13 17
0 0.982324 1 0.0176757 
13 18
0 0.964961 1 0.0350389 
13 20
0 0.964961 1 0.0350389 
14 1
0 0.982324 1 0.0176757 
14 7
0 0.964961 1 0.0350389 
14 8
0 0.964961 1 0.0350389 
14 15
0 0.982324 1 0.0176757 
14 18
0 0.964961 1 0.0350389 
14 19
0 0.982324 1 0.0176757 
14 20
0 0.964961 1 0.0350389 
15 5
0 0.982324 1 0.0176757 
15 7
0 0.964961 1 0.0350389 
15 8
0 0.964961 1 0.0350389 
15 12
0 0.982324 1 0.0176757 
15 14
0 0.982324 1 0.0176757 
15 18
0 0.964961 1 0.0350389 
15 20
0 0.964961 1 0.0350389 
16 0
0 0.982324 1 0.0176757 
16 1
0 0.982324 1 0.0176757 
16 2
0 0.982324 1 0.0176757 
16 4
0 0.982324 1 0.0176757 
16 7
0 0.964961 1 0.0350389 
16 8
0 0.964961 1 0.0350389 
16 10
0 0.982324 1 0.0176757 
16 18
0 0.964961 1 0.0350389 
16 20
0 0.964961 1 0.0350389 
17 1
0 0.982324 1 0.0176757 
17 6
0 0.982324 1 0.0176757 
17 7
0 0.964961 1 0.0350389 
17 8
0 0.964961 1 0.0350389 
17 18
0 0.964961 1 0.0350389 
17 20
0 0.964961 1 0.0350389 
18 0
0 0.964961 1 0.0350389 
18 1
0 0.964961 1 0.0350389 
18 2
0 0.964961 1 0.0350389 
18 3
0 0.964961 1 0.0350389 
18 4
0 0.964961 1 0.0350389 
18 5
0 0.964961 1 0.0350389 
18 6
0 0.964961 1 0.0350389 
18 7
0 0.552811 1 0.447189 
18 8
0 0.552811 1 0.447189 
18 9
0 0.964961 1 0.0350389 
18 10
0 0.964961 1 0.0350389 
18 11
0 0.964961 1 0.0350389 
18 12
0 0.964961 1 0.0350389 
18 13
0 0.964961 1 0.0350389 
18 14
0 0.964961 1 0.0350389 
18 15
0 0.964961 1 0.0350389 
18 16
0 0.964961 1 0.0350389 
18 17
0 0.964961 1 0.0350389 
18 19
0 0.964961 1 0.0350389 
18 20
0 0.552811 1 0.447189 
19 2
0 0.982324 1 0.0176757 
19 7
0 0.964961 1 0.0350389 
19 8
0 0.964961 1 0.0350389 
19 17
0 0.982324 1 0.0176757 
19 18
0 0.964961 1 0.0350389 
19 20
0 0.964961 1 0.0350389 
20 0
0 0.964961 1 0.0350389 
20 1
0 0.964961 1 0.0350389 
20 2
0 0.964961 1 0.0350389 
20 3
0 0.964961 1 0.0350389 
20 4
0 0.964961 1 0.0350389 
20 5
0 0.964961 1 0.0350389 
20 6
0 0.964961 1 0.0350389 
20 7
0 0.552811 1 0.447189 
20 8
0 0.552811 1 0.447189 
20 9
0 0.964961 1 0.0350389 
20 10
0 0.964961 1 0.0350389 
20 11
0 0.964961 1 0.0350389 
20 12
0 0.964961 1 0.0350389 
20 13
0 0.964961 1 0.0350389 
20 14
0 0.964961 1 0.0350389 
20 15
0 0.964961 1 0.0350389 
20 16
0 0.964961 1 0.0350389 
20 17
0 0.964961 1 0.0350389 
20 18
0 0.552811 1 0.447189 
20 19
0 0.964961 1 0.0350389 
