c 	gr21_tsp_21_4_full_25_25_50_8_420_0_0_0_100_4558251_0_0
c 	nn 21
c 	nm 4
c 	oComp 32
c 	ooProb 0.00740319
c 	coProb 0.0147516
c 	ooD 2.01367
c 	coD 2.00621
c 	ccD 4.01988
c 	totD 8.03976
c 	ooD/totD 0.250464
c 	coD/totD 0.249536
c 	ccD/totD 0.5
c 	ccEval 0.33499
c 	ooN 272
c 	coN 136
c 	ccN 12
c 	totN 420
c 	totN / nn(nn-1)=1
c 	 TYPE: TSPLIB
21
510 635 91 385 155 110 130 490 370 155 68 610 655 480 265 255 450 170 240 380 
510 355 415 585 475 480 500 605 320 380 440 360 235 81 480 440 270 445 290 140 
635 355 605 390 495 570 540 295 700 640 575 705 585 435 420 755 625 750 590 495 
91 415 605 350 120 78 97 460 280 63 27 520 555 380 235 235 345 160 140 280 
385 585 390 350 240 320 285 120 590 430 320 835 750 575 125 650 660 495 480 480 
155 475 495 120 240 96 36 350 365 200 91 605 615 440 125 370 430 265 255 340 
110 480 570 78 320 96 29 425 350 160 48 590 625 455 200 320 420 220 205 350 
130 500 540 97 285 36 29 390 370 175 67 610 645 465 165 350 440 240 220 370 
490 605 295 460 120 350 425 390 625 535 430 865 775 600 230 680 690 600 515 505 
370 320 700 280 590 365 350 370 625 240 300 250 285 245 475 150 77 235 150 185 
155 380 640 63 430 200 160 175 535 240 90 480 515 345 310 175 310 125 100 240 
68 440 575 27 320 91 48 67 430 300 90 545 585 415 205 265 380 170 170 310 
610 360 705 520 835 605 590 610 865 250 480 545 190 295 715 400 180 485 390 345 
655 235 585 555 750 615 625 645 775 285 515 585 190 170 650 435 215 525 425 280 
480 81 435 380 575 440 455 465 600 245 345 415 295 170 475 385 190 405 255 105 
265 480 420 235 125 125 200 165 230 475 310 205 715 650 475 485 545 375 395 380 
255 440 755 235 650 370 320 350 680 150 175 265 400 435 385 485 225 87 205 280 
450 270 625 345 660 430 420 440 690 77 310 380 180 215 190 545 225 315 220 165 
170 445 750 160 495 265 220 240 600 235 125 170 485 525 405 375 87 315 155 305 
240 290 590 140 480 255 205 220 515 150 100 170 390 425 255 395 205 220 155 150 
380 140 495 280 480 340 350 370 505 185 240 310 345 280 105 380 280 165 305 150 
420
0 1
0 0.992597 1 0.00740319 
0 2
0 0.992597 1 0.00740319 
0 3
0 0.992597 1 0.00740319 
0 4
0 0.992597 1 0.00740319 
0 5
0 0.992597 1 0.00740319 
0 6
0 0.992597 1 0.00740319 
0 7
0 0.985248 1 0.0147516 
0 8
0 0.985248 1 0.0147516 
0 9
0 0.985248 1 0.0147516 
0 10
0 0.992597 1 0.00740319 
0 11
0 0.992597 1 0.00740319 
0 12
0 0.992597 1 0.00740319 
0 13
0 0.992597 1 0.00740319 
0 14
0 0.992597 1 0.00740319 
0 15
0 0.992597 1 0.00740319 
0 16
0 0.992597 1 0.00740319 
0 17
0 0.992597 1 0.00740319 
0 18
0 0.992597 1 0.00740319 
0 19
0 0.985248 1 0.0147516 
0 20
0 0.992597 1 0.00740319 
1 0
0 0.992597 1 0.00740319 
1 2
0 0.992597 1 0.00740319 
1 3
0 0.992597 1 0.00740319 
1 4
0 0.992597 1 0.00740319 
1 5
0 0.992597 1 0.00740319 
1 6
0 0.992597 1 0.00740319 
1 7
0 0.985248 1 0.0147516 
1 8
0 0.985248 1 0.0147516 
1 9
0 0.985248 1 0.0147516 
1 10
0 0.992597 1 0.00740319 
1 11
0 0.992597 1 0.00740319 
1 12
0 0.992597 1 0.00740319 
1 13
0 0.992597 1 0.00740319 
1 14
0 0.992597 1 0.00740319 
1 15
0 0.992597 1 0.00740319 
1 16
0 0.992597 1 0.00740319 
1 17
0 0.992597 1 0.00740319 
1 18
0 0.992597 1 0.00740319 
1 19
0 0.985248 1 0.0147516 
1 20
0 0.992597 1 0.00740319 
2 0
0 0.992597 1 0.00740319 
2 1
0 0.992597 1 0.00740319 
2 3
0 0.992597 1 0.00740319 
2 4
0 0.992597 1 0.00740319 
2 5
0 0.992597 1 0.00740319 
2 6
0 0.992597 1 0.00740319 
2 7
0 0.985248 1 0.0147516 
2 8
0 0.985248 1 0.0147516 
2 9
0 0.985248 1 0.0147516 
2 10
0 0.992597 1 0.00740319 
2 11
0 0.992597 1 0.00740319 
2 12
0 0.992597 1 0.00740319 
2 13
0 0.992597 1 0.00740319 
2 14
0 0.992597 1 0.00740319 
2 15
0 0.992597 1 0.00740319 
2 16
0 0.992597 1 0.00740319 
2 17
0 0.992597 1 0.00740319 
2 18
0 0.992597 1 0.00740319 
2 19
0 0.985248 1 0.0147516 
2 20
0 0.992597 1 0.00740319 
3 0
0 0.992597 1 0.00740319 
3 1
0 0.992597 1 0.00740319 
3 2
0 0.992597 1 0.00740319 
3 4
0 0.992597 1 0.00740319 
3 5
0 0.992597 1 0.00740319 
3 6
0 0.992597 1 0.00740319 
3 7
0 0.985248 1 0.0147516 
3 8
0 0.985248 1 0.0147516 
3 9
0 0.985248 1 0.0147516 
3 10
0 0.992597 1 0.00740319 
3 11
0 0.992597 1 0.00740319 
3 12
0 0.992597 1 0.00740319 
3 13
0 0.992597 1 0.00740319 
3 14
0 0.992597 1 0.00740319 
3 15
0 0.992597 1 0.00740319 
3 16
0 0.992597 1 0.00740319 
3 17
0 0.992597 1 0.00740319 
3 18
0 0.992597 1 0.00740319 
3 19
0 0.985248 1 0.0147516 
3 20
0 0.992597 1 0.00740319 
4 0
0 0.992597 1 0.00740319 
4 1
0 0.992597 1 0.00740319 
4 2
0 0.992597 1 0.00740319 
4 3
0 0.992597 1 0.00740319 
4 5
0 0.992597 1 0.00740319 
4 6
0 0.992597 1 0.00740319 
4 7
0 0.985248 1 0.0147516 
4 8
0 0.985248 1 0.0147516 
4 9
0 0.985248 1 0.0147516 
4 10
0 0.992597 1 0.00740319 
4 11
0 0.992597 1 0.00740319 
4 12
0 0.992597 1 0.00740319 
4 13
0 0.992597 1 0.00740319 
4 14
0 0.992597 1 0.00740319 
4 15
0 0.992597 1 0.00740319 
4 16
0 0.992597 1 0.00740319 
4 17
0 0.992597 1 0.00740319 
4 18
0 0.992597 1 0.00740319 
4 19
0 0.985248 1 0.0147516 
4 20
0 0.992597 1 0.00740319 
5 0
0 0.992597 1 0.00740319 
5 1
0 0.992597 1 0.00740319 
5 2
0 0.992597 1 0.00740319 
5 3
0 0.992597 1 0.00740319 
5 4
0 0.992597 1 0.00740319 
5 6
0 0.992597 1 0.00740319 
5 7
0 0.985248 1 0.0147516 
5 8
0 0.985248 1 0.0147516 
5 9
0 0.985248 1 0.0147516 
5 10
0 0.992597 1 0.00740319 
5 11
0 0.992597 1 0.00740319 
5 12
0 0.992597 1 0.00740319 
5 13
0 0.992597 1 0.00740319 
5 14
0 0.992597 1 0.00740319 
5 15
0 0.992597 1 0.00740319 
5 16
0 0.992597 1 0.00740319 
5 17
0 0.992597 1 0.00740319 
5 18
0 0.992597 1 0.00740319 
5 19
0 0.985248 1 0.0147516 
5 20
0 0.992597 1 0.00740319 
6 0
0 0.992597 1 0.00740319 
6 1
0 0.992597 1 0.00740319 
6 2
0 0.992597 1 0.00740319 
6 3
0 0.992597 1 0.00740319 
6 4
0 0.992597 1 0.00740319 
6 5
0 0.992597 1 0.00740319 
6 7
0 0.985248 1 0.0147516 
6 8
0 0.985248 1 0.0147516 
6 9
0 0.985248 1 0.0147516 
6 10
0 0.992597 1 0.00740319 
6 11
0 0.992597 1 0.00740319 
6 12
0 0.992597 1 0.00740319 
6 13
0 0.992597 1 0.00740319 
6 14
0 0.992597 1 0.00740319 
6 15
0 0.992597 1 0.00740319 
6 16
0 0.992597 1 0.00740319 
6 17
0 0.992597 1 0.00740319 
6 18
0 0.992597 1 0.00740319 
6 19
0 0.985248 1 0.0147516 
6 20
0 0.992597 1 0.00740319 
7 0
0 0.985248 1 0.0147516 
7 1
0 0.985248 1 0.0147516 
7 2
0 0.985248 1 0.0147516 
7 3
0 0.985248 1 0.0147516 
7 4
0 0.985248 1 0.0147516 
7 5
0 0.985248 1 0.0147516 
7 6
0 0.985248 1 0.0147516 
7 8
0 0.66501 1 0.33499 
7 9
0 0.66501 1 0.33499 
7 10
0 0.985248 1 0.0147516 
7 11
0 0.985248 1 0.0147516 
7 12
0 0.985248 1 0.0147516 
7 13
0 0.985248 1 0.0147516 
7 14
0 0.985248 1 0.0147516 
7 15
0 0.985248 1 0.0147516 
7 16
0 0.985248 1 0.0147516 
7 17
0 0.985248 1 0.0147516 
7 18
0 0.985248 1 0.0147516 
7 19
0 0.66501 1 0.33499 
7 20
0 0.985248 1 0.0147516 
8 0
0 0.985248 1 0.0147516 
8 1
0 0.985248 1 0.0147516 
8 2
0 0.985248 1 0.0147516 
8 3
0 0.985248 1 0.0147516 
8 4
0 0.985248 1 0.0147516 
8 5
0 0.985248 1 0.0147516 
8 6
0 0.985248 1 0.0147516 
8 7
0 0.66501 1 0.33499 
8 9
0 0.66501 1 0.33499 
8 10
0 0.985248 1 0.0147516 
8 11
0 0.985248 1 0.0147516 
8 12
0 0.985248 1 0.0147516 
8 13
0 0.985248 1 0.0147516 
8 14
0 0.985248 1 0.0147516 
8 15
0 0.985248 1 0.0147516 
8 16
0 0.985248 1 0.0147516 
8 17
0 0.985248 1 0.0147516 
8 18
0 0.985248 1 0.0147516 
8 19
0 0.66501 1 0.33499 
8 20
0 0.985248 1 0.0147516 
9 0
0 0.985248 1 0.0147516 
9 1
0 0.985248 1 0.0147516 
9 2
0 0.985248 1 0.0147516 
9 3
0 0.985248 1 0.0147516 
9 4
0 0.985248 1 0.0147516 
9 5
0 0.985248 1 0.0147516 
9 6
0 0.985248 1 0.0147516 
9 7
0 0.66501 1 0.33499 
9 8
0 0.66501 1 0.33499 
9 10
0 0.985248 1 0.0147516 
9 11
0 0.985248 1 0.0147516 
9 12
0 0.985248 1 0.0147516 
9 13
0 0.985248 1 0.0147516 
9 14
0 0.985248 1 0.0147516 
9 15
0 0.985248 1 0.0147516 
9 16
0 0.985248 1 0.0147516 
9 17
0 0.985248 1 0.0147516 
9 18
0 0.985248 1 0.0147516 
9 19
0 0.66501 1 0.33499 
9 20
0 0.985248 1 0.0147516 
10 0
0 0.992597 1 0.00740319 
10 1
0 0.992597 1 0.00740319 
10 2
0 0.992597 1 0.00740319 
10 3
0 0.992597 1 0.00740319 
10 4
0 0.992597 1 0.00740319 
10 5
0 0.992597 1 0.00740319 
10 6
0 0.992597 1 0.00740319 
10 7
0 0.985248 1 0.0147516 
10 8
0 0.985248 1 0.0147516 
10 9
0 0.985248 1 0.0147516 
10 11
0 0.992597 1 0.00740319 
10 12
0 0.992597 1 0.00740319 
10 13
0 0.992597 1 0.00740319 
10 14
0 0.992597 1 0.00740319 
10 15
0 0.992597 1 0.00740319 
10 16
0 0.992597 1 0.00740319 
10 17
0 0.992597 1 0.00740319 
10 18
0 0.992597 1 0.00740319 
10 19
0 0.985248 1 0.0147516 
10 20
0 0.992597 1 0.00740319 
11 0
0 0.992597 1 0.00740319 
11 1
0 0.992597 1 0.00740319 
11 2
0 0.992597 1 0.00740319 
11 3
0 0.992597 1 0.00740319 
11 4
0 0.992597 1 0.00740319 
11 5
0 0.992597 1 0.00740319 
11 6
0 0.992597 1 0.00740319 
11 7
0 0.985248 1 0.0147516 
11 8
0 0.985248 1 0.0147516 
11 9
0 0.985248 1 0.0147516 
11 10
0 0.992597 1 0.00740319 
11 12
0 0.992597 1 0.00740319 
11 13
0 0.992597 1 0.00740319 
11 14
0 0.992597 1 0.00740319 
11 15
0 0.992597 1 0.00740319 
11 16
0 0.992597 1 0.00740319 
11 17
0 0.992597 1 0.00740319 
11 18
0 0.992597 1 0.00740319 
11 19
0 0.985248 1 0.0147516 
11 20
0 0.992597 1 0.00740319 
12 0
0 0.992597 1 0.00740319 
12 1
0 0.992597 1 0.00740319 
12 2
0 0.992597 1 0.00740319 
12 3
0 0.992597 1 0.00740319 
12 4
0 0.992597 1 0.00740319 
12 5
0 0.992597 1 0.00740319 
12 6
0 0.992597 1 0.00740319 
12 7
0 0.985248 1 0.0147516 
12 8
0 0.985248 1 0.0147516 
12 9
0 0.985248 1 0.0147516 
12 10
0 0.992597 1 0.00740319 
12 11
0 0.992597 1 0.00740319 
12 13
0 0.992597 1 0.00740319 
12 14
0 0.992597 1 0.00740319 
12 15
0 0.992597 1 0.00740319 
12 16
0 0.992597 1 0.00740319 
12 17
0 0.992597 1 0.00740319 
12 18
0 0.992597 1 0.00740319 
12 19
0 0.985248 1 0.0147516 
12 20
0 0.992597 1 0.00740319 
13 0
0 0.992597 1 0.00740319 
13 1
0 0.992597 1 0.00740319 
13 2
0 0.992597 1 0.00740319 
13 3
0 0.992597 1 0.00740319 
13 4
0 0.992597 1 0.00740319 
13 5
0 0.992597 1 0.00740319 
13 6
0 0.992597 1 0.00740319 
13 7
0 0.985248 1 0.0147516 
13 8
0 0.985248 1 0.0147516 
13 9
0 0.985248 1 0.0147516 
13 10
0 0.992597 1 0.00740319 
13 11
0 0.992597 1 0.00740319 
13 12
0 0.992597 1 0.00740319 
13 14
0 0.992597 1 0.00740319 
13 15
0 0.992597 1 0.00740319 
13 16
0 0.992597 1 0.00740319 
13 17
0 0.992597 1 0.00740319 
13 18
0 0.992597 1 0.00740319 
13 19
0 0.985248 1 0.0147516 
13 20
0 0.992597 1 0.00740319 
14 0
0 0.992597 1 0.00740319 
14 1
0 0.992597 1 0.00740319 
14 2
0 0.992597 1 0.00740319 
14 3
0 0.992597 1 0.00740319 
14 4
0 0.992597 1 0.00740319 
14 5
0 0.992597 1 0.00740319 
14 6
0 0.992597 1 0.00740319 
14 7
0 0.985248 1 0.0147516 
14 8
0 0.985248 1 0.0147516 
14 9
0 0.985248 1 0.0147516 
14 10
0 0.992597 1 0.00740319 
14 11
0 0.992597 1 0.00740319 
14 12
0 0.992597 1 0.00740319 
14 13
0 0.992597 1 0.00740319 
14 15
0 0.992597 1 0.00740319 
14 16
0 0.992597 1 0.00740319 
14 17
0 0.992597 1 0.00740319 
14 18
0 0.992597 1 0.00740319 
14 19
0 0.985248 1 0.0147516 
14 20
0 0.992597 1 0.00740319 
15 0
0 0.992597 1 0.00740319 
15 1
0 0.992597 1 0.00740319 
15 2
0 0.992597 1 0.00740319 
15 3
0 0.992597 1 0.00740319 
15 4
0 0.992597 1 0.00740319 
15 5
0 0.992597 1 0.00740319 
15 6
0 0.992597 1 0.00740319 
15 7
0 0.985248 1 0.0147516 
15 8
0 0.985248 1 0.0147516 
15 9
0 0.985248 1 0.0147516 
15 10
0 0.992597 1 0.00740319 
15 11
0 0.992597 1 0.00740319 
15 12
0 0.992597 1 0.00740319 
15 13
0 0.992597 1 0.00740319 
15 14
0 0.992597 1 0.00740319 
15 16
0 0.992597 1 0.00740319 
15 17
0 0.992597 1 0.00740319 
15 18
0 0.992597 1 0.00740319 
15 19
0 0.985248 1 0.0147516 
15 20
0 0.992597 1 0.00740319 
16 0
0 0.992597 1 0.00740319 
16 1
0 0.992597 1 0.00740319 
16 2
0 0.992597 1 0.00740319 
16 3
0 0.992597 1 0.00740319 
16 4
0 0.992597 1 0.00740319 
16 5
0 0.992597 1 0.00740319 
16 6
0 0.992597 1 0.00740319 
16 7
0 0.985248 1 0.0147516 
16 8
0 0.985248 1 0.0147516 
16 9
0 0.985248 1 0.0147516 
16 10
0 0.992597 1 0.00740319 
16 11
0 0.992597 1 0.00740319 
16 12
0 0.992597 1 0.00740319 
16 13
0 0.992597 1 0.00740319 
16 14
0 0.992597 1 0.00740319 
16 15
0 0.992597 1 0.00740319 
16 17
0 0.992597 1 0.00740319 
16 18
0 0.992597 1 0.00740319 
16 19
0 0.985248 1 0.0147516 
16 20
0 0.992597 1 0.00740319 
17 0
0 0.992597 1 0.00740319 
17 1
0 0.992597 1 0.00740319 
17 2
0 0.992597 1 0.00740319 
17 3
0 0.992597 1 0.00740319 
17 4
0 0.992597 1 0.00740319 
17 5
0 0.992597 1 0.00740319 
17 6
0 0.992597 1 0.00740319 
17 7
0 0.985248 1 0.0147516 
17 8
0 0.985248 1 0.0147516 
17 9
0 0.985248 1 0.0147516 
17 10
0 0.992597 1 0.00740319 
17 11
0 0.992597 1 0.00740319 
17 12
0 0.992597 1 0.00740319 
17 13
0 0.992597 1 0.00740319 
17 14
0 0.992597 1 0.00740319 
17 15
0 0.992597 1 0.00740319 
17 16
0 0.992597 1 0.00740319 
17 18
0 0.992597 1 0.00740319 
17 19
0 0.985248 1 0.0147516 
17 20
0 0.992597 1 0.00740319 
18 0
0 0.992597 1 0.00740319 
18 1
0 0.992597 1 0.00740319 
18 2
0 0.992597 1 0.00740319 
18 3
0 0.992597 1 0.00740319 
18 4
0 0.992597 1 0.00740319 
18 5
0 0.992597 1 0.00740319 
18 6
0 0.992597 1 0.00740319 
18 7
0 0.985248 1 0.0147516 
18 8
0 0.985248 1 0.0147516 
18 9
0 0.985248 1 0.0147516 
18 10
0 0.992597 1 0.00740319 
18 11
0 0.992597 1 0.00740319 
18 12
0 0.992597 1 0.00740319 
18 13
0 0.992597 1 0.00740319 
18 14
0 0.992597 1 0.00740319 
18 15
0 0.992597 1 0.00740319 
18 16
0 0.992597 1 0.00740319 
18 17
0 0.992597 1 0.00740319 
18 19
0 0.985248 1 0.0147516 
18 20
0 0.992597 1 0.00740319 
19 0
0 0.985248 1 0.0147516 
19 1
0 0.985248 1 0.0147516 
19 2
0 0.985248 1 0.0147516 
19 3
0 0.985248 1 0.0147516 
19 4
0 0.985248 1 0.0147516 
19 5
0 0.985248 1 0.0147516 
19 6
0 0.985248 1 0.0147516 
19 7
0 0.66501 1 0.33499 
19 8
0 0.66501 1 0.33499 
19 9
0 0.66501 1 0.33499 
19 10
0 0.985248 1 0.0147516 
19 11
0 0.985248 1 0.0147516 
19 12
0 0.985248 1 0.0147516 
19 13
0 0.985248 1 0.0147516 
19 14
0 0.985248 1 0.0147516 
19 15
0 0.985248 1 0.0147516 
19 16
0 0.985248 1 0.0147516 
19 17
0 0.985248 1 0.0147516 
19 18
0 0.985248 1 0.0147516 
19 20
0 0.985248 1 0.0147516 
20 0
0 0.992597 1 0.00740319 
20 1
0 0.992597 1 0.00740319 
20 2
0 0.992597 1 0.00740319 
20 3
0 0.992597 1 0.00740319 
20 4
0 0.992597 1 0.00740319 
20 5
0 0.992597 1 0.00740319 
20 6
0 0.992597 1 0.00740319 
20 7
0 0.985248 1 0.0147516 
20 8
0 0.985248 1 0.0147516 
20 9
0 0.985248 1 0.0147516 
20 10
0 0.992597 1 0.00740319 
20 11
0 0.992597 1 0.00740319 
20 12
0 0.992597 1 0.00740319 
20 13
0 0.992597 1 0.00740319 
20 14
0 0.992597 1 0.00740319 
20 15
0 0.992597 1 0.00740319 
20 16
0 0.992597 1 0.00740319 
20 17
0 0.992597 1 0.00740319 
20 18
0 0.992597 1 0.00740319 
20 19
0 0.985248 1 0.0147516 
