c 	gr24_tsp_24_4_full_27_23_50_9_552_0_0_0_100_5452280_0_0
c 	nn 24
c 	nm 4
c 	oComp 38
c 	ooProb 0.00658333
c 	coProb 0.0131233
c 	ooD 2.50166
c 	coD 2.09973
c 	ccD 4.60139
c 	totD 9.20279
c 	ooD/totD 0.271838
c 	coD/totD 0.228162
c 	ccD/totD 0.5
c 	ccEval 0.383449
c 	ooN 380
c 	coN 160
c 	ccN 12
c 	totN 552
c 	totN / nn(nn-1)=1
c 	 TYPE: TSPLIB
24
257 187 91 150 80 130 134 243 185 214 70 272 219 293 54 211 290 268 261 175 250 192 121 
257 196 228 112 196 167 154 209 86 223 191 180 83 50 219 74 139 53 43 128 99 228 142 
187 196 158 96 88 59 63 286 124 49 121 315 172 232 92 81 98 138 200 76 89 235 99 
91 228 158 120 77 101 105 159 156 185 27 188 149 264 82 182 261 239 232 146 221 108 84 
150 112 96 120 63 56 34 190 40 123 83 193 79 148 119 105 144 123 98 32 105 119 35 
80 196 88 77 63 25 29 216 124 115 47 245 139 232 31 150 176 207 200 76 189 165 29 
130 167 59 101 56 25 22 229 95 86 64 258 134 203 43 121 164 178 171 47 160 178 42 
134 154 63 105 34 29 22 225 82 90 68 228 112 190 58 108 136 165 131 30 147 154 36 
243 209 286 159 190 216 229 225 207 313 173 29 126 248 238 310 389 367 166 222 349 71 220 
185 86 124 156 40 124 95 82 207 151 119 159 62 122 147 37 116 86 90 56 76 136 70 
214 223 49 185 123 115 86 90 313 151 148 342 199 259 84 160 147 187 227 103 138 262 126 
70 191 121 27 83 47 64 68 173 119 148 209 153 227 53 145 224 202 195 109 184 110 55 
272 180 315 188 193 245 258 228 29 159 342 209 97 219 267 196 275 227 137 225 235 74 249 
219 83 172 149 79 139 134 112 126 62 199 153 97 134 170 99 178 130 69 104 138 96 104 
293 50 232 264 148 232 203 190 248 122 259 227 219 134 255 125 154 68 82 164 114 264 178 
54 219 92 82 119 31 43 58 238 147 84 53 267 170 255 173 190 230 223 99 212 187 60 
211 74 81 182 105 150 121 108 310 37 160 145 196 99 125 173 79 57 90 57 39 182 96 
290 139 98 261 144 176 164 136 389 116 147 224 275 178 154 190 79 86 176 112 40 261 175 
268 53 138 239 123 207 178 165 367 86 187 202 227 130 68 230 57 86 90 114 46 239 153 
261 43 200 232 98 200 171 131 166 90 227 195 137 69 82 223 90 176 90 134 136 165 146 
175 128 76 146 32 76 47 30 222 56 103 109 225 104 164 99 57 112 114 134 96 151 47 
250 99 89 221 105 189 160 147 349 76 138 184 235 138 114 212 39 40 46 136 96 221 135 
192 228 235 108 119 165 178 154 71 136 262 110 74 96 264 187 182 261 239 165 151 221 169 
121 142 99 84 35 29 42 36 220 70 126 55 249 104 178 60 96 175 153 146 47 135 169 
552
0 1
0 0.993417 1 0.00658333 
0 2
0 0.993417 1 0.00658333 
0 3
0 0.993417 1 0.00658333 
0 4
0 0.993417 1 0.00658333 
0 5
0 0.993417 1 0.00658333 
0 6
0 0.993417 1 0.00658333 
0 7
0 0.993417 1 0.00658333 
0 8
0 0.993417 1 0.00658333 
0 9
0 0.993417 1 0.00658333 
0 10
0 0.993417 1 0.00658333 
0 11
0 0.993417 1 0.00658333 
0 12
0 0.993417 1 0.00658333 
0 13
0 0.986877 1 0.0131233 
0 14
0 0.993417 1 0.00658333 
0 15
0 0.993417 1 0.00658333 
0 16
0 0.993417 1 0.00658333 
0 17
0 0.986877 1 0.0131233 
0 18
0 0.986877 1 0.0131233 
0 19
0 0.993417 1 0.00658333 
0 20
0 0.993417 1 0.00658333 
0 21
0 0.993417 1 0.00658333 
0 22
0 0.986877 1 0.0131233 
0 23
0 0.993417 1 0.00658333 
1 0
0 0.993417 1 0.00658333 
1 2
0 0.993417 1 0.00658333 
1 3
0 0.993417 1 0.00658333 
1 4
0 0.993417 1 0.00658333 
1 5
0 0.993417 1 0.00658333 
1 6
0 0.993417 1 0.00658333 
1 7
0 0.993417 1 0.00658333 
1 8
0 0.993417 1 0.00658333 
1 9
0 0.993417 1 0.00658333 
1 10
0 0.993417 1 0.00658333 
1 11
0 0.993417 1 0.00658333 
1 12
0 0.993417 1 0.00658333 
1 13
0 0.986877 1 0.0131233 
1 14
0 0.993417 1 0.00658333 
1 15
0 0.993417 1 0.00658333 
1 16
0 0.993417 1 0.00658333 
1 17
0 0.986877 1 0.0131233 
1 18
0 0.986877 1 0.0131233 
1 19
0 0.993417 1 0.00658333 
1 20
0 0.993417 1 0.00658333 
1 21
0 0.993417 1 0.00658333 
1 22
0 0.986877 1 0.0131233 
1 23
0 0.993417 1 0.00658333 
2 0
0 0.993417 1 0.00658333 
2 1
0 0.993417 1 0.00658333 
2 3
0 0.993417 1 0.00658333 
2 4
0 0.993417 1 0.00658333 
2 5
0 0.993417 1 0.00658333 
2 6
0 0.993417 1 0.00658333 
2 7
0 0.993417 1 0.00658333 
2 8
0 0.993417 1 0.00658333 
2 9
0 0.993417 1 0.00658333 
2 10
0 0.993417 1 0.00658333 
2 11
0 0.993417 1 0.00658333 
2 12
0 0.993417 1 0.00658333 
2 13
0 0.986877 1 0.0131233 
2 14
0 0.993417 1 0.00658333 
2 15
0 0.993417 1 0.00658333 
2 16
0 0.993417 1 0.00658333 
2 17
0 0.986877 1 0.0131233 
2 18
0 0.986877 1 0.0131233 
2 19
0 0.993417 1 0.00658333 
2 20
0 0.993417 1 0.00658333 
2 21
0 0.993417 1 0.00658333 
2 22
0 0.986877 1 0.0131233 
2 23
0 0.993417 1 0.00658333 
3 0
0 0.993417 1 0.00658333 
3 1
0 0.993417 1 0.00658333 
3 2
0 0.993417 1 0.00658333 
3 4
0 0.993417 1 0.00658333 
3 5
0 0.993417 1 0.00658333 
3 6
0 0.993417 1 0.00658333 
3 7
0 0.993417 1 0.00658333 
3 8
0 0.993417 1 0.00658333 
3 9
0 0.993417 1 0.00658333 
3 10
0 0.993417 1 0.00658333 
3 11
0 0.993417 1 0.00658333 
3 12
0 0.993417 1 0.00658333 
3 13
0 0.986877 1 0.0131233 
3 14
0 0.993417 1 0.00658333 
3 15
0 0.993417 1 0.00658333 
3 16
0 0.993417 1 0.00658333 
3 17
0 0.986877 1 0.0131233 
3 18
0 0.986877 1 0.0131233 
3 19
0 0.993417 1 0.00658333 
3 20
0 0.993417 1 0.00658333 
3 21
0 0.993417 1 0.00658333 
3 22
0 0.986877 1 0.0131233 
3 23
0 0.993417 1 0.00658333 
4 0
0 0.993417 1 0.00658333 
4 1
0 0.993417 1 0.00658333 
4 2
0 0.993417 1 0.00658333 
4 3
0 0.993417 1 0.00658333 
4 5
0 0.993417 1 0.00658333 
4 6
0 0.993417 1 0.00658333 
4 7
0 0.993417 1 0.00658333 
4 8
0 0.993417 1 0.00658333 
4 9
0 0.993417 1 0.00658333 
4 10
0 0.993417 1 0.00658333 
4 11
0 0.993417 1 0.00658333 
4 12
0 0.993417 1 0.00658333 
4 13
0 0.986877 1 0.0131233 
4 14
0 0.993417 1 0.00658333 
4 15
0 0.993417 1 0.00658333 
4 16
0 0.993417 1 0.00658333 
4 17
0 0.986877 1 0.0131233 
4 18
0 0.986877 1 0.0131233 
4 19
0 0.993417 1 0.00658333 
4 20
0 0.993417 1 0.00658333 
4 21
0 0.993417 1 0.00658333 
4 22
0 0.986877 1 0.0131233 
4 23
0 0.993417 1 0.00658333 
5 0
0 0.993417 1 0.00658333 
5 1
0 0.993417 1 0.00658333 
5 2
0 0.993417 1 0.00658333 
5 3
0 0.993417 1 0.00658333 
5 4
0 0.993417 1 0.00658333 
5 6
0 0.993417 1 0.00658333 
5 7
0 0.993417 1 0.00658333 
5 8
0 0.993417 1 0.00658333 
5 9
0 0.993417 1 0.00658333 
5 10
0 0.993417 1 0.00658333 
5 11
0 0.993417 1 0.00658333 
5 12
0 0.993417 1 0.00658333 
5 13
0 0.986877 1 0.0131233 
5 14
0 0.993417 1 0.00658333 
5 15
0 0.993417 1 0.00658333 
5 16
0 0.993417 1 0.00658333 
5 17
0 0.986877 1 0.0131233 
5 18
0 0.986877 1 0.0131233 
5 19
0 0.993417 1 0.00658333 
5 20
0 0.993417 1 0.00658333 
5 21
0 0.993417 1 0.00658333 
5 22
0 0.986877 1 0.0131233 
5 23
0 0.993417 1 0.00658333 
6 0
0 0.993417 1 0.00658333 
6 1
0 0.993417 1 0.00658333 
6 2
0 0.993417 1 0.00658333 
6 3
0 0.993417 1 0.00658333 
6 4
0 0.993417 1 0.00658333 
6 5
0 0.993417 1 0.00658333 
6 7
0 0.993417 1 0.00658333 
6 8
0 0.993417 1 0.00658333 
6 9
0 0.993417 1 0.00658333 
6 10
0 0.993417 1 0.00658333 
6 11
0 0.993417 1 0.00658333 
6 12
0 0.993417 1 0.00658333 
6 13
0 0.986877 1 0.0131233 
6 14
0 0.993417 1 0.00658333 
6 15
0 0.993417 1 0.00658333 
6 16
0 0.993417 1 0.00658333 
6 17
0 0.986877 1 0.0131233 
6 18
0 0.986877 1 0.0131233 
6 19
0 0.993417 1 0.00658333 
6 20
0 0.993417 1 0.00658333 
6 21
0 0.993417 1 0.00658333 
6 22
0 0.986877 1 0.0131233 
6 23
0 0.993417 1 0.00658333 
7 0
0 0.993417 1 0.00658333 
7 1
0 0.993417 1 0.00658333 
7 2
0 0.993417 1 0.00658333 
7 3
0 0.993417 1 0.00658333 
7 4
0 0.993417 1 0.00658333 
7 5
0 0.993417 1 0.00658333 
7 6
0 0.993417 1 0.00658333 
7 8
0 0.993417 1 0.00658333 
7 9
0 0.993417 1 0.00658333 
7 10
0 0.993417 1 0.00658333 
7 11
0 0.993417 1 0.00658333 
7 12
0 0.993417 1 0.00658333 
7 13
0 0.986877 1 0.0131233 
7 14
0 0.993417 1 0.00658333 
7 15
0 0.993417 1 0.00658333 
7 16
0 0.993417 1 0.00658333 
7 17
0 0.986877 1 0.0131233 
7 18
0 0.986877 1 0.0131233 
7 19
0 0.993417 1 0.00658333 
7 20
0 0.993417 1 0.00658333 
7 21
0 0.993417 1 0.00658333 
7 22
0 0.986877 1 0.0131233 
7 23
0 0.993417 1 0.00658333 
8 0
0 0.993417 1 0.00658333 
8 1
0 0.993417 1 0.00658333 
8 2
0 0.993417 1 0.00658333 
8 3
0 0.993417 1 0.00658333 
8 4
0 0.993417 1 0.00658333 
8 5
0 0.993417 1 0.00658333 
8 6
0 0.993417 1 0.00658333 
8 7
0 0.993417 1 0.00658333 
8 9
0 0.993417 1 0.00658333 
8 10
0 0.993417 1 0.00658333 
8 11
0 0.993417 1 0.00658333 
8 12
0 0.993417 1 0.00658333 
8 13
0 0.986877 1 0.0131233 
8 14
0 0.993417 1 0.00658333 
8 15
0 0.993417 1 0.00658333 
8 16
0 0.993417 1 0.00658333 
8 17
0 0.986877 1 0.0131233 
8 18
0 0.986877 1 0.0131233 
8 19
0 0.993417 1 0.00658333 
8 20
0 0.993417 1 0.00658333 
8 21
0 0.993417 1 0.00658333 
8 22
0 0.986877 1 0.0131233 
8 23
0 0.993417 1 0.00658333 
9 0
0 0.993417 1 0.00658333 
9 1
0 0.993417 1 0.00658333 
9 2
0 0.993417 1 0.00658333 
9 3
0 0.993417 1 0.00658333 
9 4
0 0.993417 1 0.00658333 
9 5
0 0.993417 1 0.00658333 
9 6
0 0.993417 1 0.00658333 
9 7
0 0.993417 1 0.00658333 
9 8
0 0.993417 1 0.00658333 
9 10
0 0.993417 1 0.00658333 
9 11
0 0.993417 1 0.00658333 
9 12
0 0.993417 1 0.00658333 
9 13
0 0.986877 1 0.0131233 
9 14
0 0.993417 1 0.00658333 
9 15
0 0.993417 1 0.00658333 
9 16
0 0.993417 1 0.00658333 
9 17
0 0.986877 1 0.0131233 
9 18
0 0.986877 1 0.0131233 
9 19
0 0.993417 1 0.00658333 
9 20
0 0.993417 1 0.00658333 
9 21
0 0.993417 1 0.00658333 
9 22
0 0.986877 1 0.0131233 
9 23
0 0.993417 1 0.00658333 
10 0
0 0.993417 1 0.00658333 
10 1
0 0.993417 1 0.00658333 
10 2
0 0.993417 1 0.00658333 
10 3
0 0.993417 1 0.00658333 
10 4
0 0.993417 1 0.00658333 
10 5
0 0.993417 1 0.00658333 
10 6
0 0.993417 1 0.00658333 
10 7
0 0.993417 1 0.00658333 
10 8
0 0.993417 1 0.00658333 
10 9
0 0.993417 1 0.00658333 
10 11
0 0.993417 1 0.00658333 
10 12
0 0.993417 1 0.00658333 
10 13
0 0.986877 1 0.0131233 
10 14
0 0.993417 1 0.00658333 
10 15
0 0.993417 1 0.00658333 
10 16
0 0.993417 1 0.00658333 
10 17
0 0.986877 1 0.0131233 
10 18
0 0.986877 1 0.0131233 
10 19
0 0.993417 1 0.00658333 
10 20
0 0.993417 1 0.00658333 
10 21
0 0.993417 1 0.00658333 
10 22
0 0.986877 1 0.0131233 
10 23
0 0.993417 1 0.00658333 
11 0
0 0.993417 1 0.00658333 
11 1
0 0.993417 1 0.00658333 
11 2
0 0.993417 1 0.00658333 
11 3
0 0.993417 1 0.00658333 
11 4
0 0.993417 1 0.00658333 
11 5
0 0.993417 1 0.00658333 
11 6
0 0.993417 1 0.00658333 
11 7
0 0.993417 1 0.00658333 
11 8
0 0.993417 1 0.00658333 
11 9
0 0.993417 1 0.00658333 
11 10
0 0.993417 1 0.00658333 
11 12
0 0.993417 1 0.00658333 
11 13
0 0.986877 1 0.0131233 
11 14
0 0.993417 1 0.00658333 
11 15
0 0.993417 1 0.00658333 
11 16
0 0.993417 1 0.00658333 
11 17
0 0.986877 1 0.0131233 
11 18
0 0.986877 1 0.0131233 
11 19
0 0.993417 1 0.00658333 
11 20
0 0.993417 1 0.00658333 
11 21
0 0.993417 1 0.00658333 
11 22
0 0.986877 1 0.0131233 
11 23
0 0.993417 1 0.00658333 
12 0
0 0.993417 1 0.00658333 
12 1
0 0.993417 1 0.00658333 
12 2
0 0.993417 1 0.00658333 
12 3
0 0.993417 1 0.00658333 
12 4
0 0.993417 1 0.00658333 
12 5
0 0.993417 1 0.00658333 
12 6
0 0.993417 1 0.00658333 
12 7
0 0.993417 1 0.00658333 
12 8
0 0.993417 1 0.00658333 
12 9
0 0.993417 1 0.00658333 
12 10
0 0.993417 1 0.00658333 
12 11
0 0.993417 1 0.00658333 
12 13
0 0.986877 1 0.0131233 
12 14
0 0.993417 1 0.00658333 
12 15
0 0.993417 1 0.00658333 
12 16
0 0.993417 1 0.00658333 
12 17
0 0.986877 1 0.0131233 
12 18
0 0.986877 1 0.0131233 
12 19
0 0.993417 1 0.00658333 
12 20
0 0.993417 1 0.00658333 
12 21
0 0.993417 1 0.00658333 
12 22
0 0.986877 1 0.0131233 
12 23
0 0.993417 1 0.00658333 
13 0
0 0.986877 1 0.0131233 
13 1
0 0.986877 1 0.0131233 
13 2
0 0.986877 1 0.0131233 
13 3
0 0.986877 1 0.0131233 
13 4
0 0.986877 1 0.0131233 
13 5
0 0.986877 1 0.0131233 
13 6
0 0.986877 1 0.0131233 
13 7
0 0.986877 1 0.0131233 
13 8
0 0.986877 1 0.0131233 
13 9
0 0.986877 1 0.0131233 
13 10
0 0.986877 1 0.0131233 
13 11
0 0.986877 1 0.0131233 
13 12
0 0.986877 1 0.0131233 
13 14
0 0.986877 1 0.0131233 
13 15
0 0.986877 1 0.0131233 
13 16
0 0.986877 1 0.0131233 
13 17
0 0.616551 1 0.383449 
13 18
0 0.616551 1 0.383449 
13 19
0 0.986877 1 0.0131233 
13 20
0 0.986877 1 0.0131233 
13 21
0 0.986877 1 0.0131233 
13 22
0 0.616551 1 0.383449 
13 23
0 0.986877 1 0.0131233 
14 0
0 0.993417 1 0.00658333 
14 1
0 0.993417 1 0.00658333 
14 2
0 0.993417 1 0.00658333 
14 3
0 0.993417 1 0.00658333 
14 4
0 0.993417 1 0.00658333 
14 5
0 0.993417 1 0.00658333 
14 6
0 0.993417 1 0.00658333 
14 7
0 0.993417 1 0.00658333 
14 8
0 0.993417 1 0.00658333 
14 9
0 0.993417 1 0.00658333 
14 10
0 0.993417 1 0.00658333 
14 11
0 0.993417 1 0.00658333 
14 12
0 0.993417 1 0.00658333 
14 13
0 0.986877 1 0.0131233 
14 15
0 0.993417 1 0.00658333 
14 16
0 0.993417 1 0.00658333 
14 17
0 0.986877 1 0.0131233 
14 18
0 0.986877 1 0.0131233 
14 19
0 0.993417 1 0.00658333 
14 20
0 0.993417 1 0.00658333 
14 21
0 0.993417 1 0.00658333 
14 22
0 0.986877 1 0.0131233 
14 23
0 0.993417 1 0.00658333 
15 0
0 0.993417 1 0.00658333 
15 1
0 0.993417 1 0.00658333 
15 2
0 0.993417 1 0.00658333 
15 3
0 0.993417 1 0.00658333 
15 4
0 0.993417 1 0.00658333 
15 5
0 0.993417 1 0.00658333 
15 6
0 0.993417 1 0.00658333 
15 7
0 0.993417 1 0.00658333 
15 8
0 0.993417 1 0.00658333 
15 9
0 0.993417 1 0.00658333 
15 10
0 0.993417 1 0.00658333 
15 11
0 0.993417 1 0.00658333 
15 12
0 0.993417 1 0.00658333 
15 13
0 0.986877 1 0.0131233 
15 14
0 0.993417 1 0.00658333 
15 16
0 0.993417 1 0.00658333 
15 17
0 0.986877 1 0.0131233 
15 18
0 0.986877 1 0.0131233 
15 19
0 0.993417 1 0.00658333 
15 20
0 0.993417 1 0.00658333 
15 21
0 0.993417 1 0.00658333 
15 22
0 0.986877 1 0.0131233 
15 23
0 0.993417 1 0.00658333 
16 0
0 0.993417 1 0.00658333 
16 1
0 0.993417 1 0.00658333 
16 2
0 0.993417 1 0.00658333 
16 3
0 0.993417 1 0.00658333 
16 4
0 0.993417 1 0.00658333 
16 5
0 0.993417 1 0.00658333 
16 6
0 0.993417 1 0.00658333 
16 7
0 0.993417 1 0.00658333 
16 8
0 0.993417 1 0.00658333 
16 9
0 0.993417 1 0.00658333 
16 10
0 0.993417 1 0.00658333 
16 11
0 0.993417 1 0.00658333 
16 12
0 0.993417 1 0.00658333 
16 13
0 0.986877 1 0.0131233 
16 14
0 0.993417 1 0.00658333 
16 15
0 0.993417 1 0.00658333 
16 17
0 0.986877 1 0.0131233 
16 18
0 0.986877 1 0.0131233 
16 19
0 0.993417 1 0.00658333 
16 20
0 0.993417 1 0.00658333 
16 21
0 0.993417 1 0.00658333 
16 22
0 0.986877 1 0.0131233 
16 23
0 0.993417 1 0.00658333 
17 0
0 0.986877 1 0.0131233 
17 1
0 0.986877 1 0.0131233 
17 2
0 0.986877 1 0.0131233 
17 3
0 0.986877 1 0.0131233 
17 4
0 0.986877 1 0.0131233 
17 5
0 0.986877 1 0.0131233 
17 6
0 0.986877 1 0.0131233 
17 7
0 0.986877 1 0.0131233 
17 8
0 0.986877 1 0.0131233 
17 9
0 0.986877 1 0.0131233 
17 10
0 0.986877 1 0.0131233 
17 11
0 0.986877 1 0.0131233 
17 12
0 0.986877 1 0.0131233 
17 13
0 0.616551 1 0.383449 
17 14
0 0.986877 1 0.0131233 
17 15
0 0.986877 1 0.0131233 
17 16
0 0.986877 1 0.0131233 
17 18
0 0.616551 1 0.383449 
17 19
0 0.986877 1 0.0131233 
17 20
0 0.986877 1 0.0131233 
17 21
0 0.986877 1 0.0131233 
17 22
0 0.616551 1 0.383449 
17 23
0 0.986877 1 0.0131233 
18 0
0 0.986877 1 0.0131233 
18 1
0 0.986877 1 0.0131233 
18 2
0 0.986877 1 0.0131233 
18 3
0 0.986877 1 0.0131233 
18 4
0 0.986877 1 0.0131233 
18 5
0 0.986877 1 0.0131233 
18 6
0 0.986877 1 0.0131233 
18 7
0 0.986877 1 0.0131233 
18 8
0 0.986877 1 0.0131233 
18 9
0 0.986877 1 0.0131233 
18 10
0 0.986877 1 0.0131233 
18 11
0 0.986877 1 0.0131233 
18 12
0 0.986877 1 0.0131233 
18 13
0 0.616551 1 0.383449 
18 14
0 0.986877 1 0.0131233 
18 15
0 0.986877 1 0.0131233 
18 16
0 0.986877 1 0.0131233 
18 17
0 0.616551 1 0.383449 
18 19
0 0.986877 1 0.0131233 
18 20
0 0.986877 1 0.0131233 
18 21
0 0.986877 1 0.0131233 
18 22
0 0.616551 1 0.383449 
18 23
0 0.986877 1 0.0131233 
19 0
0 0.993417 1 0.00658333 
19 1
0 0.993417 1 0.00658333 
19 2
0 0.993417 1 0.00658333 
19 3
0 0.993417 1 0.00658333 
19 4
0 0.993417 1 0.00658333 
19 5
0 0.993417 1 0.00658333 
19 6
0 0.993417 1 0.00658333 
19 7
0 0.993417 1 0.00658333 
19 8
0 0.993417 1 0.00658333 
19 9
0 0.993417 1 0.00658333 
19 10
0 0.993417 1 0.00658333 
19 11
0 0.993417 1 0.00658333 
19 12
0 0.993417 1 0.00658333 
19 13
0 0.986877 1 0.0131233 
19 14
0 0.993417 1 0.00658333 
19 15
0 0.993417 1 0.00658333 
19 16
0 0.993417 1 0.00658333 
19 17
0 0.986877 1 0.0131233 
19 18
0 0.986877 1 0.0131233 
19 20
0 0.993417 1 0.00658333 
19 21
0 0.993417 1 0.00658333 
19 22
0 0.986877 1 0.0131233 
19 23
0 0.993417 1 0.00658333 
20 0
0 0.993417 1 0.00658333 
20 1
0 0.993417 1 0.00658333 
20 2
0 0.993417 1 0.00658333 
20 3
0 0.993417 1 0.00658333 
20 4
0 0.993417 1 0.00658333 
20 5
0 0.993417 1 0.00658333 
20 6
0 0.993417 1 0.00658333 
20 7
0 0.993417 1 0.00658333 
20 8
0 0.993417 1 0.00658333 
20 9
0 0.993417 1 0.00658333 
20 10
0 0.993417 1 0.00658333 
20 11
0 0.993417 1 0.00658333 
20 12
0 0.993417 1 0.00658333 
20 13
0 0.986877 1 0.0131233 
20 14
0 0.993417 1 0.00658333 
20 15
0 0.993417 1 0.00658333 
20 16
0 0.993417 1 0.00658333 
20 17
0 0.986877 1 0.0131233 
20 18
0 0.986877 1 0.0131233 
20 19
0 0.993417 1 0.00658333 
20 21
0 0.993417 1 0.00658333 
20 22
0 0.986877 1 0.0131233 
20 23
0 0.993417 1 0.00658333 
21 0
0 0.993417 1 0.00658333 
21 1
0 0.993417 1 0.00658333 
21 2
0 0.993417 1 0.00658333 
21 3
0 0.993417 1 0.00658333 
21 4
0 0.993417 1 0.00658333 
21 5
0 0.993417 1 0.00658333 
21 6
0 0.993417 1 0.00658333 
21 7
0 0.993417 1 0.00658333 
21 8
0 0.993417 1 0.00658333 
21 9
0 0.993417 1 0.00658333 
21 10
0 0.993417 1 0.00658333 
21 11
0 0.993417 1 0.00658333 
21 12
0 0.993417 1 0.00658333 
21 13
0 0.986877 1 0.0131233 
21 14
0 0.993417 1 0.00658333 
21 15
0 0.993417 1 0.00658333 
21 16
0 0.993417 1 0.00658333 
21 17
0 0.986877 1 0.0131233 
21 18
0 0.986877 1 0.0131233 
21 19
0 0.993417 1 0.00658333 
21 20
0 0.993417 1 0.00658333 
21 22
0 0.986877 1 0.0131233 
21 23
0 0.993417 1 0.00658333 
22 0
0 0.986877 1 0.0131233 
22 1
0 0.986877 1 0.0131233 
22 2
0 0.986877 1 0.0131233 
22 3
0 0.986877 1 0.0131233 
22 4
0 0.986877 1 0.0131233 
22 5
0 0.986877 1 0.0131233 
22 6
0 0.986877 1 0.0131233 
22 7
0 0.986877 1 0.0131233 
22 8
0 0.986877 1 0.0131233 
22 9
0 0.986877 1 0.0131233 
22 10
0 0.986877 1 0.0131233 
22 11
0 0.986877 1 0.0131233 
22 12
0 0.986877 1 0.0131233 
22 13
0 0.616551 1 0.383449 
22 14
0 0.986877 1 0.0131233 
22 15
0 0.986877 1 0.0131233 
22 16
0 0.986877 1 0.0131233 
22 17
0 0.616551 1 0.383449 
22 18
0 0.616551 1 0.383449 
22 19
0 0.986877 1 0.0131233 
22 20
0 0.986877 1 0.0131233 
22 21
0 0.986877 1 0.0131233 
22 23
0 0.986877 1 0.0131233 
23 0
0 0.993417 1 0.00658333 
23 1
0 0.993417 1 0.00658333 
23 2
0 0.993417 1 0.00658333 
23 3
0 0.993417 1 0.00658333 
23 4
0 0.993417 1 0.00658333 
23 5
0 0.993417 1 0.00658333 
23 6
0 0.993417 1 0.00658333 
23 7
0 0.993417 1 0.00658333 
23 8
0 0.993417 1 0.00658333 
23 9
0 0.993417 1 0.00658333 
23 10
0 0.993417 1 0.00658333 
23 11
0 0.993417 1 0.00658333 
23 12
0 0.993417 1 0.00658333 
23 13
0 0.986877 1 0.0131233 
23 14
0 0.993417 1 0.00658333 
23 15
0 0.993417 1 0.00658333 
23 16
0 0.993417 1 0.00658333 
23 17
0 0.986877 1 0.0131233 
23 18
0 0.986877 1 0.0131233 
23 19
0 0.993417 1 0.00658333 
23 20
0 0.993417 1 0.00658333 
23 21
0 0.993417 1 0.00658333 
23 22
0 0.986877 1 0.0131233 
