c 	gr24_tsp_24_4_4_6_44_50_13_212_0_0_0_100_3906865_0_0
c 	nn 24
c 	nm 4
c 	oComp 4
c 	ooProb 0.0176757
c 	coProb 0.0350389
c 	ooD 0.707027
c 	coD 5.60622
c 	ccD 6.31325
c 	totD 12.6265
c 	ooD/totD 0.0559954
c 	coD/totD 0.444005
c 	ccD/totD 0.5
c 	ccEval 0.526104
c 	ooN 40
c 	coN 160
c 	ccN 12
c 	totN 212
c 	totN / nn(nn-1)=0.384058
c 	 TYPE: TSPLIB
24
257 187 91 150 80 130 134 243 185 214 70 272 219 293 54 211 290 268 261 175 250 192 121 
257 196 228 112 196 167 154 209 86 223 191 180 83 50 219 74 139 53 43 128 99 228 142 
187 196 158 96 88 59 63 286 124 49 121 315 172 232 92 81 98 138 200 76 89 235 99 
91 228 158 120 77 101 105 159 156 185 27 188 149 264 82 182 261 239 232 146 221 108 84 
150 112 96 120 63 56 34 190 40 123 83 193 79 148 119 105 144 123 98 32 105 119 35 
80 196 88 77 63 25 29 216 124 115 47 245 139 232 31 150 176 207 200 76 189 165 29 
130 167 59 101 56 25 22 229 95 86 64 258 134 203 43 121 164 178 171 47 160 178 42 
134 154 63 105 34 29 22 225 82 90 68 228 112 190 58 108 136 165 131 30 147 154 36 
243 209 286 159 190 216 229 225 207 313 173 29 126 248 238 310 389 367 166 222 349 71 220 
185 86 124 156 40 124 95 82 207 151 119 159 62 122 147 37 116 86 90 56 76 136 70 
214 223 49 185 123 115 86 90 313 151 148 342 199 259 84 160 147 187 227 103 138 262 126 
70 191 121 27 83 47 64 68 173 119 148 209 153 227 53 145 224 202 195 109 184 110 55 
272 180 315 188 193 245 258 228 29 159 342 209 97 219 267 196 275 227 137 225 235 74 249 
219 83 172 149 79 139 134 112 126 62 199 153 97 134 170 99 178 130 69 104 138 96 104 
293 50 232 264 148 232 203 190 248 122 259 227 219 134 255 125 154 68 82 164 114 264 178 
54 219 92 82 119 31 43 58 238 147 84 53 267 170 255 173 190 230 223 99 212 187 60 
211 74 81 182 105 150 121 108 310 37 160 145 196 99 125 173 79 57 90 57 39 182 96 
290 139 98 261 144 176 164 136 389 116 147 224 275 178 154 190 79 86 176 112 40 261 175 
268 53 138 239 123 207 178 165 367 86 187 202 227 130 68 230 57 86 90 114 46 239 153 
261 43 200 232 98 200 171 131 166 90 227 195 137 69 82 223 90 176 90 134 136 165 146 
175 128 76 146 32 76 47 30 222 56 103 109 225 104 164 99 57 112 114 134 96 151 47 
250 99 89 221 105 189 160 147 349 76 138 184 235 138 114 212 39 40 46 136 96 221 135 
192 228 235 108 119 165 178 154 71 136 262 110 74 96 264 187 182 261 239 165 151 221 169 
121 142 99 84 35 29 42 36 220 70 126 55 249 104 178 60 96 175 153 146 47 135 169 
212
0 5
0 0.964961 1 0.0350389 
0 8
0 0.982324 1 0.0176757 
0 12
0 0.982324 1 0.0176757 
0 13
0 0.982324 1 0.0176757 
0 14
0 0.964961 1 0.0350389 
0 15
0 0.964961 1 0.0350389 
0 19
0 0.964961 1 0.0350389 
1 5
0 0.964961 1 0.0350389 
1 14
0 0.964961 1 0.0350389 
1 15
0 0.964961 1 0.0350389 
1 19
0 0.964961 1 0.0350389 
1 21
0 0.982324 1 0.0176757 
2 0
0 0.982324 1 0.0176757 
2 5
0 0.964961 1 0.0350389 
2 14
0 0.964961 1 0.0350389 
2 15
0 0.964961 1 0.0350389 
2 19
0 0.964961 1 0.0350389 
3 5
0 0.964961 1 0.0350389 
3 6
0 0.982324 1 0.0176757 
3 14
0 0.964961 1 0.0350389 
3 15
0 0.964961 1 0.0350389 
3 18
0 0.982324 1 0.0176757 
3 19
0 0.964961 1 0.0350389 
4 5
0 0.964961 1 0.0350389 
4 14
0 0.964961 1 0.0350389 
4 15
0 0.964961 1 0.0350389 
4 19
0 0.964961 1 0.0350389 
5 0
0 0.964961 1 0.0350389 
5 1
0 0.964961 1 0.0350389 
5 2
0 0.964961 1 0.0350389 
5 3
0 0.964961 1 0.0350389 
5 4
0 0.964961 1 0.0350389 
5 6
0 0.964961 1 0.0350389 
5 7
0 0.964961 1 0.0350389 
5 8
0 0.964961 1 0.0350389 
5 9
0 0.964961 1 0.0350389 
5 10
0 0.964961 1 0.0350389 
5 11
0 0.964961 1 0.0350389 
5 12
0 0.964961 1 0.0350389 
5 13
0 0.964961 1 0.0350389 
5 14
0 0.486948 1 0.5 2 0.0130521 
5 15
0 0.486948 1 0.5 2 0.0130521 
5 16
0 0.964961 1 0.0350389 
5 17
0 0.964961 1 0.0350389 
5 18
0 0.964961 1 0.0350389 
5 19
0 0.486948 1 0.5 2 0.0130521 
5 20
0 0.964961 1 0.0350389 
5 21
0 0.964961 1 0.0350389 
5 22
0 0.964961 1 0.0350389 
5 23
0 0.964961 1 0.0350389 
6 4
0 0.982324 1 0.0176757 
6 5
0 0.964961 1 0.0350389 
6 14
0 0.964961 1 0.0350389 
6 15
0 0.964961 1 0.0350389 
6 19
0 0.964961 1 0.0350389 
7 5
0 0.964961 1 0.0350389 
7 14
0 0.964961 1 0.0350389 
7 15
0 0.964961 1 0.0350389 
7 19
0 0.964961 1 0.0350389 
7 21
0 0.982324 1 0.0176757 
8 0
0 0.982324 1 0.0176757 
8 5
0 0.964961 1 0.0350389 
8 6
0 0.982324 1 0.0176757 
8 12
0 0.982324 1 0.0176757 
8 14
0 0.964961 1 0.0350389 
8 15
0 0.964961 1 0.0350389 
8 19
0 0.964961 1 0.0350389 
8 21
0 0.982324 1 0.0176757 
8 22
0 0.982324 1 0.0176757 
9 4
0 0.982324 1 0.0176757 
9 5
0 0.964961 1 0.0350389 
9 14
0 0.964961 1 0.0350389 
9 15
0 0.964961 1 0.0350389 
9 18
0 0.982324 1 0.0176757 
9 19
0 0.964961 1 0.0350389 
10 5
0 0.964961 1 0.0350389 
10 12
0 0.982324 1 0.0176757 
10 14
0 0.964961 1 0.0350389 
10 15
0 0.964961 1 0.0350389 
10 19
0 0.964961 1 0.0350389 
10 23
0 0.982324 1 0.0176757 
11 5
0 0.964961 1 0.0350389 
11 7
0 0.982324 1 0.0176757 
11 14
0 0.964961 1 0.0350389 
11 15
0 0.964961 1 0.0350389 
11 17
0 0.982324 1 0.0176757 
11 19
0 0.964961 1 0.0350389 
12 5
0 0.964961 1 0.0350389 
12 7
0 0.982324 1 0.0176757 
12 9
0 0.982324 1 0.0176757 
12 10
0 0.982324 1 0.0176757 
12 14
0 0.964961 1 0.0350389 
12 15
0 0.964961 1 0.0350389 
12 19
0 0.964961 1 0.0350389 
13 5
0 0.964961 1 0.0350389 
13 6
0 0.982324 1 0.0176757 
13 10
0 0.982324 1 0.0176757 
13 14
0 0.964961 1 0.0350389 
13 15
0 0.964961 1 0.0350389 
13 19
0 0.964961 1 0.0350389 
13 22
0 0.982324 1 0.0176757 
14 0
0 0.964961 1 0.0350389 
14 1
0 0.964961 1 0.0350389 
14 2
0 0.964961 1 0.0350389 
14 3
0 0.964961 1 0.0350389 
14 4
0 0.964961 1 0.0350389 
14 5
0 0.486948 1 0.5 2 0.0130521 
14 6
0 0.964961 1 0.0350389 
14 7
0 0.964961 1 0.0350389 
14 8
0 0.964961 1 0.0350389 
14 9
0 0.964961 1 0.0350389 
14 10
0 0.964961 1 0.0350389 
14 11
0 0.964961 1 0.0350389 
14 12
0 0.964961 1 0.0350389 
14 13
0 0.964961 1 0.0350389 
14 15
0 0.486948 1 0.5 2 0.0130521 
14 16
0 0.964961 1 0.0350389 
14 17
0 0.964961 1 0.0350389 
14 18
0 0.964961 1 0.0350389 
14 19
0 0.486948 1 0.5 2 0.0130521 
14 20
0 0.964961 1 0.0350389 
14 21
0 0.964961 1 0.0350389 
14 22
0 0.964961 1 0.0350389 
14 23
0 0.964961 1 0.0350389 
15 0
0 0.964961 1 0.0350389 
15 1
0 0.964961 1 0.0350389 
15 2
0 0.964961 1 0.0350389 
15 3
0 0.964961 1 0.0350389 
15 4
0 0.964961 1 0.0350389 
15 5
0 0.486948 1 0.5 2 0.0130521 
15 6
0 0.964961 1 0.0350389 
15 7
0 0.964961 1 0.0350389 
15 8
0 0.964961 1 0.0350389 
15 9
0 0.964961 1 0.0350389 
15 10
0 0.964961 1 0.0350389 
15 11
0 0.964961 1 0.0350389 
15 12
0 0.964961 1 0.0350389 
15 13
0 0.964961 1 0.0350389 
15 14
0 0.486948 1 0.5 2 0.0130521 
15 16
0 0.964961 1 0.0350389 
15 17
0 0.964961 1 0.0350389 
15 18
0 0.964961 1 0.0350389 
15 19
0 0.486948 1 0.5 2 0.0130521 
15 20
0 0.964961 1 0.0350389 
15 21
0 0.964961 1 0.0350389 
15 22
0 0.964961 1 0.0350389 
15 23
0 0.964961 1 0.0350389 
16 2
0 0.982324 1 0.0176757 
16 4
0 0.982324 1 0.0176757 
16 5
0 0.964961 1 0.0350389 
16 14
0 0.964961 1 0.0350389 
16 15
0 0.964961 1 0.0350389 
16 19
0 0.964961 1 0.0350389 
17 0
0 0.982324 1 0.0176757 
17 2
0 0.982324 1 0.0176757 
17 5
0 0.964961 1 0.0350389 
17 10
0 0.982324 1 0.0176757 
17 12
0 0.982324 1 0.0176757 
17 14
0 0.964961 1 0.0350389 
17 15
0 0.964961 1 0.0350389 
17 16
0 0.982324 1 0.0176757 
17 19
0 0.964961 1 0.0350389 
17 23
0 0.982324 1 0.0176757 
18 5
0 0.964961 1 0.0350389 
18 7
0 0.982324 1 0.0176757 
18 14
0 0.964961 1 0.0350389 
18 15
0 0.964961 1 0.0350389 
18 19
0 0.964961 1 0.0350389 
18 21
0 0.982324 1 0.0176757 
19 0
0 0.964961 1 0.0350389 
19 1
0 0.964961 1 0.0350389 
19 2
0 0.964961 1 0.0350389 
19 3
0 0.964961 1 0.0350389 
19 4
0 0.964961 1 0.0350389 
19 5
0 0.486948 1 0.5 2 0.0130521 
19 6
0 0.964961 1 0.0350389 
19 7
0 0.964961 1 0.0350389 
19 8
0 0.964961 1 0.0350389 
19 9
0 0.964961 1 0.0350389 
19 10
0 0.964961 1 0.0350389 
19 11
0 0.964961 1 0.0350389 
19 12
0 0.964961 1 0.0350389 
19 13
0 0.964961 1 0.0350389 
19 14
0 0.486948 1 0.5 2 0.0130521 
19 15
0 0.486948 1 0.5 2 0.0130521 
19 16
0 0.964961 1 0.0350389 
19 17
0 0.964961 1 0.0350389 
19 18
0 0.964961 1 0.0350389 
19 20
0 0.964961 1 0.0350389 
19 21
0 0.964961 1 0.0350389 
19 22
0 0.964961 1 0.0350389 
19 23
0 0.964961 1 0.0350389 
20 5
0 0.964961 1 0.0350389 
20 14
0 0.964961 1 0.0350389 
20 15
0 0.964961 1 0.0350389 
20 19
0 0.964961 1 0.0350389 
21 1
0 0.982324 1 0.0176757 
21 2
0 0.982324 1 0.0176757 
21 4
0 0.982324 1 0.0176757 
21 5
0 0.964961 1 0.0350389 
21 14
0 0.964961 1 0.0350389 
21 15
0 0.964961 1 0.0350389 
21 19
0 0.964961 1 0.0350389 
22 5
0 0.964961 1 0.0350389 
22 14
0 0.964961 1 0.0350389 
22 15
0 0.964961 1 0.0350389 
22 19
0 0.964961 1 0.0350389 
22 20
0 0.982324 1 0.0176757 
23 5
0 0.964961 1 0.0350389 
23 14
0 0.964961 1 0.0350389 
23 15
0 0.964961 1 0.0350389 
23 19
0 0.964961 1 0.0350389 
