c 	gr48_tsp_48_4_full_36_14_50_18_2256_0_0_0_100_5685854_0_0
c 	nn 48
c 	nm 4
c 	oComp 86
c 	ooProb 0.00349071
c 	coProb 0.00696923
c 	ooD 6.60442
c 	coD 2.45317
c 	ccD 9.05758
c 	totD 18.1152
c 	ooD/totD 0.364579
c 	coD/totD 0.135421
c 	ccD/totD 0.5
c 	ccEval 0.754799
c 	ooN 1892
c 	coN 352
c 	ccN 12
c 	totN 2256
c 	totN / nn(nn-1)=1
c 	 TYPE: TSPLIB
48
593 409 566 633 257 91 412 378 593 150 659 80 434 455 134 649 259 505 710 488 353 324 605 372 330 581 154 70 606 585 544 496 317 648 211 475 654 710 585 246 788 446 166 523 235 369 121 
593 258 331 586 602 509 627 755 416 598 488 566 893 417 583 945 364 354 117 784 641 275 287 229 484 877 460 523 183 427 840 525 289 68 660 137 151 239 135 373 208 162 437 81 371 205 570 
409 258 171 723 522 325 506 634 564 414 630 382 699 433 399 824 180 110 375 663 520 91 431 39 361 756 276 339 216 563 719 595 105 316 476 295 319 487 385 183 456 111 247 188 187 289 386 
566 331 171 874 679 482 663 791 721 571 787 539 856 590 566 981 337 70 354 820 677 248 588 196 518 913 433 496 147 720 876 751 262 362 633 452 266 546 458 340 488 268 404 255 344 446 543 
633 586 723 874 390 598 227 397 271 488 205 572 524 313 530 446 555 819 679 289 282 638 313 686 378 370 612 569 715 179 311 147 631 584 466 437 755 616 499 745 724 624 749 596 581 537 518 
257 602 522 679 390 228 169 175 445 112 511 196 231 304 154 423 272 618 693 262 110 437 445 485 119 355 298 191 719 437 318 253 430 598 74 428 767 660 535 472 738 559 435 636 348 328 142 
91 509 325 482 598 228 383 349 509 120 575 77 405 371 105 620 175 421 626 459 324 240 520 288 260 552 63 27 522 501 515 468 233 564 182 391 570 626 501 237 704 362 150 439 151 286 84 
412 627 506 663 227 169 383 167 293 267 304 351 303 228 309 357 338 602 720 196 61 421 470 469 150 289 453 346 703 196 252 85 414 625 243 452 751 687 562 528 765 543 590 620 364 355 297 
378 755 634 791 397 175 349 167 429 233 470 317 138 394 275 280 466 730 848 119 125 549 598 597 278 212 419 312 831 362 175 251 542 753 171 580 879 815 690 656 893 671 556 648 469 483 263 
593 416 564 721 271 445 509 293 429 541 76 563 595 158 575 649 403 660 533 488 353 486 143 511 323 581 460 516 549 80 508 208 479 418 489 271 561 443 333 593 558 458 597 430 429 371 570 
150 598 414 571 488 112 120 267 233 541 607 63 289 399 34 504 264 509 715 343 208 329 610 397 174 436 190 83 611 532 399 351 332 653 66 480 659 715 590 364 793 451 402 528 240 375 35 
659 488 630 787 205 511 575 304 470 76 607 629 606 224 638 648 469 728 610 502 364 552 215 578 389 571 526 589 615 108 494 236 545 484 555 337 627 509 399 659 624 524 663 496 495 437 636 
80 566 382 539 572 196 77 351 317 563 63 629 373 425 29 588 232 478 683 427 292 297 577 345 276 520 158 47 579 558 483 435 290 621 150 448 627 683 558 332 761 419 295 496 208 343 29 
434 893 699 856 524 231 405 303 138 595 289 606 373 530 298 416 549 795 986 255 261 614 734 662 414 348 475 368 896 498 311 387 607 891 227 718 944 953 828 649 1031 736 612 813 525 554 319 
455 417 433 590 313 304 371 228 394 158 399 224 425 530 434 584 265 529 534 423 288 348 144 396 185 516 322 385 546 163 479 162 341 415 351 268 558 440 330 455 555 455 459 427 291 269 432 
134 583 399 566 530 154 105 309 275 575 34 638 29 298 434 546 249 494 700 385 250 314 595 361 207 478 175 68 596 567 441 393 307 638 108 465 644 700 575 349 778 436 387 513 225 360 36 
649 945 824 981 446 423 620 357 280 649 504 648 588 416 584 546 656 920 1038 161 315 739 788 787 468 84 690 583 1021 552 154 441 732 943 432 770 1069 1005 880 846 1083 861 827 938 682 673 534 
259 364 180 337 555 272 175 338 466 403 264 469 232 549 265 249 656 276 481 495 352 95 352 143 193 588 126 189 377 395 551 427 88 395 326 222 425 457 332 202 535 217 189 294 32 116 236 
505 354 110 70 819 618 421 602 730 660 509 728 478 795 529 494 920 276 345 759 616 187 527 135 475 852 372 435 139 659 815 691 201 412 572 391 262 583 481 279 552 207 343 284 283 385 482 
710 117 375 354 679 693 626 720 848 533 715 610 683 986 534 700 1038 481 345 877 734 392 404 346 577 970 577 640 209 544 933 646 406 95 777 254 103 279 215 490 188 279 554 193 488 322 687 
488 784 663 820 289 262 459 196 119 488 343 502 427 255 423 385 161 495 759 877 154 578 627 626 307 93 529 422 860 391 65 280 571 782 271 609 908 844 719 685 922 700 666 777 521 512 373 
353 641 520 677 282 110 324 61 125 353 208 364 292 261 288 250 315 352 616 734 154 435 484 483 164 247 396 287 717 256 210 145 428 639 184 466 765 701 576 542 779 557 531 634 378 369 238 
324 275 91 248 638 437 240 421 549 486 329 552 297 614 348 314 739 95 187 392 578 435 385 54 276 671 191 254 288 478 634 509 21 333 391 255 336 490 365 157 473 128 221 205 103 149 301 
605 287 431 588 313 445 520 470 598 143 610 215 577 734 144 595 788 352 527 404 627 484 385 377 326 720 471 534 416 154 683 249 407 285 492 138 428 310 200 525 425 325 589 297 384 238 581 
372 229 39 196 686 485 288 469 597 511 397 578 345 662 396 361 787 143 135 346 626 483 54 377 324 719 239 302 242 526 682 558 68 287 439 241 290 458 356 144 427 82 208 159 150 230 349 
330 484 361 518 378 119 260 150 278 323 174 389 276 414 185 207 468 193 475 577 307 164 276 326 324 400 250 249 558 318 363 239 269 482 166 309 606 544 419 383 622 398 372 475 219 209 222 
581 877 756 913 370 355 552 289 212 581 436 571 520 348 516 478 84 588 852 970 93 247 671 720 719 400 622 515 953 484 77 373 664 875 364 702 1001 937 812 778 1015 793 759 870 614 605 466 
154 460 276 433 612 298 63 453 419 460 190 526 158 475 322 175 690 126 372 577 529 396 191 471 239 250 622 115 473 452 585 538 184 515 252 342 521 577 452 174 655 313 137 390 94 237 162 
70 523 339 496 569 191 27 346 312 516 83 589 47 368 385 68 583 189 435 640 422 287 254 534 302 249 515 115 536 515 479 430 247 578 145 405 584 640 515 289 718 376 177 453 165 300 55 
606 183 216 147 715 719 522 703 831 549 611 615 579 896 546 596 1021 377 139 209 860 717 288 416 242 558 953 473 536 556 916 654 302 209 673 287 122 393 318 386 343 175 450 119 384 352 583 
585 427 563 720 179 437 501 196 362 80 532 108 558 498 163 567 552 395 659 544 391 256 478 154 526 318 484 452 515 556 399 128 471 425 438 278 568 450 340 585 565 465 589 437 421 378 562 
544 840 719 876 311 318 515 252 175 508 399 494 483 311 479 441 154 551 815 933 65 210 634 683 682 363 77 585 479 916 399 336 627 838 327 665 964 900 775 741 978 756 722 833 577 568 429 
496 525 595 751 147 253 468 85 251 208 351 236 435 387 162 393 441 427 691 646 280 145 509 249 558 239 373 538 430 654 128 336 503 523 327 376 666 548 438 618 663 563 675 535 454 445 381 
317 289 105 262 631 430 233 414 542 479 332 545 290 607 341 307 732 88 201 406 571 428 21 407 68 269 664 184 247 302 471 627 503 347 384 277 350 512 387 132 487 142 196 219 92 172 294 
648 68 316 362 584 598 564 625 753 418 653 484 621 891 415 638 943 395 412 95 782 639 333 285 287 482 875 515 578 209 425 838 523 347 715 167 169 179 120 431 138 220 495 139 429 281 625 
211 660 476 633 466 74 182 243 171 489 66 555 150 227 351 108 432 326 572 777 271 184 391 492 439 166 364 252 145 673 438 327 327 384 715 542 721 777 652 426 855 513 389 590 302 436 96 
475 137 295 452 437 428 391 452 580 271 480 337 448 718 268 465 770 222 391 254 609 466 255 138 241 309 702 342 405 287 278 665 376 277 167 542 299 229 104 395 307 187 459 168 254 108 452 
654 151 319 266 755 767 570 751 879 561 659 627 627 944 558 644 1069 425 262 103 908 765 336 428 290 606 1001 521 584 122 568 964 666 350 169 721 299 353 289 434 284 223 498 131 432 332 631 
710 239 487 546 616 660 626 687 815 443 715 509 683 953 440 700 1005 457 583 279 844 701 490 310 458 544 937 577 640 393 450 900 548 512 179 777 229 353 121 630 138 391 694 310 489 343 687 
585 135 385 458 499 535 501 562 690 333 590 399 558 828 330 575 880 332 481 215 719 576 365 200 356 419 812 452 515 318 340 775 438 387 120 652 104 289 121 505 235 289 569 208 364 218 562 
246 373 183 340 745 472 237 528 656 593 364 659 332 649 455 349 846 202 279 490 685 542 157 525 144 383 778 174 289 386 585 741 618 132 431 426 395 434 630 505 571 226 80 303 165 290 336 
788 208 456 488 724 738 704 765 893 558 793 624 761 1031 555 778 1083 535 552 188 922 779 473 425 427 622 1015 655 718 343 565 978 663 487 138 855 307 284 138 235 571 360 635 279 569 421 765 
446 162 111 268 624 559 362 543 671 458 451 524 419 736 455 436 861 217 207 279 700 557 128 325 82 398 793 313 376 175 465 756 563 142 220 513 187 223 391 289 226 360 290 92 224 164 423 
166 437 247 404 749 435 150 590 556 597 402 663 295 612 459 387 827 189 343 554 666 531 221 589 208 372 759 137 177 450 589 722 675 196 495 389 459 498 694 569 80 635 290 367 154 354 299 
523 81 188 255 596 636 439 620 648 430 528 496 496 813 427 513 938 294 284 193 777 634 205 297 159 475 870 390 453 119 437 833 535 219 139 590 168 131 310 208 303 279 92 367 301 201 500 
235 371 187 344 581 348 151 364 469 429 240 495 208 525 291 225 682 32 283 488 521 378 103 384 150 219 614 94 165 384 421 577 454 92 429 302 254 432 489 364 165 569 224 154 301 149 212 
369 205 289 446 537 328 286 355 483 371 375 437 343 554 269 360 673 116 385 322 512 369 149 238 230 209 605 237 300 352 378 568 445 172 281 436 108 332 343 218 290 421 164 354 201 149 347 
121 570 386 543 518 142 84 297 263 570 35 636 29 319 432 36 534 236 482 687 373 238 301 581 349 222 466 162 55 583 562 429 381 294 625 96 452 631 687 562 336 765 423 299 500 212 347 
2256
0 1
0 0.996509 1 0.00349071 
0 2
0 0.996509 1 0.00349071 
0 3
0 0.996509 1 0.00349071 
0 4
0 0.996509 1 0.00349071 
0 5
0 0.996509 1 0.00349071 
0 6
0 0.996509 1 0.00349071 
0 7
0 0.996509 1 0.00349071 
0 8
0 0.996509 1 0.00349071 
0 9
0 0.996509 1 0.00349071 
0 10
0 0.996509 1 0.00349071 
0 11
0 0.996509 1 0.00349071 
0 12
0 0.996509 1 0.00349071 
0 13
0 0.996509 1 0.00349071 
0 14
0 0.993031 1 0.00696923 
0 15
0 0.996509 1 0.00349071 
0 16
0 0.996509 1 0.00349071 
0 17
0 0.996509 1 0.00349071 
0 18
0 0.996509 1 0.00349071 
0 19
0 0.993031 1 0.00696923 
0 20
0 0.996509 1 0.00349071 
0 21
0 0.993031 1 0.00696923 
0 22
0 0.996509 1 0.00349071 
0 23
0 0.996509 1 0.00349071 
0 24
0 0.996509 1 0.00349071 
0 25
0 0.996509 1 0.00349071 
0 26
0 0.996509 1 0.00349071 
0 27
0 0.993031 1 0.00696923 
0 28
0 0.996509 1 0.00349071 
0 29
0 0.996509 1 0.00349071 
0 30
0 0.996509 1 0.00349071 
0 31
0 0.996509 1 0.00349071 
0 32
0 0.996509 1 0.00349071 
0 33
0 0.996509 1 0.00349071 
0 34
0 0.996509 1 0.00349071 
0 35
0 0.996509 1 0.00349071 
0 36
0 0.996509 1 0.00349071 
0 37
0 0.996509 1 0.00349071 
0 38
0 0.996509 1 0.00349071 
0 39
0 0.996509 1 0.00349071 
0 40
0 0.996509 1 0.00349071 
0 41
0 0.996509 1 0.00349071 
0 42
0 0.996509 1 0.00349071 
0 43
0 0.996509 1 0.00349071 
0 44
0 0.996509 1 0.00349071 
0 45
0 0.996509 1 0.00349071 
0 46
0 0.996509 1 0.00349071 
0 47
0 0.996509 1 0.00349071 
1 0
0 0.996509 1 0.00349071 
1 2
0 0.996509 1 0.00349071 
1 3
0 0.996509 1 0.00349071 
1 4
0 0.996509 1 0.00349071 
1 5
0 0.996509 1 0.00349071 
1 6
0 0.996509 1 0.00349071 
1 7
0 0.996509 1 0.00349071 
1 8
0 0.996509 1 0.00349071 
1 9
0 0.996509 1 0.00349071 
1 10
0 0.996509 1 0.00349071 
1 11
0 0.996509 1 0.00349071 
1 12
0 0.996509 1 0.00349071 
1 13
0 0.996509 1 0.00349071 
1 14
0 0.993031 1 0.00696923 
1 15
0 0.996509 1 0.00349071 
1 16
0 0.996509 1 0.00349071 
1 17
0 0.996509 1 0.00349071 
1 18
0 0.996509 1 0.00349071 
1 19
0 0.993031 1 0.00696923 
1 20
0 0.996509 1 0.00349071 
1 21
0 0.993031 1 0.00696923 
1 22
0 0.996509 1 0.00349071 
1 23
0 0.996509 1 0.00349071 
1 24
0 0.996509 1 0.00349071 
1 25
0 0.996509 1 0.00349071 
1 26
0 0.996509 1 0.00349071 
1 27
0 0.993031 1 0.00696923 
1 28
0 0.996509 1 0.00349071 
1 29
0 0.996509 1 0.00349071 
1 30
0 0.996509 1 0.00349071 
1 31
0 0.996509 1 0.00349071 
1 32
0 0.996509 1 0.00349071 
1 33
0 0.996509 1 0.00349071 
1 34
0 0.996509 1 0.00349071 
1 35
0 0.996509 1 0.00349071 
1 36
0 0.996509 1 0.00349071 
1 37
0 0.996509 1 0.00349071 
1 38
0 0.996509 1 0.00349071 
1 39
0 0.996509 1 0.00349071 
1 40
0 0.996509 1 0.00349071 
1 41
0 0.996509 1 0.00349071 
1 42
0 0.996509 1 0.00349071 
1 43
0 0.996509 1 0.00349071 
1 44
0 0.996509 1 0.00349071 
1 45
0 0.996509 1 0.00349071 
1 46
0 0.996509 1 0.00349071 
1 47
0 0.996509 1 0.00349071 
2 0
0 0.996509 1 0.00349071 
2 1
0 0.996509 1 0.00349071 
2 3
0 0.996509 1 0.00349071 
2 4
0 0.996509 1 0.00349071 
2 5
0 0.996509 1 0.00349071 
2 6
0 0.996509 1 0.00349071 
2 7
0 0.996509 1 0.00349071 
2 8
0 0.996509 1 0.00349071 
2 9
0 0.996509 1 0.00349071 
2 10
0 0.996509 1 0.00349071 
2 11
0 0.996509 1 0.00349071 
2 12
0 0.996509 1 0.00349071 
2 13
0 0.996509 1 0.00349071 
2 14
0 0.993031 1 0.00696923 
2 15
0 0.996509 1 0.00349071 
2 16
0 0.996509 1 0.00349071 
2 17
0 0.996509 1 0.00349071 
2 18
0 0.996509 1 0.00349071 
2 19
0 0.993031 1 0.00696923 
2 20
0 0.996509 1 0.00349071 
2 21
0 0.993031 1 0.00696923 
2 22
0 0.996509 1 0.00349071 
2 23
0 0.996509 1 0.00349071 
2 24
0 0.996509 1 0.00349071 
2 25
0 0.996509 1 0.00349071 
2 26
0 0.996509 1 0.00349071 
2 27
0 0.993031 1 0.00696923 
2 28
0 0.996509 1 0.00349071 
2 29
0 0.996509 1 0.00349071 
2 30
0 0.996509 1 0.00349071 
2 31
0 0.996509 1 0.00349071 
2 32
0 0.996509 1 0.00349071 
2 33
0 0.996509 1 0.00349071 
2 34
0 0.996509 1 0.00349071 
2 35
0 0.996509 1 0.00349071 
2 36
0 0.996509 1 0.00349071 
2 37
0 0.996509 1 0.00349071 
2 38
0 0.996509 1 0.00349071 
2 39
0 0.996509 1 0.00349071 
2 40
0 0.996509 1 0.00349071 
2 41
0 0.996509 1 0.00349071 
2 42
0 0.996509 1 0.00349071 
2 43
0 0.996509 1 0.00349071 
2 44
0 0.996509 1 0.00349071 
2 45
0 0.996509 1 0.00349071 
2 46
0 0.996509 1 0.00349071 
2 47
0 0.996509 1 0.00349071 
3 0
0 0.996509 1 0.00349071 
3 1
0 0.996509 1 0.00349071 
3 2
0 0.996509 1 0.00349071 
3 4
0 0.996509 1 0.00349071 
3 5
0 0.996509 1 0.00349071 
3 6
0 0.996509 1 0.00349071 
3 7
0 0.996509 1 0.00349071 
3 8
0 0.996509 1 0.00349071 
3 9
0 0.996509 1 0.00349071 
3 10
0 0.996509 1 0.00349071 
3 11
0 0.996509 1 0.00349071 
3 12
0 0.996509 1 0.00349071 
3 13
0 0.996509 1 0.00349071 
3 14
0 0.993031 1 0.00696923 
3 15
0 0.996509 1 0.00349071 
3 16
0 0.996509 1 0.00349071 
3 17
0 0.996509 1 0.00349071 
3 18
0 0.996509 1 0.00349071 
3 19
0 0.993031 1 0.00696923 
3 20
0 0.996509 1 0.00349071 
3 21
0 0.993031 1 0.00696923 
3 22
0 0.996509 1 0.00349071 
3 23
0 0.996509 1 0.00349071 
3 24
0 0.996509 1 0.00349071 
3 25
0 0.996509 1 0.00349071 
3 26
0 0.996509 1 0.00349071 
3 27
0 0.993031 1 0.00696923 
3 28
0 0.996509 1 0.00349071 
3 29
0 0.996509 1 0.00349071 
3 30
0 0.996509 1 0.00349071 
3 31
0 0.996509 1 0.00349071 
3 32
0 0.996509 1 0.00349071 
3 33
0 0.996509 1 0.00349071 
3 34
0 0.996509 1 0.00349071 
3 35
0 0.996509 1 0.00349071 
3 36
0 0.996509 1 0.00349071 
3 37
0 0.996509 1 0.00349071 
3 38
0 0.996509 1 0.00349071 
3 39
0 0.996509 1 0.00349071 
3 40
0 0.996509 1 0.00349071 
3 41
0 0.996509 1 0.00349071 
3 42
0 0.996509 1 0.00349071 
3 43
0 0.996509 1 0.00349071 
3 44
0 0.996509 1 0.00349071 
3 45
0 0.996509 1 0.00349071 
3 46
0 0.996509 1 0.00349071 
3 47
0 0.996509 1 0.00349071 
4 0
0 0.996509 1 0.00349071 
4 1
0 0.996509 1 0.00349071 
4 2
0 0.996509 1 0.00349071 
4 3
0 0.996509 1 0.00349071 
4 5
0 0.996509 1 0.00349071 
4 6
0 0.996509 1 0.00349071 
4 7
0 0.996509 1 0.00349071 
4 8
0 0.996509 1 0.00349071 
4 9
0 0.996509 1 0.00349071 
4 10
0 0.996509 1 0.00349071 
4 11
0 0.996509 1 0.00349071 
4 12
0 0.996509 1 0.00349071 
4 13
0 0.996509 1 0.00349071 
4 14
0 0.993031 1 0.00696923 
4 15
0 0.996509 1 0.00349071 
4 16
0 0.996509 1 0.00349071 
4 17
0 0.996509 1 0.00349071 
4 18
0 0.996509 1 0.00349071 
4 19
0 0.993031 1 0.00696923 
4 20
0 0.996509 1 0.00349071 
4 21
0 0.993031 1 0.00696923 
4 22
0 0.996509 1 0.00349071 
4 23
0 0.996509 1 0.00349071 
4 24
0 0.996509 1 0.00349071 
4 25
0 0.996509 1 0.00349071 
4 26
0 0.996509 1 0.00349071 
4 27
0 0.993031 1 0.00696923 
4 28
0 0.996509 1 0.00349071 
4 29
0 0.996509 1 0.00349071 
4 30
0 0.996509 1 0.00349071 
4 31
0 0.996509 1 0.00349071 
4 32
0 0.996509 1 0.00349071 
4 33
0 0.996509 1 0.00349071 
4 34
0 0.996509 1 0.00349071 
4 35
0 0.996509 1 0.00349071 
4 36
0 0.996509 1 0.00349071 
4 37
0 0.996509 1 0.00349071 
4 38
0 0.996509 1 0.00349071 
4 39
0 0.996509 1 0.00349071 
4 40
0 0.996509 1 0.00349071 
4 41
0 0.996509 1 0.00349071 
4 42
0 0.996509 1 0.00349071 
4 43
0 0.996509 1 0.00349071 
4 44
0 0.996509 1 0.00349071 
4 45
0 0.996509 1 0.00349071 
4 46
0 0.996509 1 0.00349071 
4 47
0 0.996509 1 0.00349071 
5 0
0 0.996509 1 0.00349071 
5 1
0 0.996509 1 0.00349071 
5 2
0 0.996509 1 0.00349071 
5 3
0 0.996509 1 0.00349071 
5 4
0 0.996509 1 0.00349071 
5 6
0 0.996509 1 0.00349071 
5 7
0 0.996509 1 0.00349071 
5 8
0 0.996509 1 0.00349071 
5 9
0 0.996509 1 0.00349071 
5 10
0 0.996509 1 0.00349071 
5 11
0 0.996509 1 0.00349071 
5 12
0 0.996509 1 0.00349071 
5 13
0 0.996509 1 0.00349071 
5 14
0 0.993031 1 0.00696923 
5 15
0 0.996509 1 0.00349071 
5 16
0 0.996509 1 0.00349071 
5 17
0 0.996509 1 0.00349071 
5 18
0 0.996509 1 0.00349071 
5 19
0 0.993031 1 0.00696923 
5 20
0 0.996509 1 0.00349071 
5 21
0 0.993031 1 0.00696923 
5 22
0 0.996509 1 0.00349071 
5 23
0 0.996509 1 0.00349071 
5 24
0 0.996509 1 0.00349071 
5 25
0 0.996509 1 0.00349071 
5 26
0 0.996509 1 0.00349071 
5 27
0 0.993031 1 0.00696923 
5 28
0 0.996509 1 0.00349071 
5 29
0 0.996509 1 0.00349071 
5 30
0 0.996509 1 0.00349071 
5 31
0 0.996509 1 0.00349071 
5 32
0 0.996509 1 0.00349071 
5 33
0 0.996509 1 0.00349071 
5 34
0 0.996509 1 0.00349071 
5 35
0 0.996509 1 0.00349071 
5 36
0 0.996509 1 0.00349071 
5 37
0 0.996509 1 0.00349071 
5 38
0 0.996509 1 0.00349071 
5 39
0 0.996509 1 0.00349071 
5 40
0 0.996509 1 0.00349071 
5 41
0 0.996509 1 0.00349071 
5 42
0 0.996509 1 0.00349071 
5 43
0 0.996509 1 0.00349071 
5 44
0 0.996509 1 0.00349071 
5 45
0 0.996509 1 0.00349071 
5 46
0 0.996509 1 0.00349071 
5 47
0 0.996509 1 0.00349071 
6 0
0 0.996509 1 0.00349071 
6 1
0 0.996509 1 0.00349071 
6 2
0 0.996509 1 0.00349071 
6 3
0 0.996509 1 0.00349071 
6 4
0 0.996509 1 0.00349071 
6 5
0 0.996509 1 0.00349071 
6 7
0 0.996509 1 0.00349071 
6 8
0 0.996509 1 0.00349071 
6 9
0 0.996509 1 0.00349071 
6 10
0 0.996509 1 0.00349071 
6 11
0 0.996509 1 0.00349071 
6 12
0 0.996509 1 0.00349071 
6 13
0 0.996509 1 0.00349071 
6 14
0 0.993031 1 0.00696923 
6 15
0 0.996509 1 0.00349071 
6 16
0 0.996509 1 0.00349071 
6 17
0 0.996509 1 0.00349071 
6 18
0 0.996509 1 0.00349071 
6 19
0 0.993031 1 0.00696923 
6 20
0 0.996509 1 0.00349071 
6 21
0 0.993031 1 0.00696923 
6 22
0 0.996509 1 0.00349071 
6 23
0 0.996509 1 0.00349071 
6 24
0 0.996509 1 0.00349071 
6 25
0 0.996509 1 0.00349071 
6 26
0 0.996509 1 0.00349071 
6 27
0 0.993031 1 0.00696923 
6 28
0 0.996509 1 0.00349071 
6 29
0 0.996509 1 0.00349071 
6 30
0 0.996509 1 0.00349071 
6 31
0 0.996509 1 0.00349071 
6 32
0 0.996509 1 0.00349071 
6 33
0 0.996509 1 0.00349071 
6 34
0 0.996509 1 0.00349071 
6 35
0 0.996509 1 0.00349071 
6 36
0 0.996509 1 0.00349071 
6 37
0 0.996509 1 0.00349071 
6 38
0 0.996509 1 0.00349071 
6 39
0 0.996509 1 0.00349071 
6 40
0 0.996509 1 0.00349071 
6 41
0 0.996509 1 0.00349071 
6 42
0 0.996509 1 0.00349071 
6 43
0 0.996509 1 0.00349071 
6 44
0 0.996509 1 0.00349071 
6 45
0 0.996509 1 0.00349071 
6 46
0 0.996509 1 0.00349071 
6 47
0 0.996509 1 0.00349071 
7 0
0 0.996509 1 0.00349071 
7 1
0 0.996509 1 0.00349071 
7 2
0 0.996509 1 0.00349071 
7 3
0 0.996509 1 0.00349071 
7 4
0 0.996509 1 0.00349071 
7 5
0 0.996509 1 0.00349071 
7 6
0 0.996509 1 0.00349071 
7 8
0 0.996509 1 0.00349071 
7 9
0 0.996509 1 0.00349071 
7 10
0 0.996509 1 0.00349071 
7 11
0 0.996509 1 0.00349071 
7 12
0 0.996509 1 0.00349071 
7 13
0 0.996509 1 0.00349071 
7 14
0 0.993031 1 0.00696923 
7 15
0 0.996509 1 0.00349071 
7 16
0 0.996509 1 0.00349071 
7 17
0 0.996509 1 0.00349071 
7 18
0 0.996509 1 0.00349071 
7 19
0 0.993031 1 0.00696923 
7 20
0 0.996509 1 0.00349071 
7 21
0 0.993031 1 0.00696923 
7 22
0 0.996509 1 0.00349071 
7 23
0 0.996509 1 0.00349071 
7 24
0 0.996509 1 0.00349071 
7 25
0 0.996509 1 0.00349071 
7 26
0 0.996509 1 0.00349071 
7 27
0 0.993031 1 0.00696923 
7 28
0 0.996509 1 0.00349071 
7 29
0 0.996509 1 0.00349071 
7 30
0 0.996509 1 0.00349071 
7 31
0 0.996509 1 0.00349071 
7 32
0 0.996509 1 0.00349071 
7 33
0 0.996509 1 0.00349071 
7 34
0 0.996509 1 0.00349071 
7 35
0 0.996509 1 0.00349071 
7 36
0 0.996509 1 0.00349071 
7 37
0 0.996509 1 0.00349071 
7 38
0 0.996509 1 0.00349071 
7 39
0 0.996509 1 0.00349071 
7 40
0 0.996509 1 0.00349071 
7 41
0 0.996509 1 0.00349071 
7 42
0 0.996509 1 0.00349071 
7 43
0 0.996509 1 0.00349071 
7 44
0 0.996509 1 0.00349071 
7 45
0 0.996509 1 0.00349071 
7 46
0 0.996509 1 0.00349071 
7 47
0 0.996509 1 0.00349071 
8 0
0 0.996509 1 0.00349071 
8 1
0 0.996509 1 0.00349071 
8 2
0 0.996509 1 0.00349071 
8 3
0 0.996509 1 0.00349071 
8 4
0 0.996509 1 0.00349071 
8 5
0 0.996509 1 0.00349071 
8 6
0 0.996509 1 0.00349071 
8 7
0 0.996509 1 0.00349071 
8 9
0 0.996509 1 0.00349071 
8 10
0 0.996509 1 0.00349071 
8 11
0 0.996509 1 0.00349071 
8 12
0 0.996509 1 0.00349071 
8 13
0 0.996509 1 0.00349071 
8 14
0 0.993031 1 0.00696923 
8 15
0 0.996509 1 0.00349071 
8 16
0 0.996509 1 0.00349071 
8 17
0 0.996509 1 0.00349071 
8 18
0 0.996509 1 0.00349071 
8 19
0 0.993031 1 0.00696923 
8 20
0 0.996509 1 0.00349071 
8 21
0 0.993031 1 0.00696923 
8 22
0 0.996509 1 0.00349071 
8 23
0 0.996509 1 0.00349071 
8 24
0 0.996509 1 0.00349071 
8 25
0 0.996509 1 0.00349071 
8 26
0 0.996509 1 0.00349071 
8 27
0 0.993031 1 0.00696923 
8 28
0 0.996509 1 0.00349071 
8 29
0 0.996509 1 0.00349071 
8 30
0 0.996509 1 0.00349071 
8 31
0 0.996509 1 0.00349071 
8 32
0 0.996509 1 0.00349071 
8 33
0 0.996509 1 0.00349071 
8 34
0 0.996509 1 0.00349071 
8 35
0 0.996509 1 0.00349071 
8 36
0 0.996509 1 0.00349071 
8 37
0 0.996509 1 0.00349071 
8 38
0 0.996509 1 0.00349071 
8 39
0 0.996509 1 0.00349071 
8 40
0 0.996509 1 0.00349071 
8 41
0 0.996509 1 0.00349071 
8 42
0 0.996509 1 0.00349071 
8 43
0 0.996509 1 0.00349071 
8 44
0 0.996509 1 0.00349071 
8 45
0 0.996509 1 0.00349071 
8 46
0 0.996509 1 0.00349071 
8 47
0 0.996509 1 0.00349071 
9 0
0 0.996509 1 0.00349071 
9 1
0 0.996509 1 0.00349071 
9 2
0 0.996509 1 0.00349071 
9 3
0 0.996509 1 0.00349071 
9 4
0 0.996509 1 0.00349071 
9 5
0 0.996509 1 0.00349071 
9 6
0 0.996509 1 0.00349071 
9 7
0 0.996509 1 0.00349071 
9 8
0 0.996509 1 0.00349071 
9 10
0 0.996509 1 0.00349071 
9 11
0 0.996509 1 0.00349071 
9 12
0 0.996509 1 0.00349071 
9 13
0 0.996509 1 0.00349071 
9 14
0 0.993031 1 0.00696923 
9 15
0 0.996509 1 0.00349071 
9 16
0 0.996509 1 0.00349071 
9 17
0 0.996509 1 0.00349071 
9 18
0 0.996509 1 0.00349071 
9 19
0 0.993031 1 0.00696923 
9 20
0 0.996509 1 0.00349071 
9 21
0 0.993031 1 0.00696923 
9 22
0 0.996509 1 0.00349071 
9 23
0 0.996509 1 0.00349071 
9 24
0 0.996509 1 0.00349071 
9 25
0 0.996509 1 0.00349071 
9 26
0 0.996509 1 0.00349071 
9 27
0 0.993031 1 0.00696923 
9 28
0 0.996509 1 0.00349071 
9 29
0 0.996509 1 0.00349071 
9 30
0 0.996509 1 0.00349071 
9 31
0 0.996509 1 0.00349071 
9 32
0 0.996509 1 0.00349071 
9 33
0 0.996509 1 0.00349071 
9 34
0 0.996509 1 0.00349071 
9 35
0 0.996509 1 0.00349071 
9 36
0 0.996509 1 0.00349071 
9 37
0 0.996509 1 0.00349071 
9 38
0 0.996509 1 0.00349071 
9 39
0 0.996509 1 0.00349071 
9 40
0 0.996509 1 0.00349071 
9 41
0 0.996509 1 0.00349071 
9 42
0 0.996509 1 0.00349071 
9 43
0 0.996509 1 0.00349071 
9 44
0 0.996509 1 0.00349071 
9 45
0 0.996509 1 0.00349071 
9 46
0 0.996509 1 0.00349071 
9 47
0 0.996509 1 0.00349071 
10 0
0 0.996509 1 0.00349071 
10 1
0 0.996509 1 0.00349071 
10 2
0 0.996509 1 0.00349071 
10 3
0 0.996509 1 0.00349071 
10 4
0 0.996509 1 0.00349071 
10 5
0 0.996509 1 0.00349071 
10 6
0 0.996509 1 0.00349071 
10 7
0 0.996509 1 0.00349071 
10 8
0 0.996509 1 0.00349071 
10 9
0 0.996509 1 0.00349071 
10 11
0 0.996509 1 0.00349071 
10 12
0 0.996509 1 0.00349071 
10 13
0 0.996509 1 0.00349071 
10 14
0 0.993031 1 0.00696923 
10 15
0 0.996509 1 0.00349071 
10 16
0 0.996509 1 0.00349071 
10 17
0 0.996509 1 0.00349071 
10 18
0 0.996509 1 0.00349071 
10 19
0 0.993031 1 0.00696923 
10 20
0 0.996509 1 0.00349071 
10 21
0 0.993031 1 0.00696923 
10 22
0 0.996509 1 0.00349071 
10 23
0 0.996509 1 0.00349071 
10 24
0 0.996509 1 0.00349071 
10 25
0 0.996509 1 0.00349071 
10 26
0 0.996509 1 0.00349071 
10 27
0 0.993031 1 0.00696923 
10 28
0 0.996509 1 0.00349071 
10 29
0 0.996509 1 0.00349071 
10 30
0 0.996509 1 0.00349071 
10 31
0 0.996509 1 0.00349071 
10 32
0 0.996509 1 0.00349071 
10 33
0 0.996509 1 0.00349071 
10 34
0 0.996509 1 0.00349071 
10 35
0 0.996509 1 0.00349071 
10 36
0 0.996509 1 0.00349071 
10 37
0 0.996509 1 0.00349071 
10 38
0 0.996509 1 0.00349071 
10 39
0 0.996509 1 0.00349071 
10 40
0 0.996509 1 0.00349071 
10 41
0 0.996509 1 0.00349071 
10 42
0 0.996509 1 0.00349071 
10 43
0 0.996509 1 0.00349071 
10 44
0 0.996509 1 0.00349071 
10 45
0 0.996509 1 0.00349071 
10 46
0 0.996509 1 0.00349071 
10 47
0 0.996509 1 0.00349071 
11 0
0 0.996509 1 0.00349071 
11 1
0 0.996509 1 0.00349071 
11 2
0 0.996509 1 0.00349071 
11 3
0 0.996509 1 0.00349071 
11 4
0 0.996509 1 0.00349071 
11 5
0 0.996509 1 0.00349071 
11 6
0 0.996509 1 0.00349071 
11 7
0 0.996509 1 0.00349071 
11 8
0 0.996509 1 0.00349071 
11 9
0 0.996509 1 0.00349071 
11 10
0 0.996509 1 0.00349071 
11 12
0 0.996509 1 0.00349071 
11 13
0 0.996509 1 0.00349071 
11 14
0 0.993031 1 0.00696923 
11 15
0 0.996509 1 0.00349071 
11 16
0 0.996509 1 0.00349071 
11 17
0 0.996509 1 0.00349071 
11 18
0 0.996509 1 0.00349071 
11 19
0 0.993031 1 0.00696923 
11 20
0 0.996509 1 0.00349071 
11 21
0 0.993031 1 0.00696923 
11 22
0 0.996509 1 0.00349071 
11 23
0 0.996509 1 0.00349071 
11 24
0 0.996509 1 0.00349071 
11 25
0 0.996509 1 0.00349071 
11 26
0 0.996509 1 0.00349071 
11 27
0 0.993031 1 0.00696923 
11 28
0 0.996509 1 0.00349071 
11 29
0 0.996509 1 0.00349071 
11 30
0 0.996509 1 0.00349071 
11 31
0 0.996509 1 0.00349071 
11 32
0 0.996509 1 0.00349071 
11 33
0 0.996509 1 0.00349071 
11 34
0 0.996509 1 0.00349071 
11 35
0 0.996509 1 0.00349071 
11 36
0 0.996509 1 0.00349071 
11 37
0 0.996509 1 0.00349071 
11 38
0 0.996509 1 0.00349071 
11 39
0 0.996509 1 0.00349071 
11 40
0 0.996509 1 0.00349071 
11 41
0 0.996509 1 0.00349071 
11 42
0 0.996509 1 0.00349071 
11 43
0 0.996509 1 0.00349071 
11 44
0 0.996509 1 0.00349071 
11 45
0 0.996509 1 0.00349071 
11 46
0 0.996509 1 0.00349071 
11 47
0 0.996509 1 0.00349071 
12 0
0 0.996509 1 0.00349071 
12 1
0 0.996509 1 0.00349071 
12 2
0 0.996509 1 0.00349071 
12 3
0 0.996509 1 0.00349071 
12 4
0 0.996509 1 0.00349071 
12 5
0 0.996509 1 0.00349071 
12 6
0 0.996509 1 0.00349071 
12 7
0 0.996509 1 0.00349071 
12 8
0 0.996509 1 0.00349071 
12 9
0 0.996509 1 0.00349071 
12 10
0 0.996509 1 0.00349071 
12 11
0 0.996509 1 0.00349071 
12 13
0 0.996509 1 0.00349071 
12 14
0 0.993031 1 0.00696923 
12 15
0 0.996509 1 0.00349071 
12 16
0 0.996509 1 0.00349071 
12 17
0 0.996509 1 0.00349071 
12 18
0 0.996509 1 0.00349071 
12 19
0 0.993031 1 0.00696923 
12 20
0 0.996509 1 0.00349071 
12 21
0 0.993031 1 0.00696923 
12 22
0 0.996509 1 0.00349071 
12 23
0 0.996509 1 0.00349071 
12 24
0 0.996509 1 0.00349071 
12 25
0 0.996509 1 0.00349071 
12 26
0 0.996509 1 0.00349071 
12 27
0 0.993031 1 0.00696923 
12 28
0 0.996509 1 0.00349071 
12 29
0 0.996509 1 0.00349071 
12 30
0 0.996509 1 0.00349071 
12 31
0 0.996509 1 0.00349071 
12 32
0 0.996509 1 0.00349071 
12 33
0 0.996509 1 0.00349071 
12 34
0 0.996509 1 0.00349071 
12 35
0 0.996509 1 0.00349071 
12 36
0 0.996509 1 0.00349071 
12 37
0 0.996509 1 0.00349071 
12 38
0 0.996509 1 0.00349071 
12 39
0 0.996509 1 0.00349071 
12 40
0 0.996509 1 0.00349071 
12 41
0 0.996509 1 0.00349071 
12 42
0 0.996509 1 0.00349071 
12 43
0 0.996509 1 0.00349071 
12 44
0 0.996509 1 0.00349071 
12 45
0 0.996509 1 0.00349071 
12 46
0 0.996509 1 0.00349071 
12 47
0 0.996509 1 0.00349071 
13 0
0 0.996509 1 0.00349071 
13 1
0 0.996509 1 0.00349071 
13 2
0 0.996509 1 0.00349071 
13 3
0 0.996509 1 0.00349071 
13 4
0 0.996509 1 0.00349071 
13 5
0 0.996509 1 0.00349071 
13 6
0 0.996509 1 0.00349071 
13 7
0 0.996509 1 0.00349071 
13 8
0 0.996509 1 0.00349071 
13 9
0 0.996509 1 0.00349071 
13 10
0 0.996509 1 0.00349071 
13 11
0 0.996509 1 0.00349071 
13 12
0 0.996509 1 0.00349071 
13 14
0 0.993031 1 0.00696923 
13 15
0 0.996509 1 0.00349071 
13 16
0 0.996509 1 0.00349071 
13 17
0 0.996509 1 0.00349071 
13 18
0 0.996509 1 0.00349071 
13 19
0 0.993031 1 0.00696923 
13 20
0 0.996509 1 0.00349071 
13 21
0 0.993031 1 0.00696923 
13 22
0 0.996509 1 0.00349071 
13 23
0 0.996509 1 0.00349071 
13 24
0 0.996509 1 0.00349071 
13 25
0 0.996509 1 0.00349071 
13 26
0 0.996509 1 0.00349071 
13 27
0 0.993031 1 0.00696923 
13 28
0 0.996509 1 0.00349071 
13 29
0 0.996509 1 0.00349071 
13 30
0 0.996509 1 0.00349071 
13 31
0 0.996509 1 0.00349071 
13 32
0 0.996509 1 0.00349071 
13 33
0 0.996509 1 0.00349071 
13 34
0 0.996509 1 0.00349071 
13 35
0 0.996509 1 0.00349071 
13 36
0 0.996509 1 0.00349071 
13 37
0 0.996509 1 0.00349071 
13 38
0 0.996509 1 0.00349071 
13 39
0 0.996509 1 0.00349071 
13 40
0 0.996509 1 0.00349071 
13 41
0 0.996509 1 0.00349071 
13 42
0 0.996509 1 0.00349071 
13 43
0 0.996509 1 0.00349071 
13 44
0 0.996509 1 0.00349071 
13 45
0 0.996509 1 0.00349071 
13 46
0 0.996509 1 0.00349071 
13 47
0 0.996509 1 0.00349071 
14 0
0 0.993031 1 0.00696923 
14 1
0 0.993031 1 0.00696923 
14 2
0 0.993031 1 0.00696923 
14 3
0 0.993031 1 0.00696923 
14 4
0 0.993031 1 0.00696923 
14 5
0 0.993031 1 0.00696923 
14 6
0 0.993031 1 0.00696923 
14 7
0 0.993031 1 0.00696923 
14 8
0 0.993031 1 0.00696923 
14 9
0 0.993031 1 0.00696923 
14 10
0 0.993031 1 0.00696923 
14 11
0 0.993031 1 0.00696923 
14 12
0 0.993031 1 0.00696923 
14 13
0 0.993031 1 0.00696923 
14 15
0 0.993031 1 0.00696923 
14 16
0 0.993031 1 0.00696923 
14 17
0 0.993031 1 0.00696923 
14 18
0 0.993031 1 0.00696923 
14 19
0 0.372601 1 0.5 2 0.127399 
14 20
0 0.993031 1 0.00696923 
14 21
0 0.372601 1 0.5 2 0.127399 
14 22
0 0.993031 1 0.00696923 
14 23
0 0.993031 1 0.00696923 
14 24
0 0.993031 1 0.00696923 
14 25
0 0.993031 1 0.00696923 
14 26
0 0.993031 1 0.00696923 
14 27
0 0.372601 1 0.5 2 0.127399 
14 28
0 0.993031 1 0.00696923 
14 29
0 0.993031 1 0.00696923 
14 30
0 0.993031 1 0.00696923 
14 31
0 0.993031 1 0.00696923 
14 32
0 0.993031 1 0.00696923 
14 33
0 0.993031 1 0.00696923 
14 34
0 0.993031 1 0.00696923 
14 35
0 0.993031 1 0.00696923 
14 36
0 0.993031 1 0.00696923 
14 37
0 0.993031 1 0.00696923 
14 38
0 0.993031 1 0.00696923 
14 39
0 0.993031 1 0.00696923 
14 40
0 0.993031 1 0.00696923 
14 41
0 0.993031 1 0.00696923 
14 42
0 0.993031 1 0.00696923 
14 43
0 0.993031 1 0.00696923 
14 44
0 0.993031 1 0.00696923 
14 45
0 0.993031 1 0.00696923 
14 46
0 0.993031 1 0.00696923 
14 47
0 0.993031 1 0.00696923 
15 0
0 0.996509 1 0.00349071 
15 1
0 0.996509 1 0.00349071 
15 2
0 0.996509 1 0.00349071 
15 3
0 0.996509 1 0.00349071 
15 4
0 0.996509 1 0.00349071 
15 5
0 0.996509 1 0.00349071 
15 6
0 0.996509 1 0.00349071 
15 7
0 0.996509 1 0.00349071 
15 8
0 0.996509 1 0.00349071 
15 9
0 0.996509 1 0.00349071 
15 10
0 0.996509 1 0.00349071 
15 11
0 0.996509 1 0.00349071 
15 12
0 0.996509 1 0.00349071 
15 13
0 0.996509 1 0.00349071 
15 14
0 0.993031 1 0.00696923 
15 16
0 0.996509 1 0.00349071 
15 17
0 0.996509 1 0.00349071 
15 18
0 0.996509 1 0.00349071 
15 19
0 0.993031 1 0.00696923 
15 20
0 0.996509 1 0.00349071 
15 21
0 0.993031 1 0.00696923 
15 22
0 0.996509 1 0.00349071 
15 23
0 0.996509 1 0.00349071 
15 24
0 0.996509 1 0.00349071 
15 25
0 0.996509 1 0.00349071 
15 26
0 0.996509 1 0.00349071 
15 27
0 0.993031 1 0.00696923 
15 28
0 0.996509 1 0.00349071 
15 29
0 0.996509 1 0.00349071 
15 30
0 0.996509 1 0.00349071 
15 31
0 0.996509 1 0.00349071 
15 32
0 0.996509 1 0.00349071 
15 33
0 0.996509 1 0.00349071 
15 34
0 0.996509 1 0.00349071 
15 35
0 0.996509 1 0.00349071 
15 36
0 0.996509 1 0.00349071 
15 37
0 0.996509 1 0.00349071 
15 38
0 0.996509 1 0.00349071 
15 39
0 0.996509 1 0.00349071 
15 40
0 0.996509 1 0.00349071 
15 41
0 0.996509 1 0.00349071 
15 42
0 0.996509 1 0.00349071 
15 43
0 0.996509 1 0.00349071 
15 44
0 0.996509 1 0.00349071 
15 45
0 0.996509 1 0.00349071 
15 46
0 0.996509 1 0.00349071 
15 47
0 0.996509 1 0.00349071 
16 0
0 0.996509 1 0.00349071 
16 1
0 0.996509 1 0.00349071 
16 2
0 0.996509 1 0.00349071 
16 3
0 0.996509 1 0.00349071 
16 4
0 0.996509 1 0.00349071 
16 5
0 0.996509 1 0.00349071 
16 6
0 0.996509 1 0.00349071 
16 7
0 0.996509 1 0.00349071 
16 8
0 0.996509 1 0.00349071 
16 9
0 0.996509 1 0.00349071 
16 10
0 0.996509 1 0.00349071 
16 11
0 0.996509 1 0.00349071 
16 12
0 0.996509 1 0.00349071 
16 13
0 0.996509 1 0.00349071 
16 14
0 0.993031 1 0.00696923 
16 15
0 0.996509 1 0.00349071 
16 17
0 0.996509 1 0.00349071 
16 18
0 0.996509 1 0.00349071 
16 19
0 0.993031 1 0.00696923 
16 20
0 0.996509 1 0.00349071 
16 21
0 0.993031 1 0.00696923 
16 22
0 0.996509 1 0.00349071 
16 23
0 0.996509 1 0.00349071 
16 24
0 0.996509 1 0.00349071 
16 25
0 0.996509 1 0.00349071 
16 26
0 0.996509 1 0.00349071 
16 27
0 0.993031 1 0.00696923 
16 28
0 0.996509 1 0.00349071 
16 29
0 0.996509 1 0.00349071 
16 30
0 0.996509 1 0.00349071 
16 31
0 0.996509 1 0.00349071 
16 32
0 0.996509 1 0.00349071 
16 33
0 0.996509 1 0.00349071 
16 34
0 0.996509 1 0.00349071 
16 35
0 0.996509 1 0.00349071 
16 36
0 0.996509 1 0.00349071 
16 37
0 0.996509 1 0.00349071 
16 38
0 0.996509 1 0.00349071 
16 39
0 0.996509 1 0.00349071 
16 40
0 0.996509 1 0.00349071 
16 41
0 0.996509 1 0.00349071 
16 42
0 0.996509 1 0.00349071 
16 43
0 0.996509 1 0.00349071 
16 44
0 0.996509 1 0.00349071 
16 45
0 0.996509 1 0.00349071 
16 46
0 0.996509 1 0.00349071 
16 47
0 0.996509 1 0.00349071 
17 0
0 0.996509 1 0.00349071 
17 1
0 0.996509 1 0.00349071 
17 2
0 0.996509 1 0.00349071 
17 3
0 0.996509 1 0.00349071 
17 4
0 0.996509 1 0.00349071 
17 5
0 0.996509 1 0.00349071 
17 6
0 0.996509 1 0.00349071 
17 7
0 0.996509 1 0.00349071 
17 8
0 0.996509 1 0.00349071 
17 9
0 0.996509 1 0.00349071 
17 10
0 0.996509 1 0.00349071 
17 11
0 0.996509 1 0.00349071 
17 12
0 0.996509 1 0.00349071 
17 13
0 0.996509 1 0.00349071 
17 14
0 0.993031 1 0.00696923 
17 15
0 0.996509 1 0.00349071 
17 16
0 0.996509 1 0.00349071 
17 18
0 0.996509 1 0.00349071 
17 19
0 0.993031 1 0.00696923 
17 20
0 0.996509 1 0.00349071 
17 21
0 0.993031 1 0.00696923 
17 22
0 0.996509 1 0.00349071 
17 23
0 0.996509 1 0.00349071 
17 24
0 0.996509 1 0.00349071 
17 25
0 0.996509 1 0.00349071 
17 26
0 0.996509 1 0.00349071 
17 27
0 0.993031 1 0.00696923 
17 28
0 0.996509 1 0.00349071 
17 29
0 0.996509 1 0.00349071 
17 30
0 0.996509 1 0.00349071 
17 31
0 0.996509 1 0.00349071 
17 32
0 0.996509 1 0.00349071 
17 33
0 0.996509 1 0.00349071 
17 34
0 0.996509 1 0.00349071 
17 35
0 0.996509 1 0.00349071 
17 36
0 0.996509 1 0.00349071 
17 37
0 0.996509 1 0.00349071 
17 38
0 0.996509 1 0.00349071 
17 39
0 0.996509 1 0.00349071 
17 40
0 0.996509 1 0.00349071 
17 41
0 0.996509 1 0.00349071 
17 42
0 0.996509 1 0.00349071 
17 43
0 0.996509 1 0.00349071 
17 44
0 0.996509 1 0.00349071 
17 45
0 0.996509 1 0.00349071 
17 46
0 0.996509 1 0.00349071 
17 47
0 0.996509 1 0.00349071 
18 0
0 0.996509 1 0.00349071 
18 1
0 0.996509 1 0.00349071 
18 2
0 0.996509 1 0.00349071 
18 3
0 0.996509 1 0.00349071 
18 4
0 0.996509 1 0.00349071 
18 5
0 0.996509 1 0.00349071 
18 6
0 0.996509 1 0.00349071 
18 7
0 0.996509 1 0.00349071 
18 8
0 0.996509 1 0.00349071 
18 9
0 0.996509 1 0.00349071 
18 10
0 0.996509 1 0.00349071 
18 11
0 0.996509 1 0.00349071 
18 12
0 0.996509 1 0.00349071 
18 13
0 0.996509 1 0.00349071 
18 14
0 0.993031 1 0.00696923 
18 15
0 0.996509 1 0.00349071 
18 16
0 0.996509 1 0.00349071 
18 17
0 0.996509 1 0.00349071 
18 19
0 0.993031 1 0.00696923 
18 20
0 0.996509 1 0.00349071 
18 21
0 0.993031 1 0.00696923 
18 22
0 0.996509 1 0.00349071 
18 23
0 0.996509 1 0.00349071 
18 24
0 0.996509 1 0.00349071 
18 25
0 0.996509 1 0.00349071 
18 26
0 0.996509 1 0.00349071 
18 27
0 0.993031 1 0.00696923 
18 28
0 0.996509 1 0.00349071 
18 29
0 0.996509 1 0.00349071 
18 30
0 0.996509 1 0.00349071 
18 31
0 0.996509 1 0.00349071 
18 32
0 0.996509 1 0.00349071 
18 33
0 0.996509 1 0.00349071 
18 34
0 0.996509 1 0.00349071 
18 35
0 0.996509 1 0.00349071 
18 36
0 0.996509 1 0.00349071 
18 37
0 0.996509 1 0.00349071 
18 38
0 0.996509 1 0.00349071 
18 39
0 0.996509 1 0.00349071 
18 40
0 0.996509 1 0.00349071 
18 41
0 0.996509 1 0.00349071 
18 42
0 0.996509 1 0.00349071 
18 43
0 0.996509 1 0.00349071 
18 44
0 0.996509 1 0.00349071 
18 45
0 0.996509 1 0.00349071 
18 46
0 0.996509 1 0.00349071 
18 47
0 0.996509 1 0.00349071 
19 0
0 0.993031 1 0.00696923 
19 1
0 0.993031 1 0.00696923 
19 2
0 0.993031 1 0.00696923 
19 3
0 0.993031 1 0.00696923 
19 4
0 0.993031 1 0.00696923 
19 5
0 0.993031 1 0.00696923 
19 6
0 0.993031 1 0.00696923 
19 7
0 0.993031 1 0.00696923 
19 8
0 0.993031 1 0.00696923 
19 9
0 0.993031 1 0.00696923 
19 10
0 0.993031 1 0.00696923 
19 11
0 0.993031 1 0.00696923 
19 12
0 0.993031 1 0.00696923 
19 13
0 0.993031 1 0.00696923 
19 14
0 0.372601 1 0.5 2 0.127399 
19 15
0 0.993031 1 0.00696923 
19 16
0 0.993031 1 0.00696923 
19 17
0 0.993031 1 0.00696923 
19 18
0 0.993031 1 0.00696923 
19 20
0 0.993031 1 0.00696923 
19 21
0 0.372601 1 0.5 2 0.127399 
19 22
0 0.993031 1 0.00696923 
19 23
0 0.993031 1 0.00696923 
19 24
0 0.993031 1 0.00696923 
19 25
0 0.993031 1 0.00696923 
19 26
0 0.993031 1 0.00696923 
19 27
0 0.372601 1 0.5 2 0.127399 
19 28
0 0.993031 1 0.00696923 
19 29
0 0.993031 1 0.00696923 
19 30
0 0.993031 1 0.00696923 
19 31
0 0.993031 1 0.00696923 
19 32
0 0.993031 1 0.00696923 
19 33
0 0.993031 1 0.00696923 
19 34
0 0.993031 1 0.00696923 
19 35
0 0.993031 1 0.00696923 
19 36
0 0.993031 1 0.00696923 
19 37
0 0.993031 1 0.00696923 
19 38
0 0.993031 1 0.00696923 
19 39
0 0.993031 1 0.00696923 
19 40
0 0.993031 1 0.00696923 
19 41
0 0.993031 1 0.00696923 
19 42
0 0.993031 1 0.00696923 
19 43
0 0.993031 1 0.00696923 
19 44
0 0.993031 1 0.00696923 
19 45
0 0.993031 1 0.00696923 
19 46
0 0.993031 1 0.00696923 
19 47
0 0.993031 1 0.00696923 
20 0
0 0.996509 1 0.00349071 
20 1
0 0.996509 1 0.00349071 
20 2
0 0.996509 1 0.00349071 
20 3
0 0.996509 1 0.00349071 
20 4
0 0.996509 1 0.00349071 
20 5
0 0.996509 1 0.00349071 
20 6
0 0.996509 1 0.00349071 
20 7
0 0.996509 1 0.00349071 
20 8
0 0.996509 1 0.00349071 
20 9
0 0.996509 1 0.00349071 
20 10
0 0.996509 1 0.00349071 
20 11
0 0.996509 1 0.00349071 
20 12
0 0.996509 1 0.00349071 
20 13
0 0.996509 1 0.00349071 
20 14
0 0.993031 1 0.00696923 
20 15
0 0.996509 1 0.00349071 
20 16
0 0.996509 1 0.00349071 
20 17
0 0.996509 1 0.00349071 
20 18
0 0.996509 1 0.00349071 
20 19
0 0.993031 1 0.00696923 
20 21
0 0.993031 1 0.00696923 
20 22
0 0.996509 1 0.00349071 
20 23
0 0.996509 1 0.00349071 
20 24
0 0.996509 1 0.00349071 
20 25
0 0.996509 1 0.00349071 
20 26
0 0.996509 1 0.00349071 
20 27
0 0.993031 1 0.00696923 
20 28
0 0.996509 1 0.00349071 
20 29
0 0.996509 1 0.00349071 
20 30
0 0.996509 1 0.00349071 
20 31
0 0.996509 1 0.00349071 
20 32
0 0.996509 1 0.00349071 
20 33
0 0.996509 1 0.00349071 
20 34
0 0.996509 1 0.00349071 
20 35
0 0.996509 1 0.00349071 
20 36
0 0.996509 1 0.00349071 
20 37
0 0.996509 1 0.00349071 
20 38
0 0.996509 1 0.00349071 
20 39
0 0.996509 1 0.00349071 
20 40
0 0.996509 1 0.00349071 
20 41
0 0.996509 1 0.00349071 
20 42
0 0.996509 1 0.00349071 
20 43
0 0.996509 1 0.00349071 
20 44
0 0.996509 1 0.00349071 
20 45
0 0.996509 1 0.00349071 
20 46
0 0.996509 1 0.00349071 
20 47
0 0.996509 1 0.00349071 
21 0
0 0.993031 1 0.00696923 
21 1
0 0.993031 1 0.00696923 
21 2
0 0.993031 1 0.00696923 
21 3
0 0.993031 1 0.00696923 
21 4
0 0.993031 1 0.00696923 
21 5
0 0.993031 1 0.00696923 
21 6
0 0.993031 1 0.00696923 
21 7
0 0.993031 1 0.00696923 
21 8
0 0.993031 1 0.00696923 
21 9
0 0.993031 1 0.00696923 
21 10
0 0.993031 1 0.00696923 
21 11
0 0.993031 1 0.00696923 
21 12
0 0.993031 1 0.00696923 
21 13
0 0.993031 1 0.00696923 
21 14
0 0.372601 1 0.5 2 0.127399 
21 15
0 0.993031 1 0.00696923 
21 16
0 0.993031 1 0.00696923 
21 17
0 0.993031 1 0.00696923 
21 18
0 0.993031 1 0.00696923 
21 19
0 0.372601 1 0.5 2 0.127399 
21 20
0 0.993031 1 0.00696923 
21 22
0 0.993031 1 0.00696923 
21 23
0 0.993031 1 0.00696923 
21 24
0 0.993031 1 0.00696923 
21 25
0 0.993031 1 0.00696923 
21 26
0 0.993031 1 0.00696923 
21 27
0 0.372601 1 0.5 2 0.127399 
21 28
0 0.993031 1 0.00696923 
21 29
0 0.993031 1 0.00696923 
21 30
0 0.993031 1 0.00696923 
21 31
0 0.993031 1 0.00696923 
21 32
0 0.993031 1 0.00696923 
21 33
0 0.993031 1 0.00696923 
21 34
0 0.993031 1 0.00696923 
21 35
0 0.993031 1 0.00696923 
21 36
0 0.993031 1 0.00696923 
21 37
0 0.993031 1 0.00696923 
21 38
0 0.993031 1 0.00696923 
21 39
0 0.993031 1 0.00696923 
21 40
0 0.993031 1 0.00696923 
21 41
0 0.993031 1 0.00696923 
21 42
0 0.993031 1 0.00696923 
21 43
0 0.993031 1 0.00696923 
21 44
0 0.993031 1 0.00696923 
21 45
0 0.993031 1 0.00696923 
21 46
0 0.993031 1 0.00696923 
21 47
0 0.993031 1 0.00696923 
22 0
0 0.996509 1 0.00349071 
22 1
0 0.996509 1 0.00349071 
22 2
0 0.996509 1 0.00349071 
22 3
0 0.996509 1 0.00349071 
22 4
0 0.996509 1 0.00349071 
22 5
0 0.996509 1 0.00349071 
22 6
0 0.996509 1 0.00349071 
22 7
0 0.996509 1 0.00349071 
22 8
0 0.996509 1 0.00349071 
22 9
0 0.996509 1 0.00349071 
22 10
0 0.996509 1 0.00349071 
22 11
0 0.996509 1 0.00349071 
22 12
0 0.996509 1 0.00349071 
22 13
0 0.996509 1 0.00349071 
22 14
0 0.993031 1 0.00696923 
22 15
0 0.996509 1 0.00349071 
22 16
0 0.996509 1 0.00349071 
22 17
0 0.996509 1 0.00349071 
22 18
0 0.996509 1 0.00349071 
22 19
0 0.993031 1 0.00696923 
22 20
0 0.996509 1 0.00349071 
22 21
0 0.993031 1 0.00696923 
22 23
0 0.996509 1 0.00349071 
22 24
0 0.996509 1 0.00349071 
22 25
0 0.996509 1 0.00349071 
22 26
0 0.996509 1 0.00349071 
22 27
0 0.993031 1 0.00696923 
22 28
0 0.996509 1 0.00349071 
22 29
0 0.996509 1 0.00349071 
22 30
0 0.996509 1 0.00349071 
22 31
0 0.996509 1 0.00349071 
22 32
0 0.996509 1 0.00349071 
22 33
0 0.996509 1 0.00349071 
22 34
0 0.996509 1 0.00349071 
22 35
0 0.996509 1 0.00349071 
22 36
0 0.996509 1 0.00349071 
22 37
0 0.996509 1 0.00349071 
22 38
0 0.996509 1 0.00349071 
22 39
0 0.996509 1 0.00349071 
22 40
0 0.996509 1 0.00349071 
22 41
0 0.996509 1 0.00349071 
22 42
0 0.996509 1 0.00349071 
22 43
0 0.996509 1 0.00349071 
22 44
0 0.996509 1 0.00349071 
22 45
0 0.996509 1 0.00349071 
22 46
0 0.996509 1 0.00349071 
22 47
0 0.996509 1 0.00349071 
23 0
0 0.996509 1 0.00349071 
23 1
0 0.996509 1 0.00349071 
23 2
0 0.996509 1 0.00349071 
23 3
0 0.996509 1 0.00349071 
23 4
0 0.996509 1 0.00349071 
23 5
0 0.996509 1 0.00349071 
23 6
0 0.996509 1 0.00349071 
23 7
0 0.996509 1 0.00349071 
23 8
0 0.996509 1 0.00349071 
23 9
0 0.996509 1 0.00349071 
23 10
0 0.996509 1 0.00349071 
23 11
0 0.996509 1 0.00349071 
23 12
0 0.996509 1 0.00349071 
23 13
0 0.996509 1 0.00349071 
23 14
0 0.993031 1 0.00696923 
23 15
0 0.996509 1 0.00349071 
23 16
0 0.996509 1 0.00349071 
23 17
0 0.996509 1 0.00349071 
23 18
0 0.996509 1 0.00349071 
23 19
0 0.993031 1 0.00696923 
23 20
0 0.996509 1 0.00349071 
23 21
0 0.993031 1 0.00696923 
23 22
0 0.996509 1 0.00349071 
23 24
0 0.996509 1 0.00349071 
23 25
0 0.996509 1 0.00349071 
23 26
0 0.996509 1 0.00349071 
23 27
0 0.993031 1 0.00696923 
23 28
0 0.996509 1 0.00349071 
23 29
0 0.996509 1 0.00349071 
23 30
0 0.996509 1 0.00349071 
23 31
0 0.996509 1 0.00349071 
23 32
0 0.996509 1 0.00349071 
23 33
0 0.996509 1 0.00349071 
23 34
0 0.996509 1 0.00349071 
23 35
0 0.996509 1 0.00349071 
23 36
0 0.996509 1 0.00349071 
23 37
0 0.996509 1 0.00349071 
23 38
0 0.996509 1 0.00349071 
23 39
0 0.996509 1 0.00349071 
23 40
0 0.996509 1 0.00349071 
23 41
0 0.996509 1 0.00349071 
23 42
0 0.996509 1 0.00349071 
23 43
0 0.996509 1 0.00349071 
23 44
0 0.996509 1 0.00349071 
23 45
0 0.996509 1 0.00349071 
23 46
0 0.996509 1 0.00349071 
23 47
0 0.996509 1 0.00349071 
24 0
0 0.996509 1 0.00349071 
24 1
0 0.996509 1 0.00349071 
24 2
0 0.996509 1 0.00349071 
24 3
0 0.996509 1 0.00349071 
24 4
0 0.996509 1 0.00349071 
24 5
0 0.996509 1 0.00349071 
24 6
0 0.996509 1 0.00349071 
24 7
0 0.996509 1 0.00349071 
24 8
0 0.996509 1 0.00349071 
24 9
0 0.996509 1 0.00349071 
24 10
0 0.996509 1 0.00349071 
24 11
0 0.996509 1 0.00349071 
24 12
0 0.996509 1 0.00349071 
24 13
0 0.996509 1 0.00349071 
24 14
0 0.993031 1 0.00696923 
24 15
0 0.996509 1 0.00349071 
24 16
0 0.996509 1 0.00349071 
24 17
0 0.996509 1 0.00349071 
24 18
0 0.996509 1 0.00349071 
24 19
0 0.993031 1 0.00696923 
24 20
0 0.996509 1 0.00349071 
24 21
0 0.993031 1 0.00696923 
24 22
0 0.996509 1 0.00349071 
24 23
0 0.996509 1 0.00349071 
24 25
0 0.996509 1 0.00349071 
24 26
0 0.996509 1 0.00349071 
24 27
0 0.993031 1 0.00696923 
24 28
0 0.996509 1 0.00349071 
24 29
0 0.996509 1 0.00349071 
24 30
0 0.996509 1 0.00349071 
24 31
0 0.996509 1 0.00349071 
24 32
0 0.996509 1 0.00349071 
24 33
0 0.996509 1 0.00349071 
24 34
0 0.996509 1 0.00349071 
24 35
0 0.996509 1 0.00349071 
24 36
0 0.996509 1 0.00349071 
24 37
0 0.996509 1 0.00349071 
24 38
0 0.996509 1 0.00349071 
24 39
0 0.996509 1 0.00349071 
24 40
0 0.996509 1 0.00349071 
24 41
0 0.996509 1 0.00349071 
24 42
0 0.996509 1 0.00349071 
24 43
0 0.996509 1 0.00349071 
24 44
0 0.996509 1 0.00349071 
24 45
0 0.996509 1 0.00349071 
24 46
0 0.996509 1 0.00349071 
24 47
0 0.996509 1 0.00349071 
25 0
0 0.996509 1 0.00349071 
25 1
0 0.996509 1 0.00349071 
25 2
0 0.996509 1 0.00349071 
25 3
0 0.996509 1 0.00349071 
25 4
0 0.996509 1 0.00349071 
25 5
0 0.996509 1 0.00349071 
25 6
0 0.996509 1 0.00349071 
25 7
0 0.996509 1 0.00349071 
25 8
0 0.996509 1 0.00349071 
25 9
0 0.996509 1 0.00349071 
25 10
0 0.996509 1 0.00349071 
25 11
0 0.996509 1 0.00349071 
25 12
0 0.996509 1 0.00349071 
25 13
0 0.996509 1 0.00349071 
25 14
0 0.993031 1 0.00696923 
25 15
0 0.996509 1 0.00349071 
25 16
0 0.996509 1 0.00349071 
25 17
0 0.996509 1 0.00349071 
25 18
0 0.996509 1 0.00349071 
25 19
0 0.993031 1 0.00696923 
25 20
0 0.996509 1 0.00349071 
25 21
0 0.993031 1 0.00696923 
25 22
0 0.996509 1 0.00349071 
25 23
0 0.996509 1 0.00349071 
25 24
0 0.996509 1 0.00349071 
25 26
0 0.996509 1 0.00349071 
25 27
0 0.993031 1 0.00696923 
25 28
0 0.996509 1 0.00349071 
25 29
0 0.996509 1 0.00349071 
25 30
0 0.996509 1 0.00349071 
25 31
0 0.996509 1 0.00349071 
25 32
0 0.996509 1 0.00349071 
25 33
0 0.996509 1 0.00349071 
25 34
0 0.996509 1 0.00349071 
25 35
0 0.996509 1 0.00349071 
25 36
0 0.996509 1 0.00349071 
25 37
0 0.996509 1 0.00349071 
25 38
0 0.996509 1 0.00349071 
25 39
0 0.996509 1 0.00349071 
25 40
0 0.996509 1 0.00349071 
25 41
0 0.996509 1 0.00349071 
25 42
0 0.996509 1 0.00349071 
25 43
0 0.996509 1 0.00349071 
25 44
0 0.996509 1 0.00349071 
25 45
0 0.996509 1 0.00349071 
25 46
0 0.996509 1 0.00349071 
25 47
0 0.996509 1 0.00349071 
26 0
0 0.996509 1 0.00349071 
26 1
0 0.996509 1 0.00349071 
26 2
0 0.996509 1 0.00349071 
26 3
0 0.996509 1 0.00349071 
26 4
0 0.996509 1 0.00349071 
26 5
0 0.996509 1 0.00349071 
26 6
0 0.996509 1 0.00349071 
26 7
0 0.996509 1 0.00349071 
26 8
0 0.996509 1 0.00349071 
26 9
0 0.996509 1 0.00349071 
26 10
0 0.996509 1 0.00349071 
26 11
0 0.996509 1 0.00349071 
26 12
0 0.996509 1 0.00349071 
26 13
0 0.996509 1 0.00349071 
26 14
0 0.993031 1 0.00696923 
26 15
0 0.996509 1 0.00349071 
26 16
0 0.996509 1 0.00349071 
26 17
0 0.996509 1 0.00349071 
26 18
0 0.996509 1 0.00349071 
26 19
0 0.993031 1 0.00696923 
26 20
0 0.996509 1 0.00349071 
26 21
0 0.993031 1 0.00696923 
26 22
0 0.996509 1 0.00349071 
26 23
0 0.996509 1 0.00349071 
26 24
0 0.996509 1 0.00349071 
26 25
0 0.996509 1 0.00349071 
26 27
0 0.993031 1 0.00696923 
26 28
0 0.996509 1 0.00349071 
26 29
0 0.996509 1 0.00349071 
26 30
0 0.996509 1 0.00349071 
26 31
0 0.996509 1 0.00349071 
26 32
0 0.996509 1 0.00349071 
26 33
0 0.996509 1 0.00349071 
26 34
0 0.996509 1 0.00349071 
26 35
0 0.996509 1 0.00349071 
26 36
0 0.996509 1 0.00349071 
26 37
0 0.996509 1 0.00349071 
26 38
0 0.996509 1 0.00349071 
26 39
0 0.996509 1 0.00349071 
26 40
0 0.996509 1 0.00349071 
26 41
0 0.996509 1 0.00349071 
26 42
0 0.996509 1 0.00349071 
26 43
0 0.996509 1 0.00349071 
26 44
0 0.996509 1 0.00349071 
26 45
0 0.996509 1 0.00349071 
26 46
0 0.996509 1 0.00349071 
26 47
0 0.996509 1 0.00349071 
27 0
0 0.993031 1 0.00696923 
27 1
0 0.993031 1 0.00696923 
27 2
0 0.993031 1 0.00696923 
27 3
0 0.993031 1 0.00696923 
27 4
0 0.993031 1 0.00696923 
27 5
0 0.993031 1 0.00696923 
27 6
0 0.993031 1 0.00696923 
27 7
0 0.993031 1 0.00696923 
27 8
0 0.993031 1 0.00696923 
27 9
0 0.993031 1 0.00696923 
27 10
0 0.993031 1 0.00696923 
27 11
0 0.993031 1 0.00696923 
27 12
0 0.993031 1 0.00696923 
27 13
0 0.993031 1 0.00696923 
27 14
0 0.372601 1 0.5 2 0.127399 
27 15
0 0.993031 1 0.00696923 
27 16
0 0.993031 1 0.00696923 
27 17
0 0.993031 1 0.00696923 
27 18
0 0.993031 1 0.00696923 
27 19
0 0.372601 1 0.5 2 0.127399 
27 20
0 0.993031 1 0.00696923 
27 21
0 0.372601 1 0.5 2 0.127399 
27 22
0 0.993031 1 0.00696923 
27 23
0 0.993031 1 0.00696923 
27 24
0 0.993031 1 0.00696923 
27 25
0 0.993031 1 0.00696923 
27 26
0 0.993031 1 0.00696923 
27 28
0 0.993031 1 0.00696923 
27 29
0 0.993031 1 0.00696923 
27 30
0 0.993031 1 0.00696923 
27 31
0 0.993031 1 0.00696923 
27 32
0 0.993031 1 0.00696923 
27 33
0 0.993031 1 0.00696923 
27 34
0 0.993031 1 0.00696923 
27 35
0 0.993031 1 0.00696923 
27 36
0 0.993031 1 0.00696923 
27 37
0 0.993031 1 0.00696923 
27 38
0 0.993031 1 0.00696923 
27 39
0 0.993031 1 0.00696923 
27 40
0 0.993031 1 0.00696923 
27 41
0 0.993031 1 0.00696923 
27 42
0 0.993031 1 0.00696923 
27 43
0 0.993031 1 0.00696923 
27 44
0 0.993031 1 0.00696923 
27 45
0 0.993031 1 0.00696923 
27 46
0 0.993031 1 0.00696923 
27 47
0 0.993031 1 0.00696923 
28 0
0 0.996509 1 0.00349071 
28 1
0 0.996509 1 0.00349071 
28 2
0 0.996509 1 0.00349071 
28 3
0 0.996509 1 0.00349071 
28 4
0 0.996509 1 0.00349071 
28 5
0 0.996509 1 0.00349071 
28 6
0 0.996509 1 0.00349071 
28 7
0 0.996509 1 0.00349071 
28 8
0 0.996509 1 0.00349071 
28 9
0 0.996509 1 0.00349071 
28 10
0 0.996509 1 0.00349071 
28 11
0 0.996509 1 0.00349071 
28 12
0 0.996509 1 0.00349071 
28 13
0 0.996509 1 0.00349071 
28 14
0 0.993031 1 0.00696923 
28 15
0 0.996509 1 0.00349071 
28 16
0 0.996509 1 0.00349071 
28 17
0 0.996509 1 0.00349071 
28 18
0 0.996509 1 0.00349071 
28 19
0 0.993031 1 0.00696923 
28 20
0 0.996509 1 0.00349071 
28 21
0 0.993031 1 0.00696923 
28 22
0 0.996509 1 0.00349071 
28 23
0 0.996509 1 0.00349071 
28 24
0 0.996509 1 0.00349071 
28 25
0 0.996509 1 0.00349071 
28 26
0 0.996509 1 0.00349071 
28 27
0 0.993031 1 0.00696923 
28 29
0 0.996509 1 0.00349071 
28 30
0 0.996509 1 0.00349071 
28 31
0 0.996509 1 0.00349071 
28 32
0 0.996509 1 0.00349071 
28 33
0 0.996509 1 0.00349071 
28 34
0 0.996509 1 0.00349071 
28 35
0 0.996509 1 0.00349071 
28 36
0 0.996509 1 0.00349071 
28 37
0 0.996509 1 0.00349071 
28 38
0 0.996509 1 0.00349071 
28 39
0 0.996509 1 0.00349071 
28 40
0 0.996509 1 0.00349071 
28 41
0 0.996509 1 0.00349071 
28 42
0 0.996509 1 0.00349071 
28 43
0 0.996509 1 0.00349071 
28 44
0 0.996509 1 0.00349071 
28 45
0 0.996509 1 0.00349071 
28 46
0 0.996509 1 0.00349071 
28 47
0 0.996509 1 0.00349071 
29 0
0 0.996509 1 0.00349071 
29 1
0 0.996509 1 0.00349071 
29 2
0 0.996509 1 0.00349071 
29 3
0 0.996509 1 0.00349071 
29 4
0 0.996509 1 0.00349071 
29 5
0 0.996509 1 0.00349071 
29 6
0 0.996509 1 0.00349071 
29 7
0 0.996509 1 0.00349071 
29 8
0 0.996509 1 0.00349071 
29 9
0 0.996509 1 0.00349071 
29 10
0 0.996509 1 0.00349071 
29 11
0 0.996509 1 0.00349071 
29 12
0 0.996509 1 0.00349071 
29 13
0 0.996509 1 0.00349071 
29 14
0 0.993031 1 0.00696923 
29 15
0 0.996509 1 0.00349071 
29 16
0 0.996509 1 0.00349071 
29 17
0 0.996509 1 0.00349071 
29 18
0 0.996509 1 0.00349071 
29 19
0 0.993031 1 0.00696923 
29 20
0 0.996509 1 0.00349071 
29 21
0 0.993031 1 0.00696923 
29 22
0 0.996509 1 0.00349071 
29 23
0 0.996509 1 0.00349071 
29 24
0 0.996509 1 0.00349071 
29 25
0 0.996509 1 0.00349071 
29 26
0 0.996509 1 0.00349071 
29 27
0 0.993031 1 0.00696923 
29 28
0 0.996509 1 0.00349071 
29 30
0 0.996509 1 0.00349071 
29 31
0 0.996509 1 0.00349071 
29 32
0 0.996509 1 0.00349071 
29 33
0 0.996509 1 0.00349071 
29 34
0 0.996509 1 0.00349071 
29 35
0 0.996509 1 0.00349071 
29 36
0 0.996509 1 0.00349071 
29 37
0 0.996509 1 0.00349071 
29 38
0 0.996509 1 0.00349071 
29 39
0 0.996509 1 0.00349071 
29 40
0 0.996509 1 0.00349071 
29 41
0 0.996509 1 0.00349071 
29 42
0 0.996509 1 0.00349071 
29 43
0 0.996509 1 0.00349071 
29 44
0 0.996509 1 0.00349071 
29 45
0 0.996509 1 0.00349071 
29 46
0 0.996509 1 0.00349071 
29 47
0 0.996509 1 0.00349071 
30 0
0 0.996509 1 0.00349071 
30 1
0 0.996509 1 0.00349071 
30 2
0 0.996509 1 0.00349071 
30 3
0 0.996509 1 0.00349071 
30 4
0 0.996509 1 0.00349071 
30 5
0 0.996509 1 0.00349071 
30 6
0 0.996509 1 0.00349071 
30 7
0 0.996509 1 0.00349071 
30 8
0 0.996509 1 0.00349071 
30 9
0 0.996509 1 0.00349071 
30 10
0 0.996509 1 0.00349071 
30 11
0 0.996509 1 0.00349071 
30 12
0 0.996509 1 0.00349071 
30 13
0 0.996509 1 0.00349071 
30 14
0 0.993031 1 0.00696923 
30 15
0 0.996509 1 0.00349071 
30 16
0 0.996509 1 0.00349071 
30 17
0 0.996509 1 0.00349071 
30 18
0 0.996509 1 0.00349071 
30 19
0 0.993031 1 0.00696923 
30 20
0 0.996509 1 0.00349071 
30 21
0 0.993031 1 0.00696923 
30 22
0 0.996509 1 0.00349071 
30 23
0 0.996509 1 0.00349071 
30 24
0 0.996509 1 0.00349071 
30 25
0 0.996509 1 0.00349071 
30 26
0 0.996509 1 0.00349071 
30 27
0 0.993031 1 0.00696923 
30 28
0 0.996509 1 0.00349071 
30 29
0 0.996509 1 0.00349071 
30 31
0 0.996509 1 0.00349071 
30 32
0 0.996509 1 0.00349071 
30 33
0 0.996509 1 0.00349071 
30 34
0 0.996509 1 0.00349071 
30 35
0 0.996509 1 0.00349071 
30 36
0 0.996509 1 0.00349071 
30 37
0 0.996509 1 0.00349071 
30 38
0 0.996509 1 0.00349071 
30 39
0 0.996509 1 0.00349071 
30 40
0 0.996509 1 0.00349071 
30 41
0 0.996509 1 0.00349071 
30 42
0 0.996509 1 0.00349071 
30 43
0 0.996509 1 0.00349071 
30 44
0 0.996509 1 0.00349071 
30 45
0 0.996509 1 0.00349071 
30 46
0 0.996509 1 0.00349071 
30 47
0 0.996509 1 0.00349071 
31 0
0 0.996509 1 0.00349071 
31 1
0 0.996509 1 0.00349071 
31 2
0 0.996509 1 0.00349071 
31 3
0 0.996509 1 0.00349071 
31 4
0 0.996509 1 0.00349071 
31 5
0 0.996509 1 0.00349071 
31 6
0 0.996509 1 0.00349071 
31 7
0 0.996509 1 0.00349071 
31 8
0 0.996509 1 0.00349071 
31 9
0 0.996509 1 0.00349071 
31 10
0 0.996509 1 0.00349071 
31 11
0 0.996509 1 0.00349071 
31 12
0 0.996509 1 0.00349071 
31 13
0 0.996509 1 0.00349071 
31 14
0 0.993031 1 0.00696923 
31 15
0 0.996509 1 0.00349071 
31 16
0 0.996509 1 0.00349071 
31 17
0 0.996509 1 0.00349071 
31 18
0 0.996509 1 0.00349071 
31 19
0 0.993031 1 0.00696923 
31 20
0 0.996509 1 0.00349071 
31 21
0 0.993031 1 0.00696923 
31 22
0 0.996509 1 0.00349071 
31 23
0 0.996509 1 0.00349071 
31 24
0 0.996509 1 0.00349071 
31 25
0 0.996509 1 0.00349071 
31 26
0 0.996509 1 0.00349071 
31 27
0 0.993031 1 0.00696923 
31 28
0 0.996509 1 0.00349071 
31 29
0 0.996509 1 0.00349071 
31 30
0 0.996509 1 0.00349071 
31 32
0 0.996509 1 0.00349071 
31 33
0 0.996509 1 0.00349071 
31 34
0 0.996509 1 0.00349071 
31 35
0 0.996509 1 0.00349071 
31 36
0 0.996509 1 0.00349071 
31 37
0 0.996509 1 0.00349071 
31 38
0 0.996509 1 0.00349071 
31 39
0 0.996509 1 0.00349071 
31 40
0 0.996509 1 0.00349071 
31 41
0 0.996509 1 0.00349071 
31 42
0 0.996509 1 0.00349071 
31 43
0 0.996509 1 0.00349071 
31 44
0 0.996509 1 0.00349071 
31 45
0 0.996509 1 0.00349071 
31 46
0 0.996509 1 0.00349071 
31 47
0 0.996509 1 0.00349071 
32 0
0 0.996509 1 0.00349071 
32 1
0 0.996509 1 0.00349071 
32 2
0 0.996509 1 0.00349071 
32 3
0 0.996509 1 0.00349071 
32 4
0 0.996509 1 0.00349071 
32 5
0 0.996509 1 0.00349071 
32 6
0 0.996509 1 0.00349071 
32 7
0 0.996509 1 0.00349071 
32 8
0 0.996509 1 0.00349071 
32 9
0 0.996509 1 0.00349071 
32 10
0 0.996509 1 0.00349071 
32 11
0 0.996509 1 0.00349071 
32 12
0 0.996509 1 0.00349071 
32 13
0 0.996509 1 0.00349071 
32 14
0 0.993031 1 0.00696923 
32 15
0 0.996509 1 0.00349071 
32 16
0 0.996509 1 0.00349071 
32 17
0 0.996509 1 0.00349071 
32 18
0 0.996509 1 0.00349071 
32 19
0 0.993031 1 0.00696923 
32 20
0 0.996509 1 0.00349071 
32 21
0 0.993031 1 0.00696923 
32 22
0 0.996509 1 0.00349071 
32 23
0 0.996509 1 0.00349071 
32 24
0 0.996509 1 0.00349071 
32 25
0 0.996509 1 0.00349071 
32 26
0 0.996509 1 0.00349071 
32 27
0 0.993031 1 0.00696923 
32 28
0 0.996509 1 0.00349071 
32 29
0 0.996509 1 0.00349071 
32 30
0 0.996509 1 0.00349071 
32 31
0 0.996509 1 0.00349071 
32 33
0 0.996509 1 0.00349071 
32 34
0 0.996509 1 0.00349071 
32 35
0 0.996509 1 0.00349071 
32 36
0 0.996509 1 0.00349071 
32 37
0 0.996509 1 0.00349071 
32 38
0 0.996509 1 0.00349071 
32 39
0 0.996509 1 0.00349071 
32 40
0 0.996509 1 0.00349071 
32 41
0 0.996509 1 0.00349071 
32 42
0 0.996509 1 0.00349071 
32 43
0 0.996509 1 0.00349071 
32 44
0 0.996509 1 0.00349071 
32 45
0 0.996509 1 0.00349071 
32 46
0 0.996509 1 0.00349071 
32 47
0 0.996509 1 0.00349071 
33 0
0 0.996509 1 0.00349071 
33 1
0 0.996509 1 0.00349071 
33 2
0 0.996509 1 0.00349071 
33 3
0 0.996509 1 0.00349071 
33 4
0 0.996509 1 0.00349071 
33 5
0 0.996509 1 0.00349071 
33 6
0 0.996509 1 0.00349071 
33 7
0 0.996509 1 0.00349071 
33 8
0 0.996509 1 0.00349071 
33 9
0 0.996509 1 0.00349071 
33 10
0 0.996509 1 0.00349071 
33 11
0 0.996509 1 0.00349071 
33 12
0 0.996509 1 0.00349071 
33 13
0 0.996509 1 0.00349071 
33 14
0 0.993031 1 0.00696923 
33 15
0 0.996509 1 0.00349071 
33 16
0 0.996509 1 0.00349071 
33 17
0 0.996509 1 0.00349071 
33 18
0 0.996509 1 0.00349071 
33 19
0 0.993031 1 0.00696923 
33 20
0 0.996509 1 0.00349071 
33 21
0 0.993031 1 0.00696923 
33 22
0 0.996509 1 0.00349071 
33 23
0 0.996509 1 0.00349071 
33 24
0 0.996509 1 0.00349071 
33 25
0 0.996509 1 0.00349071 
33 26
0 0.996509 1 0.00349071 
33 27
0 0.993031 1 0.00696923 
33 28
0 0.996509 1 0.00349071 
33 29
0 0.996509 1 0.00349071 
33 30
0 0.996509 1 0.00349071 
33 31
0 0.996509 1 0.00349071 
33 32
0 0.996509 1 0.00349071 
33 34
0 0.996509 1 0.00349071 
33 35
0 0.996509 1 0.00349071 
33 36
0 0.996509 1 0.00349071 
33 37
0 0.996509 1 0.00349071 
33 38
0 0.996509 1 0.00349071 
33 39
0 0.996509 1 0.00349071 
33 40
0 0.996509 1 0.00349071 
33 41
0 0.996509 1 0.00349071 
33 42
0 0.996509 1 0.00349071 
33 43
0 0.996509 1 0.00349071 
33 44
0 0.996509 1 0.00349071 
33 45
0 0.996509 1 0.00349071 
33 46
0 0.996509 1 0.00349071 
33 47
0 0.996509 1 0.00349071 
34 0
0 0.996509 1 0.00349071 
34 1
0 0.996509 1 0.00349071 
34 2
0 0.996509 1 0.00349071 
34 3
0 0.996509 1 0.00349071 
34 4
0 0.996509 1 0.00349071 
34 5
0 0.996509 1 0.00349071 
34 6
0 0.996509 1 0.00349071 
34 7
0 0.996509 1 0.00349071 
34 8
0 0.996509 1 0.00349071 
34 9
0 0.996509 1 0.00349071 
34 10
0 0.996509 1 0.00349071 
34 11
0 0.996509 1 0.00349071 
34 12
0 0.996509 1 0.00349071 
34 13
0 0.996509 1 0.00349071 
34 14
0 0.993031 1 0.00696923 
34 15
0 0.996509 1 0.00349071 
34 16
0 0.996509 1 0.00349071 
34 17
0 0.996509 1 0.00349071 
34 18
0 0.996509 1 0.00349071 
34 19
0 0.993031 1 0.00696923 
34 20
0 0.996509 1 0.00349071 
34 21
0 0.993031 1 0.00696923 
34 22
0 0.996509 1 0.00349071 
34 23
0 0.996509 1 0.00349071 
34 24
0 0.996509 1 0.00349071 
34 25
0 0.996509 1 0.00349071 
34 26
0 0.996509 1 0.00349071 
34 27
0 0.993031 1 0.00696923 
34 28
0 0.996509 1 0.00349071 
34 29
0 0.996509 1 0.00349071 
34 30
0 0.996509 1 0.00349071 
34 31
0 0.996509 1 0.00349071 
34 32
0 0.996509 1 0.00349071 
34 33
0 0.996509 1 0.00349071 
34 35
0 0.996509 1 0.00349071 
34 36
0 0.996509 1 0.00349071 
34 37
0 0.996509 1 0.00349071 
34 38
0 0.996509 1 0.00349071 
34 39
0 0.996509 1 0.00349071 
34 40
0 0.996509 1 0.00349071 
34 41
0 0.996509 1 0.00349071 
34 42
0 0.996509 1 0.00349071 
34 43
0 0.996509 1 0.00349071 
34 44
0 0.996509 1 0.00349071 
34 45
0 0.996509 1 0.00349071 
34 46
0 0.996509 1 0.00349071 
34 47
0 0.996509 1 0.00349071 
35 0
0 0.996509 1 0.00349071 
35 1
0 0.996509 1 0.00349071 
35 2
0 0.996509 1 0.00349071 
35 3
0 0.996509 1 0.00349071 
35 4
0 0.996509 1 0.00349071 
35 5
0 0.996509 1 0.00349071 
35 6
0 0.996509 1 0.00349071 
35 7
0 0.996509 1 0.00349071 
35 8
0 0.996509 1 0.00349071 
35 9
0 0.996509 1 0.00349071 
35 10
0 0.996509 1 0.00349071 
35 11
0 0.996509 1 0.00349071 
35 12
0 0.996509 1 0.00349071 
35 13
0 0.996509 1 0.00349071 
35 14
0 0.993031 1 0.00696923 
35 15
0 0.996509 1 0.00349071 
35 16
0 0.996509 1 0.00349071 
35 17
0 0.996509 1 0.00349071 
35 18
0 0.996509 1 0.00349071 
35 19
0 0.993031 1 0.00696923 
35 20
0 0.996509 1 0.00349071 
35 21
0 0.993031 1 0.00696923 
35 22
0 0.996509 1 0.00349071 
35 23
0 0.996509 1 0.00349071 
35 24
0 0.996509 1 0.00349071 
35 25
0 0.996509 1 0.00349071 
35 26
0 0.996509 1 0.00349071 
35 27
0 0.993031 1 0.00696923 
35 28
0 0.996509 1 0.00349071 
35 29
0 0.996509 1 0.00349071 
35 30
0 0.996509 1 0.00349071 
35 31
0 0.996509 1 0.00349071 
35 32
0 0.996509 1 0.00349071 
35 33
0 0.996509 1 0.00349071 
35 34
0 0.996509 1 0.00349071 
35 36
0 0.996509 1 0.00349071 
35 37
0 0.996509 1 0.00349071 
35 38
0 0.996509 1 0.00349071 
35 39
0 0.996509 1 0.00349071 
35 40
0 0.996509 1 0.00349071 
35 41
0 0.996509 1 0.00349071 
35 42
0 0.996509 1 0.00349071 
35 43
0 0.996509 1 0.00349071 
35 44
0 0.996509 1 0.00349071 
35 45
0 0.996509 1 0.00349071 
35 46
0 0.996509 1 0.00349071 
35 47
0 0.996509 1 0.00349071 
36 0
0 0.996509 1 0.00349071 
36 1
0 0.996509 1 0.00349071 
36 2
0 0.996509 1 0.00349071 
36 3
0 0.996509 1 0.00349071 
36 4
0 0.996509 1 0.00349071 
36 5
0 0.996509 1 0.00349071 
36 6
0 0.996509 1 0.00349071 
36 7
0 0.996509 1 0.00349071 
36 8
0 0.996509 1 0.00349071 
36 9
0 0.996509 1 0.00349071 
36 10
0 0.996509 1 0.00349071 
36 11
0 0.996509 1 0.00349071 
36 12
0 0.996509 1 0.00349071 
36 13
0 0.996509 1 0.00349071 
36 14
0 0.993031 1 0.00696923 
36 15
0 0.996509 1 0.00349071 
36 16
0 0.996509 1 0.00349071 
36 17
0 0.996509 1 0.00349071 
36 18
0 0.996509 1 0.00349071 
36 19
0 0.993031 1 0.00696923 
36 20
0 0.996509 1 0.00349071 
36 21
0 0.993031 1 0.00696923 
36 22
0 0.996509 1 0.00349071 
36 23
0 0.996509 1 0.00349071 
36 24
0 0.996509 1 0.00349071 
36 25
0 0.996509 1 0.00349071 
36 26
0 0.996509 1 0.00349071 
36 27
0 0.993031 1 0.00696923 
36 28
0 0.996509 1 0.00349071 
36 29
0 0.996509 1 0.00349071 
36 30
0 0.996509 1 0.00349071 
36 31
0 0.996509 1 0.00349071 
36 32
0 0.996509 1 0.00349071 
36 33
0 0.996509 1 0.00349071 
36 34
0 0.996509 1 0.00349071 
36 35
0 0.996509 1 0.00349071 
36 37
0 0.996509 1 0.00349071 
36 38
0 0.996509 1 0.00349071 
36 39
0 0.996509 1 0.00349071 
36 40
0 0.996509 1 0.00349071 
36 41
0 0.996509 1 0.00349071 
36 42
0 0.996509 1 0.00349071 
36 43
0 0.996509 1 0.00349071 
36 44
0 0.996509 1 0.00349071 
36 45
0 0.996509 1 0.00349071 
36 46
0 0.996509 1 0.00349071 
36 47
0 0.996509 1 0.00349071 
37 0
0 0.996509 1 0.00349071 
37 1
0 0.996509 1 0.00349071 
37 2
0 0.996509 1 0.00349071 
37 3
0 0.996509 1 0.00349071 
37 4
0 0.996509 1 0.00349071 
37 5
0 0.996509 1 0.00349071 
37 6
0 0.996509 1 0.00349071 
37 7
0 0.996509 1 0.00349071 
37 8
0 0.996509 1 0.00349071 
37 9
0 0.996509 1 0.00349071 
37 10
0 0.996509 1 0.00349071 
37 11
0 0.996509 1 0.00349071 
37 12
0 0.996509 1 0.00349071 
37 13
0 0.996509 1 0.00349071 
37 14
0 0.993031 1 0.00696923 
37 15
0 0.996509 1 0.00349071 
37 16
0 0.996509 1 0.00349071 
37 17
0 0.996509 1 0.00349071 
37 18
0 0.996509 1 0.00349071 
37 19
0 0.993031 1 0.00696923 
37 20
0 0.996509 1 0.00349071 
37 21
0 0.993031 1 0.00696923 
37 22
0 0.996509 1 0.00349071 
37 23
0 0.996509 1 0.00349071 
37 24
0 0.996509 1 0.00349071 
37 25
0 0.996509 1 0.00349071 
37 26
0 0.996509 1 0.00349071 
37 27
0 0.993031 1 0.00696923 
37 28
0 0.996509 1 0.00349071 
37 29
0 0.996509 1 0.00349071 
37 30
0 0.996509 1 0.00349071 
37 31
0 0.996509 1 0.00349071 
37 32
0 0.996509 1 0.00349071 
37 33
0 0.996509 1 0.00349071 
37 34
0 0.996509 1 0.00349071 
37 35
0 0.996509 1 0.00349071 
37 36
0 0.996509 1 0.00349071 
37 38
0 0.996509 1 0.00349071 
37 39
0 0.996509 1 0.00349071 
37 40
0 0.996509 1 0.00349071 
37 41
0 0.996509 1 0.00349071 
37 42
0 0.996509 1 0.00349071 
37 43
0 0.996509 1 0.00349071 
37 44
0 0.996509 1 0.00349071 
37 45
0 0.996509 1 0.00349071 
37 46
0 0.996509 1 0.00349071 
37 47
0 0.996509 1 0.00349071 
38 0
0 0.996509 1 0.00349071 
38 1
0 0.996509 1 0.00349071 
38 2
0 0.996509 1 0.00349071 
38 3
0 0.996509 1 0.00349071 
38 4
0 0.996509 1 0.00349071 
38 5
0 0.996509 1 0.00349071 
38 6
0 0.996509 1 0.00349071 
38 7
0 0.996509 1 0.00349071 
38 8
0 0.996509 1 0.00349071 
38 9
0 0.996509 1 0.00349071 
38 10
0 0.996509 1 0.00349071 
38 11
0 0.996509 1 0.00349071 
38 12
0 0.996509 1 0.00349071 
38 13
0 0.996509 1 0.00349071 
38 14
0 0.993031 1 0.00696923 
38 15
0 0.996509 1 0.00349071 
38 16
0 0.996509 1 0.00349071 
38 17
0 0.996509 1 0.00349071 
38 18
0 0.996509 1 0.00349071 
38 19
0 0.993031 1 0.00696923 
38 20
0 0.996509 1 0.00349071 
38 21
0 0.993031 1 0.00696923 
38 22
0 0.996509 1 0.00349071 
38 23
0 0.996509 1 0.00349071 
38 24
0 0.996509 1 0.00349071 
38 25
0 0.996509 1 0.00349071 
38 26
0 0.996509 1 0.00349071 
38 27
0 0.993031 1 0.00696923 
38 28
0 0.996509 1 0.00349071 
38 29
0 0.996509 1 0.00349071 
38 30
0 0.996509 1 0.00349071 
38 31
0 0.996509 1 0.00349071 
38 32
0 0.996509 1 0.00349071 
38 33
0 0.996509 1 0.00349071 
38 34
0 0.996509 1 0.00349071 
38 35
0 0.996509 1 0.00349071 
38 36
0 0.996509 1 0.00349071 
38 37
0 0.996509 1 0.00349071 
38 39
0 0.996509 1 0.00349071 
38 40
0 0.996509 1 0.00349071 
38 41
0 0.996509 1 0.00349071 
38 42
0 0.996509 1 0.00349071 
38 43
0 0.996509 1 0.00349071 
38 44
0 0.996509 1 0.00349071 
38 45
0 0.996509 1 0.00349071 
38 46
0 0.996509 1 0.00349071 
38 47
0 0.996509 1 0.00349071 
39 0
0 0.996509 1 0.00349071 
39 1
0 0.996509 1 0.00349071 
39 2
0 0.996509 1 0.00349071 
39 3
0 0.996509 1 0.00349071 
39 4
0 0.996509 1 0.00349071 
39 5
0 0.996509 1 0.00349071 
39 6
0 0.996509 1 0.00349071 
39 7
0 0.996509 1 0.00349071 
39 8
0 0.996509 1 0.00349071 
39 9
0 0.996509 1 0.00349071 
39 10
0 0.996509 1 0.00349071 
39 11
0 0.996509 1 0.00349071 
39 12
0 0.996509 1 0.00349071 
39 13
0 0.996509 1 0.00349071 
39 14
0 0.993031 1 0.00696923 
39 15
0 0.996509 1 0.00349071 
39 16
0 0.996509 1 0.00349071 
39 17
0 0.996509 1 0.00349071 
39 18
0 0.996509 1 0.00349071 
39 19
0 0.993031 1 0.00696923 
39 20
0 0.996509 1 0.00349071 
39 21
0 0.993031 1 0.00696923 
39 22
0 0.996509 1 0.00349071 
39 23
0 0.996509 1 0.00349071 
39 24
0 0.996509 1 0.00349071 
39 25
0 0.996509 1 0.00349071 
39 26
0 0.996509 1 0.00349071 
39 27
0 0.993031 1 0.00696923 
39 28
0 0.996509 1 0.00349071 
39 29
0 0.996509 1 0.00349071 
39 30
0 0.996509 1 0.00349071 
39 31
0 0.996509 1 0.00349071 
39 32
0 0.996509 1 0.00349071 
39 33
0 0.996509 1 0.00349071 
39 34
0 0.996509 1 0.00349071 
39 35
0 0.996509 1 0.00349071 
39 36
0 0.996509 1 0.00349071 
39 37
0 0.996509 1 0.00349071 
39 38
0 0.996509 1 0.00349071 
39 40
0 0.996509 1 0.00349071 
39 41
0 0.996509 1 0.00349071 
39 42
0 0.996509 1 0.00349071 
39 43
0 0.996509 1 0.00349071 
39 44
0 0.996509 1 0.00349071 
39 45
0 0.996509 1 0.00349071 
39 46
0 0.996509 1 0.00349071 
39 47
0 0.996509 1 0.00349071 
40 0
0 0.996509 1 0.00349071 
40 1
0 0.996509 1 0.00349071 
40 2
0 0.996509 1 0.00349071 
40 3
0 0.996509 1 0.00349071 
40 4
0 0.996509 1 0.00349071 
40 5
0 0.996509 1 0.00349071 
40 6
0 0.996509 1 0.00349071 
40 7
0 0.996509 1 0.00349071 
40 8
0 0.996509 1 0.00349071 
40 9
0 0.996509 1 0.00349071 
40 10
0 0.996509 1 0.00349071 
40 11
0 0.996509 1 0.00349071 
40 12
0 0.996509 1 0.00349071 
40 13
0 0.996509 1 0.00349071 
40 14
0 0.993031 1 0.00696923 
40 15
0 0.996509 1 0.00349071 
40 16
0 0.996509 1 0.00349071 
40 17
0 0.996509 1 0.00349071 
40 18
0 0.996509 1 0.00349071 
40 19
0 0.993031 1 0.00696923 
40 20
0 0.996509 1 0.00349071 
40 21
0 0.993031 1 0.00696923 
40 22
0 0.996509 1 0.00349071 
40 23
0 0.996509 1 0.00349071 
40 24
0 0.996509 1 0.00349071 
40 25
0 0.996509 1 0.00349071 
40 26
0 0.996509 1 0.00349071 
40 27
0 0.993031 1 0.00696923 
40 28
0 0.996509 1 0.00349071 
40 29
0 0.996509 1 0.00349071 
40 30
0 0.996509 1 0.00349071 
40 31
0 0.996509 1 0.00349071 
40 32
0 0.996509 1 0.00349071 
40 33
0 0.996509 1 0.00349071 
40 34
0 0.996509 1 0.00349071 
40 35
0 0.996509 1 0.00349071 
40 36
0 0.996509 1 0.00349071 
40 37
0 0.996509 1 0.00349071 
40 38
0 0.996509 1 0.00349071 
40 39
0 0.996509 1 0.00349071 
40 41
0 0.996509 1 0.00349071 
40 42
0 0.996509 1 0.00349071 
40 43
0 0.996509 1 0.00349071 
40 44
0 0.996509 1 0.00349071 
40 45
0 0.996509 1 0.00349071 
40 46
0 0.996509 1 0.00349071 
40 47
0 0.996509 1 0.00349071 
41 0
0 0.996509 1 0.00349071 
41 1
0 0.996509 1 0.00349071 
41 2
0 0.996509 1 0.00349071 
41 3
0 0.996509 1 0.00349071 
41 4
0 0.996509 1 0.00349071 
41 5
0 0.996509 1 0.00349071 
41 6
0 0.996509 1 0.00349071 
41 7
0 0.996509 1 0.00349071 
41 8
0 0.996509 1 0.00349071 
41 9
0 0.996509 1 0.00349071 
41 10
0 0.996509 1 0.00349071 
41 11
0 0.996509 1 0.00349071 
41 12
0 0.996509 1 0.00349071 
41 13
0 0.996509 1 0.00349071 
41 14
0 0.993031 1 0.00696923 
41 15
0 0.996509 1 0.00349071 
41 16
0 0.996509 1 0.00349071 
41 17
0 0.996509 1 0.00349071 
41 18
0 0.996509 1 0.00349071 
41 19
0 0.993031 1 0.00696923 
41 20
0 0.996509 1 0.00349071 
41 21
0 0.993031 1 0.00696923 
41 22
0 0.996509 1 0.00349071 
41 23
0 0.996509 1 0.00349071 
41 24
0 0.996509 1 0.00349071 
41 25
0 0.996509 1 0.00349071 
41 26
0 0.996509 1 0.00349071 
41 27
0 0.993031 1 0.00696923 
41 28
0 0.996509 1 0.00349071 
41 29
0 0.996509 1 0.00349071 
41 30
0 0.996509 1 0.00349071 
41 31
0 0.996509 1 0.00349071 
41 32
0 0.996509 1 0.00349071 
41 33
0 0.996509 1 0.00349071 
41 34
0 0.996509 1 0.00349071 
41 35
0 0.996509 1 0.00349071 
41 36
0 0.996509 1 0.00349071 
41 37
0 0.996509 1 0.00349071 
41 38
0 0.996509 1 0.00349071 
41 39
0 0.996509 1 0.00349071 
41 40
0 0.996509 1 0.00349071 
41 42
0 0.996509 1 0.00349071 
41 43
0 0.996509 1 0.00349071 
41 44
0 0.996509 1 0.00349071 
41 45
0 0.996509 1 0.00349071 
41 46
0 0.996509 1 0.00349071 
41 47
0 0.996509 1 0.00349071 
42 0
0 0.996509 1 0.00349071 
42 1
0 0.996509 1 0.00349071 
42 2
0 0.996509 1 0.00349071 
42 3
0 0.996509 1 0.00349071 
42 4
0 0.996509 1 0.00349071 
42 5
0 0.996509 1 0.00349071 
42 6
0 0.996509 1 0.00349071 
42 7
0 0.996509 1 0.00349071 
42 8
0 0.996509 1 0.00349071 
42 9
0 0.996509 1 0.00349071 
42 10
0 0.996509 1 0.00349071 
42 11
0 0.996509 1 0.00349071 
42 12
0 0.996509 1 0.00349071 
42 13
0 0.996509 1 0.00349071 
42 14
0 0.993031 1 0.00696923 
42 15
0 0.996509 1 0.00349071 
42 16
0 0.996509 1 0.00349071 
42 17
0 0.996509 1 0.00349071 
42 18
0 0.996509 1 0.00349071 
42 19
0 0.993031 1 0.00696923 
42 20
0 0.996509 1 0.00349071 
42 21
0 0.993031 1 0.00696923 
42 22
0 0.996509 1 0.00349071 
42 23
0 0.996509 1 0.00349071 
42 24
0 0.996509 1 0.00349071 
42 25
0 0.996509 1 0.00349071 
42 26
0 0.996509 1 0.00349071 
42 27
0 0.993031 1 0.00696923 
42 28
0 0.996509 1 0.00349071 
42 29
0 0.996509 1 0.00349071 
42 30
0 0.996509 1 0.00349071 
42 31
0 0.996509 1 0.00349071 
42 32
0 0.996509 1 0.00349071 
42 33
0 0.996509 1 0.00349071 
42 34
0 0.996509 1 0.00349071 
42 35
0 0.996509 1 0.00349071 
42 36
0 0.996509 1 0.00349071 
42 37
0 0.996509 1 0.00349071 
42 38
0 0.996509 1 0.00349071 
42 39
0 0.996509 1 0.00349071 
42 40
0 0.996509 1 0.00349071 
42 41
0 0.996509 1 0.00349071 
42 43
0 0.996509 1 0.00349071 
42 44
0 0.996509 1 0.00349071 
42 45
0 0.996509 1 0.00349071 
42 46
0 0.996509 1 0.00349071 
42 47
0 0.996509 1 0.00349071 
43 0
0 0.996509 1 0.00349071 
43 1
0 0.996509 1 0.00349071 
43 2
0 0.996509 1 0.00349071 
43 3
0 0.996509 1 0.00349071 
43 4
0 0.996509 1 0.00349071 
43 5
0 0.996509 1 0.00349071 
43 6
0 0.996509 1 0.00349071 
43 7
0 0.996509 1 0.00349071 
43 8
0 0.996509 1 0.00349071 
43 9
0 0.996509 1 0.00349071 
43 10
0 0.996509 1 0.00349071 
43 11
0 0.996509 1 0.00349071 
43 12
0 0.996509 1 0.00349071 
43 13
0 0.996509 1 0.00349071 
43 14
0 0.993031 1 0.00696923 
43 15
0 0.996509 1 0.00349071 
43 16
0 0.996509 1 0.00349071 
43 17
0 0.996509 1 0.00349071 
43 18
0 0.996509 1 0.00349071 
43 19
0 0.993031 1 0.00696923 
43 20
0 0.996509 1 0.00349071 
43 21
0 0.993031 1 0.00696923 
43 22
0 0.996509 1 0.00349071 
43 23
0 0.996509 1 0.00349071 
43 24
0 0.996509 1 0.00349071 
43 25
0 0.996509 1 0.00349071 
43 26
0 0.996509 1 0.00349071 
43 27
0 0.993031 1 0.00696923 
43 28
0 0.996509 1 0.00349071 
43 29
0 0.996509 1 0.00349071 
43 30
0 0.996509 1 0.00349071 
43 31
0 0.996509 1 0.00349071 
43 32
0 0.996509 1 0.00349071 
43 33
0 0.996509 1 0.00349071 
43 34
0 0.996509 1 0.00349071 
43 35
0 0.996509 1 0.00349071 
43 36
0 0.996509 1 0.00349071 
43 37
0 0.996509 1 0.00349071 
43 38
0 0.996509 1 0.00349071 
43 39
0 0.996509 1 0.00349071 
43 40
0 0.996509 1 0.00349071 
43 41
0 0.996509 1 0.00349071 
43 42
0 0.996509 1 0.00349071 
43 44
0 0.996509 1 0.00349071 
43 45
0 0.996509 1 0.00349071 
43 46
0 0.996509 1 0.00349071 
43 47
0 0.996509 1 0.00349071 
44 0
0 0.996509 1 0.00349071 
44 1
0 0.996509 1 0.00349071 
44 2
0 0.996509 1 0.00349071 
44 3
0 0.996509 1 0.00349071 
44 4
0 0.996509 1 0.00349071 
44 5
0 0.996509 1 0.00349071 
44 6
0 0.996509 1 0.00349071 
44 7
0 0.996509 1 0.00349071 
44 8
0 0.996509 1 0.00349071 
44 9
0 0.996509 1 0.00349071 
44 10
0 0.996509 1 0.00349071 
44 11
0 0.996509 1 0.00349071 
44 12
0 0.996509 1 0.00349071 
44 13
0 0.996509 1 0.00349071 
44 14
0 0.993031 1 0.00696923 
44 15
0 0.996509 1 0.00349071 
44 16
0 0.996509 1 0.00349071 
44 17
0 0.996509 1 0.00349071 
44 18
0 0.996509 1 0.00349071 
44 19
0 0.993031 1 0.00696923 
44 20
0 0.996509 1 0.00349071 
44 21
0 0.993031 1 0.00696923 
44 22
0 0.996509 1 0.00349071 
44 23
0 0.996509 1 0.00349071 
44 24
0 0.996509 1 0.00349071 
44 25
0 0.996509 1 0.00349071 
44 26
0 0.996509 1 0.00349071 
44 27
0 0.993031 1 0.00696923 
44 28
0 0.996509 1 0.00349071 
44 29
0 0.996509 1 0.00349071 
44 30
0 0.996509 1 0.00349071 
44 31
0 0.996509 1 0.00349071 
44 32
0 0.996509 1 0.00349071 
44 33
0 0.996509 1 0.00349071 
44 34
0 0.996509 1 0.00349071 
44 35
0 0.996509 1 0.00349071 
44 36
0 0.996509 1 0.00349071 
44 37
0 0.996509 1 0.00349071 
44 38
0 0.996509 1 0.00349071 
44 39
0 0.996509 1 0.00349071 
44 40
0 0.996509 1 0.00349071 
44 41
0 0.996509 1 0.00349071 
44 42
0 0.996509 1 0.00349071 
44 43
0 0.996509 1 0.00349071 
44 45
0 0.996509 1 0.00349071 
44 46
0 0.996509 1 0.00349071 
44 47
0 0.996509 1 0.00349071 
45 0
0 0.996509 1 0.00349071 
45 1
0 0.996509 1 0.00349071 
45 2
0 0.996509 1 0.00349071 
45 3
0 0.996509 1 0.00349071 
45 4
0 0.996509 1 0.00349071 
45 5
0 0.996509 1 0.00349071 
45 6
0 0.996509 1 0.00349071 
45 7
0 0.996509 1 0.00349071 
45 8
0 0.996509 1 0.00349071 
45 9
0 0.996509 1 0.00349071 
45 10
0 0.996509 1 0.00349071 
45 11
0 0.996509 1 0.00349071 
45 12
0 0.996509 1 0.00349071 
45 13
0 0.996509 1 0.00349071 
45 14
0 0.993031 1 0.00696923 
45 15
0 0.996509 1 0.00349071 
45 16
0 0.996509 1 0.00349071 
45 17
0 0.996509 1 0.00349071 
45 18
0 0.996509 1 0.00349071 
45 19
0 0.993031 1 0.00696923 
45 20
0 0.996509 1 0.00349071 
45 21
0 0.993031 1 0.00696923 
45 22
0 0.996509 1 0.00349071 
45 23
0 0.996509 1 0.00349071 
45 24
0 0.996509 1 0.00349071 
45 25
0 0.996509 1 0.00349071 
45 26
0 0.996509 1 0.00349071 
45 27
0 0.993031 1 0.00696923 
45 28
0 0.996509 1 0.00349071 
45 29
0 0.996509 1 0.00349071 
45 30
0 0.996509 1 0.00349071 
45 31
0 0.996509 1 0.00349071 
45 32
0 0.996509 1 0.00349071 
45 33
0 0.996509 1 0.00349071 
45 34
0 0.996509 1 0.00349071 
45 35
0 0.996509 1 0.00349071 
45 36
0 0.996509 1 0.00349071 
45 37
0 0.996509 1 0.00349071 
45 38
0 0.996509 1 0.00349071 
45 39
0 0.996509 1 0.00349071 
45 40
0 0.996509 1 0.00349071 
45 41
0 0.996509 1 0.00349071 
45 42
0 0.996509 1 0.00349071 
45 43
0 0.996509 1 0.00349071 
45 44
0 0.996509 1 0.00349071 
45 46
0 0.996509 1 0.00349071 
45 47
0 0.996509 1 0.00349071 
46 0
0 0.996509 1 0.00349071 
46 1
0 0.996509 1 0.00349071 
46 2
0 0.996509 1 0.00349071 
46 3
0 0.996509 1 0.00349071 
46 4
0 0.996509 1 0.00349071 
46 5
0 0.996509 1 0.00349071 
46 6
0 0.996509 1 0.00349071 
46 7
0 0.996509 1 0.00349071 
46 8
0 0.996509 1 0.00349071 
46 9
0 0.996509 1 0.00349071 
46 10
0 0.996509 1 0.00349071 
46 11
0 0.996509 1 0.00349071 
46 12
0 0.996509 1 0.00349071 
46 13
0 0.996509 1 0.00349071 
46 14
0 0.993031 1 0.00696923 
46 15
0 0.996509 1 0.00349071 
46 16
0 0.996509 1 0.00349071 
46 17
0 0.996509 1 0.00349071 
46 18
0 0.996509 1 0.00349071 
46 19
0 0.993031 1 0.00696923 
46 20
0 0.996509 1 0.00349071 
46 21
0 0.993031 1 0.00696923 
46 22
0 0.996509 1 0.00349071 
46 23
0 0.996509 1 0.00349071 
46 24
0 0.996509 1 0.00349071 
46 25
0 0.996509 1 0.00349071 
46 26
0 0.996509 1 0.00349071 
46 27
0 0.993031 1 0.00696923 
46 28
0 0.996509 1 0.00349071 
46 29
0 0.996509 1 0.00349071 
46 30
0 0.996509 1 0.00349071 
46 31
0 0.996509 1 0.00349071 
46 32
0 0.996509 1 0.00349071 
46 33
0 0.996509 1 0.00349071 
46 34
0 0.996509 1 0.00349071 
46 35
0 0.996509 1 0.00349071 
46 36
0 0.996509 1 0.00349071 
46 37
0 0.996509 1 0.00349071 
46 38
0 0.996509 1 0.00349071 
46 39
0 0.996509 1 0.00349071 
46 40
0 0.996509 1 0.00349071 
46 41
0 0.996509 1 0.00349071 
46 42
0 0.996509 1 0.00349071 
46 43
0 0.996509 1 0.00349071 
46 44
0 0.996509 1 0.00349071 
46 45
0 0.996509 1 0.00349071 
46 47
0 0.996509 1 0.00349071 
47 0
0 0.996509 1 0.00349071 
47 1
0 0.996509 1 0.00349071 
47 2
0 0.996509 1 0.00349071 
47 3
0 0.996509 1 0.00349071 
47 4
0 0.996509 1 0.00349071 
47 5
0 0.996509 1 0.00349071 
47 6
0 0.996509 1 0.00349071 
47 7
0 0.996509 1 0.00349071 
47 8
0 0.996509 1 0.00349071 
47 9
0 0.996509 1 0.00349071 
47 10
0 0.996509 1 0.00349071 
47 11
0 0.996509 1 0.00349071 
47 12
0 0.996509 1 0.00349071 
47 13
0 0.996509 1 0.00349071 
47 14
0 0.993031 1 0.00696923 
47 15
0 0.996509 1 0.00349071 
47 16
0 0.996509 1 0.00349071 
47 17
0 0.996509 1 0.00349071 
47 18
0 0.996509 1 0.00349071 
47 19
0 0.993031 1 0.00696923 
47 20
0 0.996509 1 0.00349071 
47 21
0 0.993031 1 0.00696923 
47 22
0 0.996509 1 0.00349071 
47 23
0 0.996509 1 0.00349071 
47 24
0 0.996509 1 0.00349071 
47 25
0 0.996509 1 0.00349071 
47 26
0 0.996509 1 0.00349071 
47 27
0 0.993031 1 0.00696923 
47 28
0 0.996509 1 0.00349071 
47 29
0 0.996509 1 0.00349071 
47 30
0 0.996509 1 0.00349071 
47 31
0 0.996509 1 0.00349071 
47 32
0 0.996509 1 0.00349071 
47 33
0 0.996509 1 0.00349071 
47 34
0 0.996509 1 0.00349071 
47 35
0 0.996509 1 0.00349071 
47 36
0 0.996509 1 0.00349071 
47 37
0 0.996509 1 0.00349071 
47 38
0 0.996509 1 0.00349071 
47 39
0 0.996509 1 0.00349071 
47 40
0 0.996509 1 0.00349071 
47 41
0 0.996509 1 0.00349071 
47 42
0 0.996509 1 0.00349071 
47 43
0 0.996509 1 0.00349071 
47 44
0 0.996509 1 0.00349071 
47 45
0 0.996509 1 0.00349071 
47 46
0 0.996509 1 0.00349071 
