c 	gr96_tsp_96_4_4_6_44_50_58_932_0_0_0_100_1631895_0_0
c 	nn 96
c 	nm 4
c 	oComp 4
c 	ooProb 0.0176757
c 	coProb 0.0350389
c 	ooD 3.25232
c 	coD 25.7886
c 	ccD 29.041
c 	totD 58.0819
c 	ooD/totD 0.0559954
c 	coD/totD 0.444005
c 	ccD/totD 0.5
c 	ccEval 2.42008
c 	ooN 184
c 	coN 736
c 	ccN 12
c 	totN 932
c 	totN / nn(nn-1)=0.102193
c 	 TYPE: TSPLIB
96
1690 2083 2440 2632 2709 2834 2922 3243 3583 3177 3825 4127 4075 4207 4803 5706 5934 5948 5823 5969 6448 6002 5793 5264 6681 6803 7208 882 656 759 925 2205 1697 1624 1224 1328 1691 2386 2565 2754 2875 3006 2396 2770 3479 3984 4182 3088 3512 3703 3753 4032 4758 3971 4783 4786 4885 5573 5592 6175 6193 6361 6881 7688 7278 7304 7338 4840 5314 6353 6483 6624 6911 7010 7286 7469 7590 3956 5922 5914 6084 6237 6950 7200 7217 7250 7680 7636 7533 7018 8461 8646 8575 9682 8972 
1690 525 816 969 1049 1198 1250 1624 1980 2174 2262 2581 2585 2785 3430 4366 4592 4638 4513 4818 5401 5110 5000 4509 5744 6050 6339 1115 1511 1635 1810 1791 1884 2073 2077 2194 2476 2807 2794 2980 3010 3066 2270 2436 3065 3479 3630 3121 3408 3889 3731 3926 4462 4067 4879 4883 4756 5550 5303 5936 5897 5955 6458 7060 6894 6988 7038 5135 5654 6397 6545 6755 7160 7154 7304 7597 7911 5015 7282 6532 6634 6915 7364 7595 7626 7761 8123 8198 8153 7768 8542 8558 8286 9502 8405 
2083 525 847 876 948 1123 1085 1528 1880 2450 2192 2513 2566 2807 3459 4389 4608 4671 4549 4925 5541 5315 5242 4773 5921 6285 6530 1621 2001 2134 2318 2252 2403 2597 2595 2713 3000 3322 3296 3478 3498 3545 2749 2875 3463 3842 3977 3594 3854 4368 4183 4360 4848 4530 5331 5335 5171 5974 5676 6310 6259 6290 6781 7318 7222 7330 7384 5613 6132 6822 6972 7193 7613 7590 7716 8026 8370 5539 7794 7035 7130 7421 7839 8067 8100 8247 8598 8688 8650 8278 8955 8935 8620 9849 8664 
2440 816 847 228 289 395 509 814 1167 1648 1447 1767 1780 1996 2647 3583 3806 3860 3736 4087 4698 4471 4405 3945 5075 5444 5684 1706 2119 2207 2336 1730 2114 2370 2532 2633 2836 2959 2857 3015 2997 3010 2246 2267 2765 3093 3210 3045 3232 3815 3567 3705 4114 3935 4698 4702 4473 5281 4920 5552 5489 5497 5978 6482 6420 6539 6596 5038 5554 6127 6279 6515 6963 6907 6996 7330 7727 5303 7683 6537 6601 6938 7240 7456 7493 7675 7993 8125 8112 7804 8230 8170 7819 9055 7828 
2632 969 876 228 81 249 293 670 1028 1749 1329 1651 1692 1932 2583 3514 3733 3796 3673 4059 4685 4492 4446 4002 5078 5477 5693 1922 2335 2427 2560 1935 2339 2597 2760 2860 3063 3176 3066 3220 3196 3203 2449 2447 2912 3215 3321 3234 3402 4000 3737 3863 4240 4109 4859 4863 4612 5421 5032 5661 5591 5584 6056 6523 6498 6625 6683 5214 5728 6264 6416 6658 7115 7047 7120 7464 7879 5526 7910 6726 6784 7129 7406 7618 7656 7846 8155 8299 8291 7996 8350 8270 7896 9136 7864 
2709 1049 948 289 81 176 221 591 949 1726 1252 1574 1619 1862 2513 3443 3661 3725 3602 3995 4624 4440 4399 3960 5021 5427 5637 1992 2405 2495 2624 1960 2384 2645 2819 2918 3114 3211 3093 3244 3216 3219 2472 2457 2906 3198 3299 3248 3406 4011 3741 3860 4222 4114 4857 4861 4601 5409 5009 5636 5564 5551 6020 6476 6462 6592 6651 5219 5732 6250 6402 6646 7107 7035 7101 7449 7872 5566 7958 6739 6793 7143 7405 7615 7654 7848 8153 8302 8297 8010 8329 8241 7859 9099 7815 
2834 1198 1123 395 249 176 205 428 786 1606 1082 1404 1444 1687 2338 3267 3486 3550 3427 3822 4452 4275 4241 3808 4852 5265 5469 2089 2500 2582 2701 1938 2406 2676 2878 2973 3151 3204 3070 3214 3176 3170 2443 2399 2812 3083 3177 3195 3331 3950 3665 3772 4107 4041 4769 4774 4495 5302 4883 5508 5432 5411 5875 6316 6317 6451 6510 5146 5656 6140 6292 6540 7007 6926 6981 7336 7772 5571 7980 6679 6725 7085 7318 7524 7565 7767 8062 8221 8223 7952 8206 8105 7712 8953 7654 
2922 1250 1085 509 293 221 205 455 797 1798 1114 1433 1505 1767 2412 3331 3545 3616 3495 3919 4559 4409 4388 3967 4972 5404 5591 2212 2626 2716 2844 2137 2588 2853 3036 3134 3325 3399 3270 3415 3379 3374 2644 2603 3013 3276 3365 3399 3535 4155 3869 3974 4299 4246 4971 4975 4691 5497 5068 5691 5611 5582 6041 6458 6482 6621 6681 5350 5859 6334 6486 6735 7205 7120 7169 7527 7970 5762 8163 6884 6930 7290 7520 7725 7765 7970 8262 8424 8426 8157 8391 8281 7875 9117 7792 
3243 1624 1528 814 670 591 428 455 359 1545 664 986 1050 1315 1958 2876 3091 3161 3041 3471 4115 3987 3984 3583 4536 4987 5156 2470 2876 2947 3050 2122 2671 2951 3201 3287 3433 3402 3234 3359 3300 3273 2601 2488 2799 3002 3069 3286 3364 4014 3691 3763 4014 4072 4754 4759 4430 5227 4750 5363 5274 5223 5667 6044 6107 6255 6317 5168 5667 6051 6202 6461 6946 6838 6858 7232 7708 5776 8214 6729 6755 7139 7292 7487 7530 7755 8023 8211 8229 8003 8067 7926 7492 8734 7371 
3583 1980 1880 1167 1028 949 786 797 359 1560 323 636 734 1022 1644 2546 2757 2833 2715 3176 3830 3745 3771 3400 4267 4750 4888 2791 3192 3253 3344 2308 2905 3191 3475 3554 3674 3577 3384 3493 3418 3374 2757 2592 2813 2955 2997 3378 3407 4076 3724 3766 3943 4106 4744 4748 4379 5162 4639 5239 5139 5062 5488 5809 5924 6083 6147 5185 5672 5970 6120 6387 6884 6755 6745 7133 7641 5943 8396 6762 6770 7174 7259 7443 7489 7731 7976 8188 8219 8030 7936 7762 7296 8535 7123 
3177 2174 2450 1648 1749 1726 1606 1798 1545 1560 1500 1608 1410 1342 1762 2581 2805 2800 2679 2794 3307 2951 2827 2337 3603 3877 4183 2298 2582 2565 2553 1125 1831 2105 2535 2568 2546 2213 1962 2031 1926 1858 1392 1108 1258 1478 1573 1849 1847 2520 2165 2220 2501 2547 3210 3214 2897 3701 3284 3912 3844 3850 4335 4888 4776 4892 4948 3632 4126 4536 4688 4939 5413 5322 5376 5730 6178 4498 6961 5205 5219 5616 5749 5946 5988 6210 6483 6667 6685 6474 6604 6525 6175 7409 6235 
3825 2262 2192 1447 1329 1252 1082 1114 664 323 1500 323 418 715 1324 2224 2435 2511 2393 2860 3517 3453 3495 3146 3960 4458 4581 3006 3397 3447 3522 2381 3019 3308 3627 3698 3788 3624 3409 3501 3411 3352 2794 2584 2720 2808 2829 3347 3332 4012 3638 3653 3768 4017 4613 4617 4217 4986 4430 5017 4910 4816 5228 5517 5661 5827 5892 5076 5551 5778 5927 6199 6704 6559 6528 6925 7456 5967 8430 6660 6653 7071 7100 7276 7323 7579 7805 8034 8076 7919 7705 7509 7024 8260 6823 
4127 2581 2513 1767 1651 1574 1404 1433 986 636 1608 323 237 514 1046 1920 2126 2208 2092 2588 3252 3232 3301 2989 3708 4234 4328 3297 3681 3724 3789 2582 3244 3533 3876 3941 4009 3793 3560 3637 3534 3462 2961 2714 2766 2794 2791 3449 3391 4076 3683 3669 3712 4055 4603 4607 4174 4922 4328 4896 4780 4663 5054 5290 5481 5657 5723 5087 5546 5692 5839 6116 6629 6466 6408 6816 7372 6105 8569 6671 6649 7081 7049 7215 7264 7534 7737 7986 8041 7919 7563 7338 6827 8056 6581 
4075 2585 2566 1780 1692 1619 1444 1505 1050 734 1410 418 237 303 912 1827 2043 2112 1991 2443 3100 3044 3097 2770 3543 4048 4164 3227 3600 3633 3685 2426 3103 3392 3754 3813 3862 3612 3370 3440 3332 3255 2782 2518 2542 2560 2555 3239 3167 3853 3456 3438 3476 3827 4368 4372 3938 4687 4096 4669 4554 4444 4843 5106 5272 5444 5510 4854 5311 5459 5606 5883 6395 6234 6181 6587 7139 5906 8368 6438 6414 6848 6813 6979 7028 7298 7502 7751 7805 7684 7341 7126 6626 7859 6409 
4207 2785 2807 1996 1932 1862 1687 1767 1315 1022 1342 715 514 303 652 1587 1810 1866 1743 2158 2809 2741 2796 2475 3247 3745 3868 3342 3699 3719 3753 2424 3119 3404 3794 3844 3863 3553 3294 3347 3228 3138 2733 2433 2376 2344 2322 3114 3004 3688 3278 3237 3226 3641 4144 4148 3694 4429 3821 4385 4267 4150 4544 4804 4972 5146 5212 4643 5088 5189 5335 5614 6130 5960 5896 6306 6869 5798 8252 6223 6189 6631 6559 6720 6770 7047 7240 7498 7558 7459 7049 6828 6324 7556 6109 
4803 3430 3459 2647 2583 2513 2338 2412 1958 1644 1762 1324 1046 912 652 938 1163 1214 1091 1542 2207 2231 2349 2127 2669 3221 3287 3928 4265 4271 4285 2886 3592 3867 4291 4328 4302 3898 3614 3633 3494 3380 3115 2763 2534 2365 2285 3341 3144 3806 3371 3270 3094 3705 4082 4086 3573 4240 3561 4073 3937 3771 4116 4270 4529 4720 4789 4613 5014 4938 5078 5364 5890 5683 5566 5993 6602 6016 8432 6163 6096 6561 6362 6500 6552 6856 7001 7296 7381 7354 6666 6391 5840 7057 5546 
5706 4366 4389 3583 3514 3443 3267 3331 2876 2546 2581 2224 1920 1827 1587 938 229 289 182 845 1485 1758 2006 2011 1989 2640 2573 4826 5145 5139 5133 3694 4394 4655 5106 5129 5060 4566 4264 4246 4090 3956 3843 3455 3066 2757 2616 3900 3615 4216 3773 3602 3214 4053 4243 4246 3677 4207 3454 3851 3691 3449 3690 3632 4059 4276 4347 4795 5119 4780 4904 5193 5719 5460 5259 5705 6371 6484 8805 6252 6140 6626 6244 6343 6399 6736 6805 7151 7269 7350 6248 5889 5264 6434 4825 
5934 4592 4608 3806 3733 3661 3486 3545 3091 2757 2805 2435 2126 2043 1810 1163 229 147 169 802 1388 1745 2025 2088 1896 2570 2458 5054 5372 5364 5357 3915 4613 4872 5326 5348 5272 4765 4462 4438 4279 4143 4053 3662 3252 2922 2772 4085 3786 4373 3931 3748 3321 4198 4349 4352 3776 4269 3506 3870 3706 3446 3655 3533 4009 4232 4303 4902 5207 4808 4927 5215 5738 5468 5246 5694 6372 6643 8939 6331 6209 6698 6273 6363 6420 6764 6813 7170 7296 7403 6200 5819 5175 6328 4692 
5948 4638 4671 3860 3796 3725 3550 3616 3161 2833 2800 2511 2208 2112 1866 1214 289 147 126 656 1246 1600 1884 1964 1754 2425 2320 5067 5376 5364 5350 3900 4594 4849 5309 5327 5240 4716 4411 4380 4219 4080 4020 3623 3188 2842 2686 4020 3709 4285 3845 3653 3207 4103 4233 4235 3657 4137 3372 3729 3563 3301 3509 3393 3863 4085 4156 4786 5083 4667 4786 5073 5596 5324 5100 5548 6227 6555 8834 6203 6078 6568 6133 6221 6278 6622 6669 7027 7155 7267 6054 5674 5033 6189 4561 
5823 4513 4549 3736 3673 3602 3427 3495 3041 2715 2679 2393 2092 1991 1743 1091 182 169 126 684 1309 1614 1881 1926 1815 2473 2395 4942 5253 5242 5229 3781 4477 4733 5191 5210 5127 4611 4307 4280 4120 3982 3907 3513 3091 2756 2605 3924 3621 4205 3764 3579 3155 4030 4183 4185 3611 4112 3352 3728 3565 3313 3538 3458 3901 4120 4192 4736 5044 4662 4784 5072 5596 5331 5119 5565 6238 6475 8770 6170 6050 6539 6128 6221 6278 6619 6676 7028 7151 7249 6092 5724 5093 6258 4644 
5969 4818 4925 4087 4059 3995 3822 3919 3471 3176 2794 2860 2588 2443 2158 1542 845 802 656 684 671 946 1246 1408 1159 1795 1764 5092 5360 5326 5283 3822 4485 4716 5197 5197 5063 4468 4157 4098 3930 3780 3852 3440 2904 2488 2306 3711 3352 3867 3438 3214 2678 3654 3688 3691 3105 3526 2754 3082 2915 2647 2856 2799 3218 3437 3508 4239 4501 4024 4140 4426 4947 4671 4445 4892 5572 6120 8319 5604 5467 5959 5488 5571 5628 5976 6016 6377 6508 6638 5408 5044 4423 5603 4026 
6448 5401 5541 4698 4685 4624 4452 4559 4115 3830 3307 3517 3252 3100 2809 2207 1485 1388 1246 1309 671 670 1037 1432 508 1195 1095 5583 5819 5769 5704 4260 4886 5093 5583 5570 5395 4743 4434 4346 4175 4017 4216 3801 3188 2717 2515 3940 3538 3959 3559 3297 2642 3710 3584 3586 3003 3272 2501 2702 2526 2212 2328 2149 2649 2879 2950 4115 4301 3644 3744 4022 4526 4224 3949 4398 5100 6145 8200 5347 5182 5674 5089 5145 5203 5565 5556 5941 6090 6287 4834 4435 3788 4950 3357 
6002 5110 5315 4471 4492 4440 4275 4409 3987 3745 2951 3453 3232 3044 2741 2231 1758 1745 1600 1614 946 670 368 805 682 1005 1232 5159 5359 5295 5211 3798 4382 4568 5062 5038 4837 4156 3851 3749 3577 3418 3692 3283 2628 2135 1929 3338 2921 3306 2917 2647 1974 3051 2917 2918 2335 2641 1865 2142 1973 1702 1938 2064 2325 2532 2603 3451 3655 3087 3199 3485 4004 3726 3505 3951 4628 5477 7540 4723 4570 5063 4550 4628 4685 5035 5070 5433 5566 5714 4503 4179 3610 4829 3385 
5793 5000 5242 4405 4446 4399 4241 4388 3984 3771 2827 3495 3301 3097 2796 2349 2006 2025 1884 1881 1246 1037 368 530 966 1050 1418 4968 5142 5069 4973 3593 4144 4314 4807 4776 4558 3860 3558 3446 3275 3116 3445 3043 2363 1859 1652 3034 2606 2959 2581 2303 1612 2698 2550 2551 1968 2293 1517 1847 1685 1453 1768 2079 2185 2372 2441 3085 3296 2784 2903 3191 3716 3455 3268 3709 4366 5114 7175 4375 4230 4723 4249 4340 4397 4739 4799 5148 5272 5392 4323 4047 3530 4766 3423 
5264 4509 4773 3945 4002 3960 3808 3967 3583 3400 2337 3146 2989 2770 2475 2127 2011 2088 1964 1926 1408 1432 805 530 1471 1560 1947 4442 4613 4540 4445 3065 3615 3788 4281 4252 4041 3353 3049 2945 2773 2614 2917 2514 1838 1338 1131 2534 2118 2531 2128 1869 1272 2291 2283 2285 1701 2199 1463 1946 1812 1675 2088 2552 2526 2683 2747 2834 3120 2827 2962 3251 3778 3559 3443 3867 4478 4746 6912 4244 4130 4617 4274 4395 4450 4770 4886 5199 5300 5345 4576 4364 3911 5153 3899 
6681 5744 5921 5075 5078 5021 4852 4972 4536 4267 3603 3960 3708 3543 3247 2669 1989 1896 1754 1815 1159 508 682 966 1471 706 622 5834 6039 5976 5892 4478 5064 5249 5743 5717 5511 4821 4518 4409 4238 4079 4374 3965 3305 2808 2601 3997 3571 3909 3541 3259 2536 3639 3396 3397 2834 2981 2234 2333 2156 1817 1864 1643 2160 2394 2465 3902 4030 3259 3347 3617 4108 3791 3491 3938 4649 6012 7948 5024 4842 5330 4680 4719 4777 5145 5110 5506 5665 5899 4338 3929 3280 4446 2877 
6803 6050 6285 5444 5477 5427 5265 5404 4987 4750 3877 4458 4234 4048 3745 3221 2640 2570 2425 2473 1795 1195 1005 1050 1560 706 555 5995 6149 6068 5958 4614 5131 5280 5769 5726 5479 4750 4463 4328 4162 4004 4426 4037 3336 2827 2625 3918 3473 3687 3374 3075 2297 3396 3002 3003 2488 2464 1783 1734 1560 1201 1167 1060 1456 1689 1760 3462 3515 2623 2698 2957 3434 3108 2792 3238 3951 5640 7419 4439 4239 4720 4011 4038 4096 4467 4415 4817 4982 5245 3640 3251 2635 3838 2389 
7208 6339 6530 5684 5693 5637 5469 5591 5156 4888 4183 4581 4328 4164 3868 3287 2573 2458 2320 2395 1764 1095 1232 1418 1947 622 555 6376 6559 6487 6390 5006 5560 5726 6218 6183 5953 5237 4943 4817 4648 4489 4860 4459 3774 3267 3061 4404 3964 4216 3887 3591 2824 3929 3556 3556 3036 3012 2338 2261 2091 1728 1597 1094 1785 2027 2093 4016 4060 3117 3180 3425 3878 3537 3178 3614 4336 6194 7954 4957 4748 5223 4459 4464 4522 4897 4804 5223 5400 5707 3892 3431 2743 3871 2263 
882 1115 1621 1706 1922 1992 2089 2212 2470 2791 2298 3006 3297 3227 3342 3928 4826 5054 5067 4942 5092 5583 5159 4968 4442 5834 5995 6376 414 522 697 1382 1047 1119 986 1108 1429 1925 2012 2209 2292 2395 1676 2001 2713 3204 3394 2469 2852 3174 3133 3386 4058 3408 4237 4241 4248 4990 4907 5516 5514 5646 6166 6918 6580 6629 6669 4388 4892 5808 5948 6120 6465 6517 6741 6973 7186 3954 6173 5648 5783 6009 6586 6829 6853 6939 7338 7356 7285 6840 7954 8070 7921 9078 8229 
656 1511 2001 2119 2335 2405 2500 2626 2876 3192 2582 3397 3681 3600 3699 4265 5145 5372 5376 5253 5360 5819 5359 5142 4613 6039 6149 6559 414 159 373 1563 1045 1005 702 825 1182 1799 1947 2141 2251 2374 1742 2115 2824 3328 3527 2455 2870 3102 3122 3395 4110 3359 4180 4184 4252 4959 4948 5539 5552 5712 6233 7033 6634 6665 6701 4276 4766 5755 5889 6043 6356 6435 6689 6893 7057 3645 5803 5449 5600 5795 6435 6682 6703 6764 7179 7168 7083 6607 7882 8040 7943 9067 8320 
759 1635 2134 2207 2427 2495 2582 2716 2947 3253 2565 3447 3724 3633 3719 4271 5139 5364 5364 5242 5326 5769 5295 5069 4540 5976 6068 6487 522 159 215 1511 943 871 544 667 1025 1656 1815 2007 2122 2250 1647 2032 2735 3242 3443 2332 2754 2964 2998 3275 4000 3226 4044 4047 4129 4827 4833 5418 5435 5603 6123 6937 6520 6547 6581 4130 4617 5617 5751 5901 6209 6292 6552 6750 6906 3490 5663 5292 5445 5637 6283 6530 6550 6609 7025 7012 6926 6449 7740 7906 7820 8936 8215 
925 1810 2318 2336 2560 2624 2701 2844 3050 3344 2553 3522 3789 3685 3753 4285 5133 5357 5350 5229 5283 5704 5211 4973 4445 5892 5958 6390 697 373 215 1462 830 706 331 453 813 1465 1642 1830 1953 2087 1533 1931 2623 3131 3335 2171 2601 2780 2833 3115 3853 3047 3860 3863 3964 4649 4679 5256 5278 5456 5976 6807 6366 6387 6419 3932 4416 5431 5563 5708 6009 6098 6365 6557 6702 3281 5476 5080 5234 5424 6076 6324 6343 6399 6817 6800 6713 6235 7547 7723 7653 8758 8073 
2205 1791 2252 1730 1935 1960 1938 2137 2122 2308 1125 2381 2582 2426 2424 2886 3694 3915 3900 3781 3822 4260 3798 3593 3065 4478 4614 5006 1382 1563 1511 1462 706 984 1413 1443 1440 1280 1134 1286 1271 1299 516 660 1350 1829 2015 1345 1618 2120 1940 2141 2733 2280 3088 3092 2985 3769 3585 4209 4190 4295 4813 5539 5235 5300 5345 3362 3881 4613 4760 4966 5370 5365 5528 5810 6123 3655 6096 4820 4897 5217 5588 5815 5848 6000 6347 6444 6415 6082 6763 6810 6600 7787 6857 
1697 1884 2403 2114 2339 2384 2406 2588 2671 2905 1831 3019 3244 3103 3119 3592 4394 4613 4594 4477 4485 4886 4382 4144 3615 5064 5131 5560 1047 1045 943 830 706 290 716 738 771 926 968 1165 1245 1353 706 1102 1796 2304 2507 1429 1831 2128 2097 2360 3066 2362 3191 3195 3221 3949 3906 4501 4510 4667 5188 5994 5590 5625 5662 3350 3858 4763 4902 5074 5422 5470 5696 5927 6149 3194 5575 4665 4782 5041 5560 5800 5826 5929 6315 6355 6296 5889 6907 7031 6907 8047 7276 
1624 2073 2597 2370 2597 2645 2676 2853 2951 3191 2105 3308 3533 3392 3404 3867 4655 4872 4849 4733 4716 5093 4568 4314 3788 5249 5280 5726 1119 1005 871 706 984 290 494 482 484 810 944 1137 1252 1382 878 1292 1952 2459 2665 1466 1896 2098 2129 2410 3149 2356 3176 3180 3261 3956 3974 4552 4573 4751 5271 6110 5661 5682 5715 3286 3783 4751 4886 5042 5366 5435 5686 5894 6077 2959 5314 4532 4664 4897 5470 5714 5738 5820 6221 6238 6168 5735 6881 7036 6951 8066 7369 
1224 2077 2595 2532 2760 2819 2878 3036 3201 3475 2535 3627 3876 3754 3794 4291 5106 5326 5309 5191 5197 5583 5062 4807 4281 5743 5769 6218 986 702 544 331 1413 716 494 125 483 1167 1374 1554 1690 1832 1371 1784 2445 2952 3158 1918 2358 2486 2569 2859 3614 2761 3565 3568 3697 4361 4426 4990 5020 5212 5730 6586 6111 6122 6153 3617 4096 5132 5261 5400 5692 5787 6064 6246 6380 2970 5208 4750 4905 5093 5750 5998 6017 6070 6489 6471 6382 5906 7237 7427 7378 8467 7832 
1328 2194 2713 2633 2860 2918 2973 3134 3287 3554 2568 3698 3941 3813 3844 4328 5129 5348 5327 5210 5197 5570 5038 4776 4252 5717 5726 6183 1108 825 667 453 1443 738 482 125 367 1079 1304 1477 1619 1766 1355 1769 2414 2918 3125 1852 2296 2396 2495 2789 3551 2675 3472 3476 3620 4272 4356 4913 4946 5145 5661 6529 6038 6045 6074 3513 3988 5036 5164 5299 5584 5684 5967 6143 6268 2847 5094 4630 4787 4972 5636 5885 5903 5952 6373 6351 6262 5783 7134 7332 7295 8374 7765 
1691 2476 3000 2836 3063 3114 3151 3325 3433 3674 2546 3788 4009 3862 3863 4302 5060 5272 5240 5127 5063 5395 4837 4558 4041 5511 5479 5953 1429 1182 1025 813 1440 771 484 483 367 756 1019 1173 1329 1483 1222 1626 2212 2703 2910 1570 2018 2057 2189 2488 3262 2343 3127 3131 3302 3931 4049 4592 4633 4845 5357 6246 5725 5723 5750 3152 3624 4685 4811 4940 5220 5325 5613 5783 5902 2540 4852 4268 4422 4613 5269 5518 5537 5587 6008 5988 5901 5429 6775 6981 6961 8027 7461 
2386 2807 3322 2959 3176 3211 3204 3399 3402 3577 2213 3624 3793 3612 3553 3898 4566 4765 4716 4611 4468 4743 4156 3860 3353 4821 4750 5237 1925 1799 1656 1465 1280 926 810 1167 1079 756 311 424 589 748 833 1136 1567 2028 2231 833 1278 1320 1433 1733 2511 1597 2399 2402 2547 3194 3294 3839 3878 4090 4602 5496 4970 4970 4999 2479 2974 3968 4099 4246 4559 4637 4901 5095 5268 2375 4820 3742 3864 4116 4661 4905 4929 5017 5413 5438 5375 4964 6085 6262 6216 7300 6706 
2565 2794 3296 2857 3066 3093 3070 3270 3234 3384 1962 3409 3560 3370 3294 3614 4264 4462 4411 4307 4157 4434 3851 3558 3049 4518 4463 4943 2012 1947 1815 1642 1134 968 944 1374 1304 1019 311 197 316 466 633 862 1256 1719 1924 552 1000 1164 1195 1486 2250 1412 2236 2240 2325 3012 3053 3618 3646 3842 4358 5232 4738 4750 4781 2383 2892 3811 3947 4112 4455 4507 4746 4964 5181 2561 5021 3739 3841 4126 4597 4836 4863 4976 5355 5408 5360 4986 5948 6093 6012 7122 6462 
2754 2980 3478 3015 3220 3244 3214 3415 3359 3493 2031 3501 3637 3440 3347 3633 4246 4438 4380 4280 4098 4346 3749 3446 2945 4409 4328 4817 2209 2141 2007 1830 1286 1165 1137 1554 1477 1173 424 197 172 331 773 924 1198 1631 1831 413 855 967 1019 1316 2090 1219 2041 2045 2144 2820 2880 3437 3470 3674 4187 5074 4562 4569 4599 2187 2698 3616 3752 3915 4258 4310 4550 4768 4986 2469 4933 3558 3655 3949 4404 4642 4670 4786 5162 5220 5175 4810 5752 5900 5826 6930 6292 
2875 3010 3498 2997 3196 3216 3176 3379 3300 3418 1926 3411 3534 3332 3228 3494 4090 4279 4219 4120 3930 4175 3577 3275 2773 4238 4162 4648 2292 2251 2122 1953 1271 1245 1252 1690 1619 1329 589 316 172 160 757 828 1033 1460 1660 245 691 891 881 1170 1936 1117 1946 1950 2012 2710 2738 3304 3331 3527 4042 4919 4422 4436 4467 2132 2648 3519 3657 3830 4189 4227 4452 4683 4925 2574 5036 3550 3634 3946 4358 4592 4622 4752 5117 5191 5154 4811 5662 5793 5701 6817 6146 
3006 3066 3545 3010 3203 3219 3170 3374 3273 3374 1858 3352 3462 3255 3138 3380 3956 4143 4080 3982 3780 4017 3418 3116 2614 4079 4004 4489 2395 2374 2250 2087 1299 1353 1382 1832 1766 1483 748 466 331 160 797 785 892 1304 1503 87 535 824 749 1029 1785 1019 1848 1852 1880 2597 2596 3170 3192 3381 3898 4767 4282 4300 4333 2070 2589 3414 3555 3736 4109 4135 4346 4588 4852 2661 5117 3527 3599 3928 4298 4529 4560 4703 5057 5146 5117 4795 5563 5679 5571 6698 6001 
2396 2270 2749 2246 2449 2472 2443 2644 2601 2757 1392 2794 2961 2782 2733 3115 3843 4053 4020 3907 3852 4216 3692 3445 2917 4374 4426 4860 1676 1742 1647 1533 516 706 878 1371 1355 1222 833 633 773 757 797 415 1091 1600 1803 852 1185 1621 1486 1719 2385 1802 2624 2628 2579 3340 3232 3840 3839 3980 4501 5292 4909 4954 4994 2867 3385 4174 4318 4511 4898 4910 5099 5360 5644 3186 5642 4306 4388 4702 5095 5325 5357 5499 5854 5940 5907 5567 6326 6409 6246 7407 6581 
2770 2436 2875 2267 2447 2457 2399 2603 2488 2592 1108 2584 2714 2518 2433 2763 3455 3662 3623 3513 3440 3801 3283 3043 2514 3965 4037 4459 2001 2115 2032 1931 660 1102 1292 1784 1769 1626 1136 862 924 828 785 415 714 1215 1413 800 980 1554 1312 1491 2076 1671 2457 2461 2327 3116 2929 3550 3534 3650 4169 4926 4587 4647 4690 2772 3289 3962 4110 4322 4739 4720 4873 5162 5497 3392 5856 4283 4337 4688 4983 5204 5240 5411 5739 5860 5846 5555 6109 6151 5945 7129 6230 
3479 3065 3463 2765 2912 2906 2812 3013 2799 2813 1258 2720 2766 2542 2376 2534 3066 3252 3188 3091 2904 3188 2628 2363 1838 3305 3336 3774 2713 2824 2735 2623 1350 1796 1952 2445 2414 2212 1567 1256 1198 1033 892 1091 714 509 714 834 629 1314 919 965 1399 1298 1961 1965 1712 2519 2246 2875 2847 2945 3463 4213 3885 3954 4000 2375 2869 3367 3518 3751 4203 4144 4253 4572 4967 3483 5907 3950 3961 4361 4508 4713 4753 4962 5250 5418 5431 5218 5492 5494 5254 6451 5517 
3984 3479 3842 3093 3215 3198 3083 3276 3002 2955 1478 2808 2794 2560 2344 2365 2757 2922 2842 2756 2488 2717 2135 1859 1338 2808 2827 3267 3204 3328 3242 3131 1829 2304 2459 2952 2918 2703 2028 1719 1631 1460 1304 1600 1215 509 208 1230 870 1466 1023 908 1025 1341 1810 1814 1428 2226 1835 2468 2420 2485 2997 3715 3427 3511 3560 2299 2752 3059 3210 3463 3944 3845 3905 4253 4707 3728 6090 3881 3856 4290 4304 4491 4536 4778 5025 5234 5270 5125 5138 5093 4810 6023 5028 
4182 3630 3977 3210 3321 3299 3177 3365 3069 2997 1573 2829 2791 2555 2322 2285 2616 2772 2686 2605 2306 2515 1929 1652 1131 2601 2625 3061 3394 3527 3443 3335 2015 2507 2665 3158 3125 2910 2231 1924 1831 1660 1503 1803 1413 714 208 1427 1047 1602 1160 998 947 1446 1825 1828 1388 2166 1712 2343 2283 2325 2832 3525 3266 3359 3411 2338 2768 2983 3134 3395 3887 3770 3805 4166 4646 3872 6206 3908 3868 4314 4271 4449 4496 4751 4980 5206 5252 5137 5031 4963 4656 5877 4845 
3088 3121 3594 3045 3234 3248 3195 3399 3286 3378 1849 3347 3449 3239 3114 3341 3900 4085 4020 3924 3711 3940 3338 3034 2534 3997 3918 4404 2469 2455 2332 2171 1345 1429 1466 1918 1852 1570 833 552 413 245 87 852 800 834 1230 1427 449 776 669 945 1699 953 1780 1784 1798 2521 2511 3087 3108 3295 3812 4680 4197 4217 4250 2019 2538 3343 3484 3669 4048 4068 4274 4520 4793 2688 5139 3493 3559 3896 4246 4475 4507 4655 5005 5100 5075 4763 5493 5603 5489 6619 5915 
3512 3408 3854 3232 3402 3406 3331 3535 3364 3407 1847 3332 3391 3167 3004 3144 3615 3786 3709 3621 3352 3538 2921 2606 2118 3571 3473 3964 2852 2870 2754 2601 1618 1831 1896 2358 2296 2018 1278 1000 855 691 535 1185 980 629 870 1047 449 686 335 535 1256 711 1477 1481 1396 2158 2080 2671 2682 2856 3375 4234 3767 3795 3832 1815 2327 2997 3143 3348 3759 3747 3918 4192 4517 2885 5289 3366 3398 3776 4009 4228 4264 4444 4764 4897 4892 4639 5149 5224 5077 6227 5476 
3703 3889 4368 3815 4000 4011 3950 4155 4014 4076 2520 4012 4076 3853 3688 3806 4216 4373 4285 4205 3867 3959 3306 2959 2531 3909 3687 4216 3174 3102 2964 2780 2120 2128 2098 2486 2396 2057 1320 1164 967 891 824 1621 1554 1314 1466 1602 776 686 444 662 1393 303 1081 1084 1285 1877 2056 2553 2610 2860 3354 4301 3696 3678 3702 1247 1765 2654 2788 2949 3299 3344 3588 3801 4035 2270 4629 2730 2787 3136 3475 3707 3738 3881 4234 4325 4301 4002 4786 4944 4905 5981 5446 
3753 3731 4183 3567 3737 3741 3665 3869 3691 3724 2165 3638 3683 3456 3278 3371 3773 3931 3845 3764 3438 3559 2917 2581 2128 3541 3374 3887 3133 3122 2998 2833 1940 2097 2129 2569 2495 2189 1433 1195 1019 881 749 1486 1312 919 1023 1160 669 335 444 304 1091 383 1149 1153 1132 1858 1862 2424 2452 2657 3169 4068 3544 3555 3588 1482 1992 2688 2832 3029 3432 3428 3615 3876 4187 2712 5069 3041 3067 3452 3675 3894 3930 4109 4430 4562 4558 4313 4841 4937 4823 5951 5274 
4032 3926 4360 3705 3863 3860 3772 3974 3763 3766 2220 3653 3669 3438 3237 3270 3602 3748 3653 3579 3214 3297 2647 2303 1869 3259 3075 3591 3386 3395 3275 3115 2141 2360 2410 2859 2789 2488 1733 1486 1316 1170 1029 1719 1491 965 908 998 945 535 662 304 787 451 998 1002 862 1629 1568 2144 2164 2359 2873 3765 3253 3272 3307 1423 1908 2472 2620 2833 3262 3231 3388 3671 4024 2909 5210 3007 3005 3419 3547 3755 3795 3998 4293 4454 4467 4268 4622 4690 4549 5693 4977 
4758 4462 4848 4114 4240 4222 4107 4299 4014 3943 2501 3768 3712 3476 3226 3094 3214 3321 3207 3155 2678 2642 1974 1612 1272 2536 2297 2824 4058 4110 4000 3853 2733 3066 3149 3614 3551 3262 2511 2250 2090 1936 1785 2385 2076 1399 1025 947 1699 1256 1393 1091 787 1109 1029 1032 480 1220 853 1478 1459 1604 2124 2985 2526 2573 2615 1582 1929 2038 2190 2449 2941 2826 2882 3229 3700 3503 5642 3077 3003 3471 3338 3509 3557 3823 4038 4275 4332 4262 4116 4096 3869 5056 4221 
3971 4067 4530 3935 4109 4114 4041 4246 4072 4106 2547 4017 4055 3827 3641 3705 4053 4198 4103 4030 3654 3710 3051 2698 2291 3639 3396 3929 3408 3359 3226 3047 2280 2362 2356 2761 2675 2343 1597 1412 1219 1117 1019 1802 1671 1298 1341 1446 953 711 303 383 451 1109 831 834 983 1602 1754 2256 2310 2557 3053 3998 3398 3384 3409 1106 1620 2402 2541 2718 3096 3116 3336 3570 3845 2466 4760 2659 2687 3070 3314 3538 3572 3740 4071 4191 4183 3931 4547 4681 4621 5712 5146 
4783 4879 5331 4698 4859 4857 4769 4971 4754 4744 3210 4613 4603 4368 4144 4082 4243 4349 4233 4183 3688 3584 2917 2550 2283 3396 3002 3556 4237 4180 4044 3860 3088 3191 3176 3565 3472 3127 2399 2236 2041 1946 1848 2624 2457 1961 1810 1825 1780 1477 1081 1149 998 1029 831 5 586 812 1225 1568 1664 1973 2417 3416 2708 2658 2674 554 945 1575 1712 1889 2283 2288 2510 2741 3040 2638 4636 2086 2047 2490 2549 2759 2798 3002 3297 3458 3477 3317 3717 3864 3846 4903 4458 
4786 4883 5335 4702 4863 4861 4774 4975 4759 4748 3214 4617 4607 4372 4148 4086 4246 4352 4235 4185 3691 3586 2918 2551 2285 3397 3003 3556 4241 4184 4047 3863 3092 3195 3180 3568 3476 3131 2402 2240 2045 1950 1852 2628 2461 1965 1814 1828 1784 1481 1084 1153 1002 1032 834 5 588 809 1224 1566 1663 1972 2416 3415 2706 2656 2672 551 941 1572 1708 1885 2279 2284 2506 2737 3036 2638 4634 2082 2043 2487 2545 2755 2794 2998 3293 3454 3473 3313 3713 3861 3844 4899 4456 
4885 4756 5171 4473 4612 4601 4495 4691 4430 4379 2897 4217 4174 3938 3694 3573 3677 3776 3657 3611 3105 3003 2335 1968 1701 2834 2488 3036 4248 4252 4129 3964 2985 3221 3261 3697 3620 3302 2547 2325 2144 2012 1880 2579 2327 1712 1428 1388 1798 1396 1285 1132 862 480 983 586 588 809 774 1294 1333 1576 2071 3021 2425 2426 2457 1134 1452 1656 1807 2046 2517 2436 2549 2860 3281 3180 5222 2598 2523 2991 2884 3065 3111 3364 3598 3818 3867 3784 3787 3831 3691 4831 4168 
5573 5550 5974 5281 5421 5409 5302 5497 5227 5162 3701 4986 4922 4687 4429 4240 4207 4269 4137 4112 3526 3272 2641 2293 2199 2981 2464 3012 4990 4959 4827 4649 3769 3949 3956 4361 4272 3931 3194 3012 2820 2710 2597 3340 3116 2519 2226 2166 2521 2158 1877 1858 1629 1220 1602 812 809 809 777 821 957 1310 1681 2696 1925 1857 1869 1064 1054 849 1000 1239 1722 1627 1761 2054 2482 3266 4971 2083 1942 2433 2132 2293 2342 2623 2819 3071 3143 3147 2994 3083 3035 4110 3665 
5592 5303 5676 4920 5032 5009 4883 5068 4750 4639 3284 4430 4328 4096 3821 3561 3454 3506 3372 3352 2754 2501 1865 1517 1463 2234 1783 2338 4907 4948 4833 4679 3585 3906 3974 4426 4356 4049 3294 3053 2880 2738 2596 3232 2929 2246 1835 1712 2511 2080 2056 1862 1568 853 1754 1225 1224 774 777 634 607 804 1309 2248 1688 1723 1763 1684 1804 1378 1520 1805 2329 2140 2109 2496 3052 3858 5717 2859 2714 3207 2812 2940 2994 3308 3441 3741 3838 3898 3323 3260 3017 4206 3413 
6175 5936 6310 5552 5661 5636 5508 5691 5363 5239 3912 5017 4896 4669 4385 4073 3851 3870 3729 3728 3082 2702 2142 1847 1946 2333 1734 2261 5516 5539 5418 5256 4209 4501 4552 4990 4913 4592 3839 3618 3437 3304 3170 3840 3550 2875 2468 2343 3087 2671 2553 2424 2144 1478 2256 1568 1566 1294 821 634 178 534 861 1876 1147 1133 1164 1885 1822 946 1058 1345 1869 1620 1513 1925 2538 4086 5693 2706 2513 2999 2408 2494 2550 2895 2959 3301 3427 3586 2704 2626 2407 3579 2900 
6193 5897 6259 5489 5591 5564 5432 5611 5274 5139 3844 4910 4780 4554 4267 3937 3691 3706 3563 3565 2915 2526 1973 1685 1812 2156 1560 2091 5514 5552 5435 5278 4190 4510 4573 5020 4946 4633 3878 3646 3470 3331 3192 3839 3534 2847 2420 2283 3108 2682 2610 2452 2164 1459 2310 1664 1663 1333 957 607 178 364 755 1756 1093 1116 1157 2015 1980 1120 1227 1512 2033 1772 1633 2057 2688 4220 5863 2882 2690 3176 2578 2658 2715 3063 3115 3464 3594 3762 2798 2681 2411 3607 2837 
6361 5955 6290 5497 5584 5551 5411 5582 5223 5062 3850 4816 4663 4444 4150 3771 3449 3446 3301 3313 2647 2212 1702 1453 1675 1817 1201 1728 5646 5712 5603 5456 4295 4667 4751 5212 5145 4845 4090 3842 3674 3527 3381 3980 3650 2945 2485 2325 3295 2856 2860 2657 2359 1604 2557 1973 1972 1576 1310 804 534 364 522 1450 942 1043 1100 2358 2342 1442 1534 1810 2317 2027 1815 2258 2927 4563 6226 3239 3041 3525 2878 2938 2996 3354 3370 3739 3882 4084 2903 2704 2332 3560 2621 
6881 6458 6781 5978 6056 6020 5875 6041 5667 5488 4335 5228 5054 4843 4544 4116 3690 3655 3509 3538 2856 2328 1938 1768 2088 1864 1167 1597 6166 6233 6123 5976 4813 5188 5271 5730 5661 5357 4602 4358 4187 4042 3898 4501 4169 3463 2997 2832 3812 3375 3354 3169 2873 2124 3053 2417 2416 2071 1681 1309 861 755 522 1017 442 604 673 2744 2647 1551 1597 1832 2283 1948 1627 2075 2786 4941 6439 3413 3189 3651 2864 2878 2936 3309 3248 3652 3820 4110 2566 2284 1841 3080 2105 
7688 7060 7318 6482 6523 6476 6316 6458 6044 5809 4888 5517 5290 5106 4804 4270 3632 3533 3393 3458 2799 2149 2064 2079 2552 1643 1060 1094 6918 7033 6937 6807 5539 5994 6110 6586 6529 6246 5496 5232 5074 4919 4767 5292 4926 4213 3715 3525 4680 4234 4301 4068 3765 2985 3998 3416 3415 3021 2696 2248 1876 1756 1450 1017 924 1139 1190 3760 3656 2496 2511 2701 3071 2709 2285 2687 3405 5958 7379 4350 4110 4547 3644 3602 3658 4034 3871 4307 4505 4897 2830 2343 1649 2805 1347 
7278 6894 7222 6420 6498 6462 6317 6482 6107 5924 4776 5661 5481 5272 4972 4529 4059 4009 3863 3901 3218 2649 2325 2185 2526 2160 1456 1785 6580 6634 6520 6366 5235 5590 5661 6111 6038 5725 4970 4738 4562 4422 4282 4909 4587 3885 3427 3266 4197 3767 3696 3544 3253 2526 3398 2708 2706 2425 1925 1688 1147 1093 942 442 924 242 310 2971 2800 1590 1594 1777 2157 1800 1403 1831 2555 5134 6458 3431 3188 3623 2735 2710 2767 3144 3023 3447 3633 3990 2192 1863 1400 2638 1754 
7304 6988 7330 6539 6625 6592 6451 6621 6255 6083 4892 5827 5657 5444 5146 4720 4276 4232 4085 4120 3437 2879 2532 2372 2683 2394 1689 2027 6629 6665 6547 6387 5300 5625 5682 6122 6045 5723 4970 4750 4569 4436 4300 4954 4647 3954 3511 3359 4217 3795 3678 3555 3272 2573 3384 2658 2656 2426 1857 1723 1133 1116 1043 604 1139 242 72 2879 2670 1427 1413 1575 1932 1572 1164 1590 2314 5012 6262 3241 2993 3417 2507 2476 2532 2909 2782 3207 3394 3762 1973 1683 1301 2520 1811 
7338 7038 7384 6596 6683 6651 6510 6681 6317 6147 4948 5892 5723 5510 5212 4789 4347 4303 4156 4192 3508 2950 2603 2441 2747 2465 1760 2093 6669 6701 6581 6419 5345 5662 5715 6153 6074 5750 4999 4781 4599 4467 4333 4994 4690 4000 3560 3411 4250 3832 3702 3588 3307 2615 3409 2674 2672 2457 1869 1763 1164 1157 1100 673 1190 310 72 2882 2660 1407 1386 1537 1882 1520 1104 1526 2250 5003 6223 3207 2957 3376 2454 2418 2474 2851 2718 3145 3334 3708 1902 1617 1255 2466 1807 
4840 5135 5613 5038 5214 5219 5146 5350 5168 5185 3632 5076 5087 4854 4643 4613 4795 4902 4786 4736 4239 4115 3451 3085 2834 3902 3462 4016 4388 4276 4130 3932 3362 3350 3286 3617 3513 3152 2479 2383 2187 2132 2070 2867 2772 2375 2299 2338 2019 1815 1247 1482 1423 1582 1106 554 551 1134 1064 1684 1885 2015 2358 2744 3760 2971 2879 2882 520 1592 1698 1795 2081 2174 2490 2632 2799 2206 4092 1585 1588 1996 2229 2461 2491 2640 2988 3089 3078 2846 3624 3865 3962 4920 4688 
5314 5654 6132 5554 5728 5732 5656 5859 5667 5672 4126 5551 5546 5311 5088 5014 5119 5207 5083 5044 4501 4301 3655 3296 3120 4030 3515 4060 4892 4766 4617 4416 3881 3858 3783 4096 3988 3624 2974 2892 2698 2648 2589 3385 3289 2869 2752 2768 2538 2327 1765 1992 1908 1929 1620 945 941 1452 1054 1804 1822 1980 2342 2647 3656 2800 2670 2660 520 1277 1350 1383 1598 1735 2101 2185 2295 2344 3919 1149 1104 1549 1711 1946 1975 2122 2470 2572 2567 2373 3172 3463 3639 4519 4452 
6353 6397 6822 6127 6264 6250 6140 6334 6051 5970 4536 5778 5692 5459 5189 4938 4780 4808 4667 4662 4024 3644 3087 2784 2827 3259 2623 3117 5808 5755 5617 5431 4613 4763 4751 5132 5036 4685 3968 3811 3616 3519 3414 4174 3962 3367 3059 2983 3343 2997 2654 2688 2472 2038 2402 1575 1572 1656 849 1378 946 1120 1442 1551 2496 1590 1427 1407 1592 1277 152 427 953 788 935 1205 1681 3614 4894 1864 1639 2107 1466 1570 1625 1957 2064 2376 2490 2644 2153 2297 2377 3346 3179 
6483 6545 6972 6279 6416 6402 6292 6486 6202 6120 4688 5927 5839 5606 5335 5078 4904 4927 4786 4784 4140 3744 3199 2903 2962 3347 2698 3180 5948 5889 5751 5563 4760 4902 4886 5261 5164 4811 4099 3947 3752 3657 3555 4318 4110 3518 3210 3134 3484 3143 2788 2832 2620 2190 2541 1712 1708 1807 1000 1520 1058 1227 1534 1597 2511 1594 1413 1386 1698 1350 152 290 818 636 803 1055 1534 3671 4869 1839 1602 2055 1351 1440 1496 1837 1925 2248 2369 2552 2010 2174 2290 3226 3129 
6624 6755 7193 6515 6658 6646 6540 6735 6461 6387 4939 6199 6116 5883 5614 5364 5193 5215 5073 5072 4426 4022 3485 3191 3251 3617 2957 3425 6120 6043 5901 5708 4966 5074 5042 5400 5299 4940 4246 4112 3915 3830 3736 4511 4322 3751 3463 3395 3669 3348 2949 3029 2833 2449 2718 1889 1885 2046 1239 1805 1345 1512 1810 1832 2701 1777 1575 1537 1795 1383 427 290 529 400 722 853 1257 3639 4688 1674 1421 1846 1068 1151 1207 1551 1637 1958 2082 2288 1840 2082 2296 3138 3206 
6911 7160 7613 6963 7115 7107 7007 7205 6946 6884 5413 6704 6629 6395 6130 5890 5719 5738 5596 5596 4947 4526 4004 3716 3778 4108 3434 3878 6465 6356 6209 6009 5370 5422 5366 5692 5584 5220 4559 4455 4258 4189 4109 4898 4739 4203 3944 3887 4048 3759 3299 3432 3262 2941 3096 2283 2279 2517 1722 2329 1869 2033 2317 2283 3071 2157 1932 1882 2081 1598 953 818 529 365 834 657 766 3655 4398 1492 1222 1550 582 625 682 1039 1113 1433 1566 1836 1598 1989 2376 3017 3383 
7010 7154 7590 6907 7047 7035 6926 7120 6838 6755 5322 6559 6466 6234 5960 5683 5460 5468 5324 5331 4671 4224 3726 3455 3559 3791 3108 3537 6517 6435 6292 6098 5365 5470 5435 5787 5684 5325 4637 4507 4310 4227 4135 4910 4720 4144 3845 3770 4068 3747 3344 3428 3231 2826 3116 2288 2284 2436 1627 2140 1620 1772 2027 1948 2709 1800 1572 1520 2174 1735 788 636 400 365 479 459 920 3915 4757 1817 1549 1905 936 931 989 1362 1346 1718 1875 2191 1451 1744 2055 2794 3037 
7286 7304 7716 6996 7120 7101 6981 7169 6858 6745 5376 6528 6408 6181 5896 5566 5259 5246 5100 5119 4445 3949 3505 3268 3443 3491 2792 3178 6741 6689 6552 6365 5528 5696 5686 6064 5967 5613 4901 4746 4550 4452 4346 5099 4873 4253 3905 3805 4274 3918 3588 3615 3388 2882 3336 2510 2506 2549 1761 2109 1513 1633 1815 1627 2285 1403 1164 1104 2490 2101 935 803 722 834 479 450 1162 4352 5232 2293 2026 2382 1377 1318 1373 1750 1628 2046 2231 2619 1239 1375 1592 2430 2558 
7469 7597 8026 7330 7464 7449 7336 7527 7232 7133 5730 6925 6816 6587 6306 5993 5705 5694 5548 5565 4892 4398 3951 3709 3867 3938 3238 3614 6973 6893 6750 6557 5810 5927 5894 6246 6143 5783 5095 4964 4768 4683 4588 5360 5162 4572 4253 4166 4520 4192 3801 3876 3671 3229 3570 2741 2737 2860 2054 2496 1925 2057 2258 2075 2687 1831 1590 1526 2632 2185 1205 1055 853 657 459 450 724 4310 4962 2137 1869 2151 1073 954 1004 1369 1193 1622 1819 2263 992 1333 1756 2367 2800 
7590 7911 8370 7727 7879 7872 7772 7970 7708 7641 6178 7456 7372 7139 6869 6602 6371 6372 6227 6238 5572 5100 4628 4366 4478 4649 3951 4336 7186 7057 6906 6702 6123 6149 6077 6380 6268 5902 5268 5181 4986 4925 4852 5644 5497 4967 4707 4646 4793 4517 4035 4187 4024 3700 3845 3040 3036 3281 2482 3052 2538 2688 2927 2786 3405 2555 2314 2250 2799 2295 1681 1534 1257 766 920 1162 724 4117 4411 1859 1616 1739 685 444 460 733 469 904 1112 1630 1159 1724 2322 2628 3403 
3956 5015 5539 5303 5526 5566 5571 5762 5776 5943 4498 5967 6105 5906 5798 6016 6484 6643 6555 6475 6120 6145 5477 5114 4746 6012 5640 6194 3954 3645 3490 3281 3655 3194 2959 2970 2847 2540 2375 2561 2469 2574 2661 3186 3392 3483 3728 3872 2688 2885 2270 2712 2909 3503 2466 2638 2638 3180 3266 3858 4086 4220 4563 4941 5958 5134 5012 5003 2206 2344 3614 3671 3639 3655 3915 4352 4310 4117 2465 2259 2504 2465 3433 3676 3671 3572 4043 3874 3724 3132 5217 5642 5935 6668 6793 
5922 7282 7794 7683 7910 7958 7980 8163 8214 8396 6961 8430 8569 8368 8252 8432 8805 8939 8834 8770 8319 8200 7540 7175 6912 7948 7419 7954 6173 5803 5663 5476 6096 5575 5314 5208 5094 4852 4820 5021 4933 5036 5117 5642 5856 5907 6090 6206 5139 5289 4629 5069 5210 5642 4760 4636 4634 5222 4971 5717 5693 5863 6226 6439 7379 6458 6262 6223 4092 3919 4894 4869 4688 4398 4757 5232 4962 4411 2465 3032 3271 2855 3890 4032 3991 3680 4074 3683 3451 2807 5533 6131 6707 6940 7761 
5914 6532 7035 6537 6726 6739 6679 6884 6729 6762 5205 6660 6671 6438 6223 6163 6252 6331 6203 6170 5604 5347 4723 4375 4244 5024 4439 4957 5648 5449 5292 5080 4820 4665 4532 4750 4630 4268 3742 3739 3558 3550 3527 4306 4283 3950 3881 3908 3493 3366 2730 3041 3007 3077 2659 2086 2082 2598 2083 2859 2706 2882 3239 3413 4350 3431 3241 3207 1585 1149 1864 1839 1674 1492 1817 2293 2137 1859 2259 3032 270 412 1177 1418 1412 1350 1807 1723 1637 1274 2979 3454 3865 4446 4849 
6084 6634 7130 6601 6784 6793 6725 6930 6755 6770 5219 6653 6649 6414 6189 6096 6140 6209 6078 6050 5467 5182 4570 4230 4130 4842 4239 4748 5783 5600 5445 5234 4897 4782 4664 4905 4787 4422 3864 3841 3655 3634 3599 4388 4337 3961 3856 3868 3559 3398 2787 3067 3005 3003 2687 2047 2043 2523 1942 2714 2513 2690 3041 3189 4110 3188 2993 2957 1588 1104 1639 1602 1421 1222 1549 2026 1869 1616 2504 3271 270 494 932 1179 1179 1166 1604 1574 1521 1270 2721 3188 3597 4185 4583 
6237 6915 7421 6938 7129 7143 7085 7290 7139 7174 5616 7071 7081 6848 6631 6561 6626 6698 6568 6539 5959 5674 5063 4723 4617 5330 4720 5223 6009 5795 5637 5424 5217 5041 4897 5093 4972 4613 4116 4126 3949 3946 3928 4702 4688 4361 4290 4314 3896 3776 3136 3452 3419 3471 3070 2490 2487 2991 2433 3207 2999 3176 3525 3651 4547 3623 3417 3376 1996 1549 2107 2055 1846 1550 1905 2382 2151 1739 2465 2855 412 494 1099 1302 1280 1114 1587 1420 1297 868 2893 3420 3905 4365 4930 
6950 7364 7839 7240 7406 7405 7318 7520 7292 7259 5749 7100 7049 6813 6559 6362 6244 6273 6133 6128 5488 5089 4550 4249 4274 4680 4011 4459 6586 6435 6283 6076 5588 5560 5470 5750 5636 5269 4661 4597 4404 4358 4298 5095 4983 4508 4304 4271 4246 4009 3475 3675 3547 3338 3314 2549 2545 2884 2132 2812 2408 2578 2878 2864 3644 2735 2507 2454 2229 1711 1466 1351 1068 582 936 1377 1073 685 3433 3890 1177 932 1099 253 268 496 760 939 1027 1256 1810 2322 2825 3282 3872 
7200 7595 8067 7456 7618 7615 7524 7725 7487 7443 5946 7276 7215 6979 6720 6500 6343 6363 6221 6221 5571 5145 4628 4340 4395 4719 4038 4464 6829 6682 6530 6324 5815 5800 5714 5998 5885 5518 4905 4836 4642 4592 4529 5325 5204 4713 4491 4449 4475 4228 3707 3894 3755 3509 3538 2759 2755 3065 2293 2940 2494 2658 2938 2878 3602 2710 2476 2418 2461 1946 1570 1440 1151 625 931 1318 954 444 3676 4032 1418 1179 1302 253 59 435 538 808 946 1311 1592 2130 2676 3064 3740 
7217 7626 8100 7493 7656 7654 7565 7765 7530 7489 5988 7323 7264 7028 6770 6552 6399 6420 6278 6278 5628 5203 4685 4397 4450 4777 4096 4522 6853 6703 6550 6343 5848 5826 5738 6017 5903 5537 4929 4863 4670 4622 4560 5357 5240 4753 4536 4496 4507 4264 3738 3930 3795 3557 3572 2798 2794 3111 2342 2994 2550 2715 2996 2936 3658 2767 2532 2474 2491 1975 1625 1496 1207 682 989 1373 1004 460 3671 3991 1412 1179 1280 268 59 378 500 752 888 1260 1615 2163 2718 3087 3786 
7250 7761 8247 7675 7846 7848 7767 7970 7755 7731 6210 7579 7534 7298 7047 6856 6736 6764 6622 6619 5976 5565 5035 4739 4770 5145 4467 4897 6939 6764 6609 6399 6000 5929 5820 6070 5952 5587 5017 4976 4786 4752 4703 5499 5411 4962 4778 4751 4655 4444 3881 4109 3998 3823 3740 3002 2998 3364 2623 3308 2895 3063 3354 3309 4034 3144 2909 2851 2640 2122 1957 1837 1551 1039 1362 1750 1369 733 3572 3680 1350 1166 1114 496 435 378 474 457 533 903 1867 2453 3050 3319 4127 
7680 8123 8598 7993 8155 8153 8062 8262 8023 7976 6483 7805 7737 7502 7240 7001 6805 6813 6669 6676 6016 5556 5070 4799 4886 5110 4415 4804 7338 7179 7025 6817 6347 6315 6221 6489 6373 6008 5413 5355 5162 5117 5057 5854 5739 5250 5025 4980 5005 4764 4234 4430 4293 4038 4071 3297 3293 3598 2819 3441 2959 3115 3370 3248 3871 3023 2782 2718 2988 2470 2064 1925 1637 1113 1346 1628 1193 469 4043 4074 1807 1604 1587 760 538 500 474 448 672 1268 1462 2076 2730 2882 3816 
7636 8198 8688 8125 8299 8302 8221 8424 8211 8188 6667 8034 7986 7751 7498 7296 7151 7170 7027 7028 6377 5941 5433 5148 5199 5506 4817 5223 7356 7168 7012 6800 6444 6355 6238 6471 6351 5988 5438 5408 5220 5191 5146 5940 5860 5418 5234 5206 5100 4897 4325 4562 4454 4275 4191 3458 3454 3818 3071 3741 3301 3464 3739 3652 4307 3447 3207 3145 3089 2572 2376 2248 1958 1433 1718 2046 1622 904 3874 3683 1723 1574 1420 939 808 752 457 448 235 893 1879 2504 3172 3258 4259 
7533 8153 8650 8112 8291 8297 8223 8426 8229 8219 6685 8076 8041 7805 7558 7381 7269 7296 7155 7151 6508 6090 5566 5272 5300 5665 4982 5400 7285 7083 6926 6713 6415 6296 6168 6382 6262 5901 5375 5360 5175 5154 5117 5907 5846 5431 5270 5252 5075 4892 4301 4558 4467 4332 4183 3477 3473 3867 3143 3838 3427 3594 3882 3820 4505 3633 3394 3334 3078 2567 2490 2369 2082 1566 1875 2231 1819 1112 3724 3451 1637 1521 1297 1027 946 888 533 672 235 675 2114 2738 3401 3490 4488 
7018 7768 8278 7804 7996 8010 7952 8157 8003 8030 6474 7919 7919 7684 7459 7354 7350 7403 7267 7249 6638 6287 5714 5392 5345 5899 5245 5707 6840 6607 6449 6235 6082 5889 5735 5906 5783 5429 4964 4986 4810 4811 4795 5567 5555 5218 5125 5137 4763 4639 4002 4313 4268 4262 3931 3317 3313 3784 3147 3898 3586 3762 4084 4110 4897 3990 3762 3708 2846 2373 2644 2552 2288 1836 2191 2619 2263 1630 3132 2807 1274 1270 868 1256 1311 1260 903 1268 893 675 2728 3334 3951 4141 5030 
8461 8542 8955 8230 8350 8329 8206 8391 8067 7936 6604 7705 7563 7341 7049 6666 6248 6200 6054 6092 5408 4834 4503 4323 4576 4338 3640 3892 7954 7882 7740 7547 6763 6907 6881 7237 7134 6775 6085 5948 5752 5662 5563 6326 6109 5492 5138 5031 5493 5149 4786 4841 4622 4116 4547 3717 3713 3787 2994 3323 2704 2798 2903 2566 2830 2192 1973 1902 3624 3172 2153 2010 1840 1598 1451 1239 992 1159 5217 5533 2979 2721 2893 1810 1592 1615 1867 1462 1879 2114 2728 636 1370 1473 2439 
8646 8558 8935 8170 8270 8241 8105 8281 7926 7762 6525 7509 7338 7126 6828 6391 5889 5819 5674 5724 5044 4435 4179 4047 4364 3929 3251 3431 8070 8040 7906 7723 6810 7031 7036 7427 7332 6981 6262 6093 5900 5793 5679 6409 6151 5494 5093 4963 5603 5224 4944 4937 4690 4096 4681 3864 3861 3831 3083 3260 2626 2681 2704 2284 2343 1863 1683 1617 3865 3463 2297 2174 2082 1989 1744 1375 1333 1724 5642 6131 3454 3188 3420 2322 2130 2163 2453 2076 2504 2738 3334 636 765 1057 1809 
8575 8286 8620 7819 7896 7859 7712 7875 7492 7296 6175 7024 6827 6626 6324 5840 5264 5175 5033 5093 4423 3788 3610 3530 3911 3280 2635 2743 7921 7943 7820 7653 6600 6907 6951 7378 7295 6961 6216 6012 5826 5701 5571 6246 5945 5254 4810 4656 5489 5077 4905 4823 4549 3869 4621 3846 3844 3691 3035 3017 2407 2411 2332 1841 1649 1400 1301 1255 3962 3639 2377 2290 2296 2376 2055 1592 1756 2322 5935 6707 3865 3597 3905 2825 2676 2718 3050 2730 3172 3401 3951 1370 765 1243 1088 
9682 9502 9849 9055 9136 9099 8953 9117 8734 8535 7409 8260 8056 7859 7556 7057 6434 6328 6189 6258 5603 4950 4829 4766 5153 4446 3838 3871 9078 9067 8936 8758 7787 8047 8066 8467 8374 8027 7300 7122 6930 6817 6698 7407 7129 6451 6023 5877 6619 6227 5981 5951 5693 5056 5712 4903 4899 4831 4110 4206 3579 3607 3560 3080 2805 2638 2520 2466 4920 4519 3346 3226 3138 3017 2794 2430 2367 2628 6668 6940 4446 4185 4365 3282 3064 3087 3319 2882 3258 3490 4141 1473 1057 1243 1744 
8972 8405 8664 7828 7864 7815 7654 7792 7371 7123 6235 6823 6581 6409 6109 5546 4825 4692 4561 4644 4026 3357 3385 3423 3899 2877 2389 2263 8229 8320 8215 8073 6857 7276 7369 7832 7765 7461 6706 6462 6292 6146 6001 6581 6230 5517 5028 4845 5915 5476 5446 5274 4977 4221 5146 4458 4456 4168 3665 3413 2900 2837 2621 2105 1347 1754 1811 1807 4688 4452 3179 3129 3206 3383 3037 2558 2800 3403 6793 7761 4849 4583 4930 3872 3740 3786 4127 3816 4259 4488 5030 2439 1809 1088 1744 
932
0 14
0 0.964961 1 0.0350389 
0 37
0 0.964961 1 0.0350389 
0 66
0 0.964961 1 0.0350389 
0 94
0 0.964961 1 0.0350389 
1 3
0 0.982324 1 0.0176757 
1 14
0 0.964961 1 0.0350389 
1 37
0 0.964961 1 0.0350389 
1 55
0 0.982324 1 0.0176757 
1 56
0 0.982324 1 0.0176757 
1 66
0 0.964961 1 0.0350389 
1 94
0 0.964961 1 0.0350389 
2 9
0 0.982324 1 0.0176757 
2 14
0 0.964961 1 0.0350389 
2 37
0 0.964961 1 0.0350389 
2 43
0 0.982324 1 0.0176757 
2 66
0 0.964961 1 0.0350389 
2 90
0 0.982324 1 0.0176757 
2 94
0 0.964961 1 0.0350389 
3 11
0 0.982324 1 0.0176757 
3 14
0 0.964961 1 0.0350389 
3 37
0 0.964961 1 0.0350389 
3 66
0 0.964961 1 0.0350389 
3 94
0 0.964961 1 0.0350389 
4 14
0 0.964961 1 0.0350389 
4 17
0 0.982324 1 0.0176757 
4 26
0 0.982324 1 0.0176757 
4 37
0 0.964961 1 0.0350389 
4 66
0 0.964961 1 0.0350389 
4 94
0 0.964961 1 0.0350389 
5 2
0 0.982324 1 0.0176757 
5 14
0 0.964961 1 0.0350389 
5 37
0 0.964961 1 0.0350389 
5 66
0 0.964961 1 0.0350389 
5 94
0 0.964961 1 0.0350389 
6 14
0 0.964961 1 0.0350389 
6 17
0 0.982324 1 0.0176757 
6 27
0 0.982324 1 0.0176757 
6 37
0 0.964961 1 0.0350389 
6 66
0 0.964961 1 0.0350389 
6 94
0 0.964961 1 0.0350389 
7 14
0 0.964961 1 0.0350389 
7 37
0 0.964961 1 0.0350389 
7 65
0 0.982324 1 0.0176757 
7 66
0 0.964961 1 0.0350389 
7 94
0 0.964961 1 0.0350389 
8 14
0 0.964961 1 0.0350389 
8 37
0 0.964961 1 0.0350389 
8 54
0 0.982324 1 0.0176757 
8 66
0 0.964961 1 0.0350389 
8 94
0 0.964961 1 0.0350389 
9 14
0 0.964961 1 0.0350389 
9 37
0 0.964961 1 0.0350389 
9 65
0 0.982324 1 0.0176757 
9 66
0 0.964961 1 0.0350389 
9 75
0 0.982324 1 0.0176757 
9 94
0 0.964961 1 0.0350389 
10 14
0 0.964961 1 0.0350389 
10 37
0 0.964961 1 0.0350389 
10 66
0 0.964961 1 0.0350389 
10 94
0 0.964961 1 0.0350389 
11 14
0 0.964961 1 0.0350389 
11 19
0 0.982324 1 0.0176757 
11 20
0 0.982324 1 0.0176757 
11 37
0 0.964961 1 0.0350389 
11 66
0 0.964961 1 0.0350389 
11 94
0 0.964961 1 0.0350389 
12 3
0 0.982324 1 0.0176757 
12 14
0 0.964961 1 0.0350389 
12 37
0 0.964961 1 0.0350389 
12 66
0 0.964961 1 0.0350389 
12 87
0 0.982324 1 0.0176757 
12 88
0 0.982324 1 0.0176757 
12 94
0 0.964961 1 0.0350389 
13 14
0 0.964961 1 0.0350389 
13 37
0 0.964961 1 0.0350389 
13 57
0 0.982324 1 0.0176757 
13 66
0 0.964961 1 0.0350389 
13 77
0 0.982324 1 0.0176757 
13 94
0 0.964961 1 0.0350389 
14 0
0 0.964961 1 0.0350389 
14 1
0 0.964961 1 0.0350389 
14 2
0 0.964961 1 0.0350389 
14 3
0 0.964961 1 0.0350389 
14 4
0 0.964961 1 0.0350389 
14 5
0 0.964961 1 0.0350389 
14 6
0 0.964961 1 0.0350389 
14 7
0 0.964961 1 0.0350389 
14 8
0 0.964961 1 0.0350389 
14 9
0 0.964961 1 0.0350389 
14 10
0 0.964961 1 0.0350389 
14 11
0 0.964961 1 0.0350389 
14 12
0 0.964961 1 0.0350389 
14 13
0 0.964961 1 0.0350389 
14 15
0 0.964961 1 0.0350389 
14 16
0 0.964961 1 0.0350389 
14 17
0 0.964961 1 0.0350389 
14 18
0 0.964961 1 0.0350389 
14 19
0 0.964961 1 0.0350389 
14 20
0 0.964961 1 0.0350389 
14 21
0 0.964961 1 0.0350389 
14 22
0 0.964961 1 0.0350389 
14 23
0 0.964961 1 0.0350389 
14 24
0 0.964961 1 0.0350389 
14 25
0 0.964961 1 0.0350389 
14 26
0 0.964961 1 0.0350389 
14 27
0 0.964961 1 0.0350389 
14 28
0 0.964961 1 0.0350389 
14 29
0 0.964961 1 0.0350389 
14 30
0 0.964961 1 0.0350389 
14 31
0 0.964961 1 0.0350389 
14 32
0 0.964961 1 0.0350389 
14 33
0 0.964961 1 0.0350389 
14 34
0 0.964961 1 0.0350389 
14 35
0 0.964961 1 0.0350389 
14 36
0 0.964961 1 0.0350389 
14 37
1 0.0399601 2 0.5 3 0.46004 
14 38
0 0.964961 1 0.0350389 
14 39
0 0.964961 1 0.0350389 
14 40
0 0.964961 1 0.0350389 
14 41
0 0.964961 1 0.0350389 
14 42
0 0.964961 1 0.0350389 
14 43
0 0.964961 1 0.0350389 
14 44
0 0.964961 1 0.0350389 
14 45
0 0.964961 1 0.0350389 
14 46
0 0.964961 1 0.0350389 
14 47
0 0.964961 1 0.0350389 
14 48
0 0.964961 1 0.0350389 
14 49
0 0.964961 1 0.0350389 
14 50
0 0.964961 1 0.0350389 
14 51
0 0.964961 1 0.0350389 
14 52
0 0.964961 1 0.0350389 
14 53
0 0.964961 1 0.0350389 
14 54
0 0.964961 1 0.0350389 
14 55
0 0.964961 1 0.0350389 
14 56
0 0.964961 1 0.0350389 
14 57
0 0.964961 1 0.0350389 
14 58
0 0.964961 1 0.0350389 
14 59
0 0.964961 1 0.0350389 
14 60
0 0.964961 1 0.0350389 
14 61
0 0.964961 1 0.0350389 
14 62
0 0.964961 1 0.0350389 
14 63
0 0.964961 1 0.0350389 
14 64
0 0.964961 1 0.0350389 
14 65
0 0.964961 1 0.0350389 
14 66
1 0.0399601 2 0.5 3 0.46004 
14 67
0 0.964961 1 0.0350389 
14 68
0 0.964961 1 0.0350389 
14 69
0 0.964961 1 0.0350389 
14 70
0 0.964961 1 0.0350389 
14 71
0 0.964961 1 0.0350389 
14 72
0 0.964961 1 0.0350389 
14 73
0 0.964961 1 0.0350389 
14 74
0 0.964961 1 0.0350389 
14 75
0 0.964961 1 0.0350389 
14 76
0 0.964961 1 0.0350389 
14 77
0 0.964961 1 0.0350389 
14 78
0 0.964961 1 0.0350389 
14 79
0 0.964961 1 0.0350389 
14 80
0 0.964961 1 0.0350389 
14 81
0 0.964961 1 0.0350389 
14 82
0 0.964961 1 0.0350389 
14 83
0 0.964961 1 0.0350389 
14 84
0 0.964961 1 0.0350389 
14 85
0 0.964961 1 0.0350389 
14 86
0 0.964961 1 0.0350389 
14 87
0 0.964961 1 0.0350389 
14 88
0 0.964961 1 0.0350389 
14 89
0 0.964961 1 0.0350389 
14 90
0 0.964961 1 0.0350389 
14 91
0 0.964961 1 0.0350389 
14 92
0 0.964961 1 0.0350389 
14 93
0 0.964961 1 0.0350389 
14 94
1 0.0399601 2 0.5 3 0.46004 
14 95
0 0.964961 1 0.0350389 
15 14
0 0.964961 1 0.0350389 
15 37
0 0.964961 1 0.0350389 
15 66
0 0.964961 1 0.0350389 
15 94
0 0.964961 1 0.0350389 
16 2
0 0.982324 1 0.0176757 
16 14
0 0.964961 1 0.0350389 
16 37
0 0.964961 1 0.0350389 
16 66
0 0.964961 1 0.0350389 
16 88
0 0.982324 1 0.0176757 
16 94
0 0.964961 1 0.0350389 
17 11
0 0.982324 1 0.0176757 
17 14
0 0.964961 1 0.0350389 
17 37
0 0.964961 1 0.0350389 
17 66
0 0.964961 1 0.0350389 
17 94
0 0.964961 1 0.0350389 
18 14
0 0.964961 1 0.0350389 
18 16
0 0.982324 1 0.0176757 
18 37
0 0.964961 1 0.0350389 
18 66
0 0.964961 1 0.0350389 
18 74
0 0.982324 1 0.0176757 
18 86
0 0.982324 1 0.0176757 
18 94
0 0.964961 1 0.0350389 
19 10
0 0.982324 1 0.0176757 
19 14
0 0.964961 1 0.0350389 
19 37
0 0.964961 1 0.0350389 
19 65
0 0.982324 1 0.0176757 
19 66
0 0.964961 1 0.0350389 
19 94
0 0.964961 1 0.0350389 
20 14
0 0.964961 1 0.0350389 
20 37
0 0.964961 1 0.0350389 
20 49
0 0.982324 1 0.0176757 
20 61
0 0.982324 1 0.0176757 
20 66
0 0.964961 1 0.0350389 
20 80
0 0.982324 1 0.0176757 
20 94
0 0.964961 1 0.0350389 
21 2
0 0.982324 1 0.0176757 
21 14
0 0.964961 1 0.0350389 
21 37
0 0.964961 1 0.0350389 
21 48
0 0.982324 1 0.0176757 
21 66
0 0.964961 1 0.0350389 
21 94
0 0.964961 1 0.0350389 
22 14
0 0.964961 1 0.0350389 
22 37
0 0.964961 1 0.0350389 
22 38
0 0.982324 1 0.0176757 
22 66
0 0.964961 1 0.0350389 
22 94
0 0.964961 1 0.0350389 
23 7
0 0.982324 1 0.0176757 
23 9
0 0.982324 1 0.0176757 
23 14
0 0.964961 1 0.0350389 
23 37
0 0.964961 1 0.0350389 
23 66
0 0.964961 1 0.0350389 
23 75
0 0.982324 1 0.0176757 
23 94
0 0.964961 1 0.0350389 
24 4
0 0.982324 1 0.0176757 
24 14
0 0.964961 1 0.0350389 
24 37
0 0.964961 1 0.0350389 
24 66
0 0.964961 1 0.0350389 
24 94
0 0.964961 1 0.0350389 
25 14
0 0.964961 1 0.0350389 
25 37
0 0.964961 1 0.0350389 
25 66
0 0.964961 1 0.0350389 
25 77
0 0.982324 1 0.0176757 
25 78
0 0.982324 1 0.0176757 
25 94
0 0.964961 1 0.0350389 
26 5
0 0.982324 1 0.0176757 
26 14
0 0.964961 1 0.0350389 
26 37
0 0.964961 1 0.0350389 
26 40
0 0.982324 1 0.0176757 
26 66
0 0.964961 1 0.0350389 
26 83
0 0.982324 1 0.0176757 
26 94
0 0.964961 1 0.0350389 
27 14
0 0.964961 1 0.0350389 
27 37
0 0.964961 1 0.0350389 
27 66
0 0.964961 1 0.0350389 
27 67
0 0.982324 1 0.0176757 
27 71
0 0.982324 1 0.0176757 
27 94
0 0.964961 1 0.0350389 
28 14
0 0.964961 1 0.0350389 
28 37
0 0.964961 1 0.0350389 
28 55
0 0.982324 1 0.0176757 
28 66
0 0.964961 1 0.0350389 
28 83
0 0.982324 1 0.0176757 
28 94
0 0.964961 1 0.0350389 
29 0
0 0.982324 1 0.0176757 
29 1
0 0.982324 1 0.0176757 
29 12
0 0.982324 1 0.0176757 
29 14
0 0.964961 1 0.0350389 
29 37
0 0.964961 1 0.0350389 
29 66
0 0.964961 1 0.0350389 
29 82
0 0.982324 1 0.0176757 
29 94
0 0.964961 1 0.0350389 
30 14
0 0.964961 1 0.0350389 
30 37
0 0.964961 1 0.0350389 
30 47
0 0.982324 1 0.0176757 
30 61
0 0.982324 1 0.0176757 
30 66
0 0.964961 1 0.0350389 
30 94
0 0.964961 1 0.0350389 
31 14
0 0.964961 1 0.0350389 
31 37
0 0.964961 1 0.0350389 
31 44
0 0.982324 1 0.0176757 
31 66
0 0.964961 1 0.0350389 
31 94
0 0.964961 1 0.0350389 
32 14
0 0.964961 1 0.0350389 
32 19
0 0.982324 1 0.0176757 
32 37
0 0.964961 1 0.0350389 
32 63
0 0.982324 1 0.0176757 
32 66
0 0.964961 1 0.0350389 
32 94
0 0.964961 1 0.0350389 
33 14
0 0.964961 1 0.0350389 
33 37
0 0.964961 1 0.0350389 
33 66
0 0.964961 1 0.0350389 
33 94
0 0.964961 1 0.0350389 
34 14
0 0.964961 1 0.0350389 
34 37
0 0.964961 1 0.0350389 
34 66
0 0.964961 1 0.0350389 
34 91
0 0.982324 1 0.0176757 
34 94
0 0.964961 1 0.0350389 
35 14
0 0.964961 1 0.0350389 
35 29
0 0.982324 1 0.0176757 
35 34
0 0.982324 1 0.0176757 
35 37
0 0.964961 1 0.0350389 
35 47
0 0.982324 1 0.0176757 
35 58
0 0.982324 1 0.0176757 
35 66
0 0.964961 1 0.0350389 
35 94
0 0.964961 1 0.0350389 
36 14
0 0.964961 1 0.0350389 
36 37
0 0.964961 1 0.0350389 
36 66
0 0.964961 1 0.0350389 
36 82
0 0.982324 1 0.0176757 
36 84
0 0.982324 1 0.0176757 
36 94
0 0.964961 1 0.0350389 
37 0
0 0.964961 1 0.0350389 
37 1
0 0.964961 1 0.0350389 
37 2
0 0.964961 1 0.0350389 
37 3
0 0.964961 1 0.0350389 
37 4
0 0.964961 1 0.0350389 
37 5
0 0.964961 1 0.0350389 
37 6
0 0.964961 1 0.0350389 
37 7
0 0.964961 1 0.0350389 
37 8
0 0.964961 1 0.0350389 
37 9
0 0.964961 1 0.0350389 
37 10
0 0.964961 1 0.0350389 
37 11
0 0.964961 1 0.0350389 
37 12
0 0.964961 1 0.0350389 
37 13
0 0.964961 1 0.0350389 
37 14
1 0.0399601 2 0.5 3 0.46004 
37 15
0 0.964961 1 0.0350389 
37 16
0 0.964961 1 0.0350389 
37 17
0 0.964961 1 0.0350389 
37 18
0 0.964961 1 0.0350389 
37 19
0 0.964961 1 0.0350389 
37 20
0 0.964961 1 0.0350389 
37 21
0 0.964961 1 0.0350389 
37 22
0 0.964961 1 0.0350389 
37 23
0 0.964961 1 0.0350389 
37 24
0 0.964961 1 0.0350389 
37 25
0 0.964961 1 0.0350389 
37 26
0 0.964961 1 0.0350389 
37 27
0 0.964961 1 0.0350389 
37 28
0 0.964961 1 0.0350389 
37 29
0 0.964961 1 0.0350389 
37 30
0 0.964961 1 0.0350389 
37 31
0 0.964961 1 0.0350389 
37 32
0 0.964961 1 0.0350389 
37 33
0 0.964961 1 0.0350389 
37 34
0 0.964961 1 0.0350389 
37 35
0 0.964961 1 0.0350389 
37 36
0 0.964961 1 0.0350389 
37 38
0 0.964961 1 0.0350389 
37 39
0 0.964961 1 0.0350389 
37 40
0 0.964961 1 0.0350389 
37 41
0 0.964961 1 0.0350389 
37 42
0 0.964961 1 0.0350389 
37 43
0 0.964961 1 0.0350389 
37 44
0 0.964961 1 0.0350389 
37 45
0 0.964961 1 0.0350389 
37 46
0 0.964961 1 0.0350389 
37 47
0 0.964961 1 0.0350389 
37 48
0 0.964961 1 0.0350389 
37 49
0 0.964961 1 0.0350389 
37 50
0 0.964961 1 0.0350389 
37 51
0 0.964961 1 0.0350389 
37 52
0 0.964961 1 0.0350389 
37 53
0 0.964961 1 0.0350389 
37 54
0 0.964961 1 0.0350389 
37 55
0 0.964961 1 0.0350389 
37 56
0 0.964961 1 0.0350389 
37 57
0 0.964961 1 0.0350389 
37 58
0 0.964961 1 0.0350389 
37 59
0 0.964961 1 0.0350389 
37 60
0 0.964961 1 0.0350389 
37 61
0 0.964961 1 0.0350389 
37 62
0 0.964961 1 0.0350389 
37 63
0 0.964961 1 0.0350389 
37 64
0 0.964961 1 0.0350389 
37 65
0 0.964961 1 0.0350389 
37 66
1 0.0399601 2 0.5 3 0.46004 
37 67
0 0.964961 1 0.0350389 
37 68
0 0.964961 1 0.0350389 
37 69
0 0.964961 1 0.0350389 
37 70
0 0.964961 1 0.0350389 
37 71
0 0.964961 1 0.0350389 
37 72
0 0.964961 1 0.0350389 
37 73
0 0.964961 1 0.0350389 
37 74
0 0.964961 1 0.0350389 
37 75
0 0.964961 1 0.0350389 
37 76
0 0.964961 1 0.0350389 
37 77
0 0.964961 1 0.0350389 
37 78
0 0.964961 1 0.0350389 
37 79
0 0.964961 1 0.0350389 
37 80
0 0.964961 1 0.0350389 
37 81
0 0.964961 1 0.0350389 
37 82
0 0.964961 1 0.0350389 
37 83
0 0.964961 1 0.0350389 
37 84
0 0.964961 1 0.0350389 
37 85
0 0.964961 1 0.0350389 
37 86
0 0.964961 1 0.0350389 
37 87
0 0.964961 1 0.0350389 
37 88
0 0.964961 1 0.0350389 
37 89
0 0.964961 1 0.0350389 
37 90
0 0.964961 1 0.0350389 
37 91
0 0.964961 1 0.0350389 
37 92
0 0.964961 1 0.0350389 
37 93
0 0.964961 1 0.0350389 
37 94
1 0.0399601 2 0.5 3 0.46004 
37 95
0 0.964961 1 0.0350389 
38 14
0 0.964961 1 0.0350389 
38 37
0 0.964961 1 0.0350389 
38 58
0 0.982324 1 0.0176757 
38 66
0 0.964961 1 0.0350389 
38 94
0 0.964961 1 0.0350389 
39 14
0 0.964961 1 0.0350389 
39 37
0 0.964961 1 0.0350389 
39 60
0 0.982324 1 0.0176757 
39 66
0 0.964961 1 0.0350389 
39 94
0 0.964961 1 0.0350389 
40 14
0 0.964961 1 0.0350389 
40 24
0 0.982324 1 0.0176757 
40 37
0 0.964961 1 0.0350389 
40 38
0 0.982324 1 0.0176757 
40 66
0 0.964961 1 0.0350389 
40 81
0 0.982324 1 0.0176757 
40 82
0 0.982324 1 0.0176757 
40 94
0 0.964961 1 0.0350389 
41 14
0 0.964961 1 0.0350389 
41 20
0 0.982324 1 0.0176757 
41 26
0 0.982324 1 0.0176757 
41 37
0 0.964961 1 0.0350389 
41 66
0 0.964961 1 0.0350389 
41 81
0 0.982324 1 0.0176757 
41 94
0 0.964961 1 0.0350389 
42 11
0 0.982324 1 0.0176757 
42 14
0 0.964961 1 0.0350389 
42 25
0 0.982324 1 0.0176757 
42 37
0 0.964961 1 0.0350389 
42 66
0 0.964961 1 0.0350389 
42 94
0 0.964961 1 0.0350389 
43 14
0 0.964961 1 0.0350389 
43 37
0 0.964961 1 0.0350389 
43 51
0 0.982324 1 0.0176757 
43 55
0 0.982324 1 0.0176757 
43 66
0 0.964961 1 0.0350389 
43 87
0 0.982324 1 0.0176757 
43 94
0 0.964961 1 0.0350389 
44 5
0 0.982324 1 0.0176757 
44 14
0 0.964961 1 0.0350389 
44 37
0 0.964961 1 0.0350389 
44 50
0 0.982324 1 0.0176757 
44 66
0 0.964961 1 0.0350389 
44 72
0 0.982324 1 0.0176757 
44 94
0 0.964961 1 0.0350389 
45 14
0 0.964961 1 0.0350389 
45 37
0 0.964961 1 0.0350389 
45 57
0 0.982324 1 0.0176757 
45 66
0 0.964961 1 0.0350389 
45 72
0 0.982324 1 0.0176757 
45 94
0 0.964961 1 0.0350389 
46 8
0 0.982324 1 0.0176757 
46 14
0 0.964961 1 0.0350389 
46 19
0 0.982324 1 0.0176757 
46 37
0 0.964961 1 0.0350389 
46 66
0 0.964961 1 0.0350389 
46 89
0 0.982324 1 0.0176757 
46 94
0 0.964961 1 0.0350389 
46 95
0 0.982324 1 0.0176757 
47 14
0 0.964961 1 0.0350389 
47 23
0 0.982324 1 0.0176757 
47 37
0 0.964961 1 0.0350389 
47 66
0 0.964961 1 0.0350389 
47 88
0 0.982324 1 0.0176757 
47 94
0 0.964961 1 0.0350389 
48 8
0 0.982324 1 0.0176757 
48 14
0 0.964961 1 0.0350389 
48 21
0 0.982324 1 0.0176757 
48 37
0 0.964961 1 0.0350389 
48 45
0 0.982324 1 0.0176757 
48 66
0 0.964961 1 0.0350389 
48 71
0 0.982324 1 0.0176757 
48 76
0 0.982324 1 0.0176757 
48 94
0 0.964961 1 0.0350389 
49 14
0 0.964961 1 0.0350389 
49 37
0 0.964961 1 0.0350389 
49 66
0 0.964961 1 0.0350389 
49 94
0 0.964961 1 0.0350389 
49 95
0 0.982324 1 0.0176757 
50 13
0 0.982324 1 0.0176757 
50 14
0 0.964961 1 0.0350389 
50 17
0 0.982324 1 0.0176757 
50 28
0 0.982324 1 0.0176757 
50 37
0 0.964961 1 0.0350389 
50 65
0 0.982324 1 0.0176757 
50 66
0 0.964961 1 0.0350389 
50 77
0 0.982324 1 0.0176757 
50 94
0 0.964961 1 0.0350389 
51 14
0 0.964961 1 0.0350389 
51 37
0 0.964961 1 0.0350389 
51 66
0 0.964961 1 0.0350389 
51 76
0 0.982324 1 0.0176757 
51 94
0 0.964961 1 0.0350389 
52 14
0 0.964961 1 0.0350389 
52 19
0 0.982324 1 0.0176757 
52 37
0 0.964961 1 0.0350389 
52 66
0 0.964961 1 0.0350389 
52 78
0 0.982324 1 0.0176757 
52 89
0 0.982324 1 0.0176757 
52 94
0 0.964961 1 0.0350389 
53 14
0 0.964961 1 0.0350389 
53 37
0 0.964961 1 0.0350389 
53 66
0 0.964961 1 0.0350389 
53 94
0 0.964961 1 0.0350389 
54 9
0 0.982324 1 0.0176757 
54 14
0 0.964961 1 0.0350389 
54 37
0 0.964961 1 0.0350389 
54 48
0 0.982324 1 0.0176757 
54 66
0 0.964961 1 0.0350389 
54 74
0 0.982324 1 0.0176757 
54 94
0 0.964961 1 0.0350389 
55 2
0 0.982324 1 0.0176757 
55 4
0 0.982324 1 0.0176757 
55 14
0 0.964961 1 0.0350389 
55 37
0 0.964961 1 0.0350389 
55 54
0 0.982324 1 0.0176757 
55 66
0 0.964961 1 0.0350389 
55 87
0 0.982324 1 0.0176757 
55 94
0 0.964961 1 0.0350389 
56 4
0 0.982324 1 0.0176757 
56 14
0 0.964961 1 0.0350389 
56 37
0 0.964961 1 0.0350389 
56 66
0 0.964961 1 0.0350389 
56 94
0 0.964961 1 0.0350389 
57 14
0 0.964961 1 0.0350389 
57 19
0 0.982324 1 0.0176757 
57 37
0 0.964961 1 0.0350389 
57 66
0 0.964961 1 0.0350389 
57 79
0 0.982324 1 0.0176757 
57 94
0 0.964961 1 0.0350389 
58 14
0 0.964961 1 0.0350389 
58 24
0 0.982324 1 0.0176757 
58 37
0 0.964961 1 0.0350389 
58 41
0 0.982324 1 0.0176757 
58 45
0 0.982324 1 0.0176757 
58 66
0 0.964961 1 0.0350389 
58 94
0 0.964961 1 0.0350389 
59 14
0 0.964961 1 0.0350389 
59 37
0 0.964961 1 0.0350389 
59 66
0 0.964961 1 0.0350389 
59 94
0 0.964961 1 0.0350389 
60 9
0 0.982324 1 0.0176757 
60 14
0 0.964961 1 0.0350389 
60 16
0 0.982324 1 0.0176757 
60 37
0 0.964961 1 0.0350389 
60 66
0 0.964961 1 0.0350389 
60 92
0 0.982324 1 0.0176757 
60 94
0 0.964961 1 0.0350389 
61 14
0 0.964961 1 0.0350389 
61 35
0 0.982324 1 0.0176757 
61 37
0 0.964961 1 0.0350389 
61 66
0 0.964961 1 0.0350389 
61 82
0 0.982324 1 0.0176757 
61 94
0 0.964961 1 0.0350389 
62 10
0 0.982324 1 0.0176757 
62 14
0 0.964961 1 0.0350389 
62 37
0 0.964961 1 0.0350389 
62 66
0 0.964961 1 0.0350389 
62 94
0 0.964961 1 0.0350389 
63 5
0 0.982324 1 0.0176757 
63 14
0 0.964961 1 0.0350389 
63 37
0 0.964961 1 0.0350389 
63 66
0 0.964961 1 0.0350389 
63 92
0 0.982324 1 0.0176757 
63 94
0 0.964961 1 0.0350389 
64 14
0 0.964961 1 0.0350389 
64 37
0 0.964961 1 0.0350389 
64 53
0 0.982324 1 0.0176757 
64 55
0 0.982324 1 0.0176757 
64 66
0 0.964961 1 0.0350389 
64 94
0 0.964961 1 0.0350389 
65 14
0 0.964961 1 0.0350389 
65 37
0 0.964961 1 0.0350389 
65 40
0 0.982324 1 0.0176757 
65 66
0 0.964961 1 0.0350389 
65 94
0 0.964961 1 0.0350389 
66 0
0 0.964961 1 0.0350389 
66 1
0 0.964961 1 0.0350389 
66 2
0 0.964961 1 0.0350389 
66 3
0 0.964961 1 0.0350389 
66 4
0 0.964961 1 0.0350389 
66 5
0 0.964961 1 0.0350389 
66 6
0 0.964961 1 0.0350389 
66 7
0 0.964961 1 0.0350389 
66 8
0 0.964961 1 0.0350389 
66 9
0 0.964961 1 0.0350389 
66 10
0 0.964961 1 0.0350389 
66 11
0 0.964961 1 0.0350389 
66 12
0 0.964961 1 0.0350389 
66 13
0 0.964961 1 0.0350389 
66 14
1 0.0399601 2 0.5 3 0.46004 
66 15
0 0.964961 1 0.0350389 
66 16
0 0.964961 1 0.0350389 
66 17
0 0.964961 1 0.0350389 
66 18
0 0.964961 1 0.0350389 
66 19
0 0.964961 1 0.0350389 
66 20
0 0.964961 1 0.0350389 
66 21
0 0.964961 1 0.0350389 
66 22
0 0.964961 1 0.0350389 
66 23
0 0.964961 1 0.0350389 
66 24
0 0.964961 1 0.0350389 
66 25
0 0.964961 1 0.0350389 
66 26
0 0.964961 1 0.0350389 
66 27
0 0.964961 1 0.0350389 
66 28
0 0.964961 1 0.0350389 
66 29
0 0.964961 1 0.0350389 
66 30
0 0.964961 1 0.0350389 
66 31
0 0.964961 1 0.0350389 
66 32
0 0.964961 1 0.0350389 
66 33
0 0.964961 1 0.0350389 
66 34
0 0.964961 1 0.0350389 
66 35
0 0.964961 1 0.0350389 
66 36
0 0.964961 1 0.0350389 
66 37
1 0.0399601 2 0.5 3 0.46004 
66 38
0 0.964961 1 0.0350389 
66 39
0 0.964961 1 0.0350389 
66 40
0 0.964961 1 0.0350389 
66 41
0 0.964961 1 0.0350389 
66 42
0 0.964961 1 0.0350389 
66 43
0 0.964961 1 0.0350389 
66 44
0 0.964961 1 0.0350389 
66 45
0 0.964961 1 0.0350389 
66 46
0 0.964961 1 0.0350389 
66 47
0 0.964961 1 0.0350389 
66 48
0 0.964961 1 0.0350389 
66 49
0 0.964961 1 0.0350389 
66 50
0 0.964961 1 0.0350389 
66 51
0 0.964961 1 0.0350389 
66 52
0 0.964961 1 0.0350389 
66 53
0 0.964961 1 0.0350389 
66 54
0 0.964961 1 0.0350389 
66 55
0 0.964961 1 0.0350389 
66 56
0 0.964961 1 0.0350389 
66 57
0 0.964961 1 0.0350389 
66 58
0 0.964961 1 0.0350389 
66 59
0 0.964961 1 0.0350389 
66 60
0 0.964961 1 0.0350389 
66 61
0 0.964961 1 0.0350389 
66 62
0 0.964961 1 0.0350389 
66 63
0 0.964961 1 0.0350389 
66 64
0 0.964961 1 0.0350389 
66 65
0 0.964961 1 0.0350389 
66 67
0 0.964961 1 0.0350389 
66 68
0 0.964961 1 0.0350389 
66 69
0 0.964961 1 0.0350389 
66 70
0 0.964961 1 0.0350389 
66 71
0 0.964961 1 0.0350389 
66 72
0 0.964961 1 0.0350389 
66 73
0 0.964961 1 0.0350389 
66 74
0 0.964961 1 0.0350389 
66 75
0 0.964961 1 0.0350389 
66 76
0 0.964961 1 0.0350389 
66 77
0 0.964961 1 0.0350389 
66 78
0 0.964961 1 0.0350389 
66 79
0 0.964961 1 0.0350389 
66 80
0 0.964961 1 0.0350389 
66 81
0 0.964961 1 0.0350389 
66 82
0 0.964961 1 0.0350389 
66 83
0 0.964961 1 0.0350389 
66 84
0 0.964961 1 0.0350389 
66 85
0 0.964961 1 0.0350389 
66 86
0 0.964961 1 0.0350389 
66 87
0 0.964961 1 0.0350389 
66 88
0 0.964961 1 0.0350389 
66 89
0 0.964961 1 0.0350389 
66 90
0 0.964961 1 0.0350389 
66 91
0 0.964961 1 0.0350389 
66 92
0 0.964961 1 0.0350389 
66 93
0 0.964961 1 0.0350389 
66 94
1 0.0399601 2 0.5 3 0.46004 
66 95
0 0.964961 1 0.0350389 
67 1
0 0.982324 1 0.0176757 
67 8
0 0.982324 1 0.0176757 
67 12
0 0.982324 1 0.0176757 
67 14
0 0.964961 1 0.0350389 
67 37
0 0.964961 1 0.0350389 
67 58
0 0.982324 1 0.0176757 
67 66
0 0.964961 1 0.0350389 
67 78
0 0.982324 1 0.0176757 
67 82
0 0.982324 1 0.0176757 
67 84
0 0.982324 1 0.0176757 
67 94
0 0.964961 1 0.0350389 
68 14
0 0.964961 1 0.0350389 
68 22
0 0.982324 1 0.0176757 
68 32
0 0.982324 1 0.0176757 
68 37
0 0.964961 1 0.0350389 
68 60
0 0.982324 1 0.0176757 
68 66
0 0.964961 1 0.0350389 
68 94
0 0.964961 1 0.0350389 
69 14
0 0.964961 1 0.0350389 
69 37
0 0.964961 1 0.0350389 
69 66
0 0.964961 1 0.0350389 
69 67
0 0.982324 1 0.0176757 
69 77
0 0.982324 1 0.0176757 
69 91
0 0.982324 1 0.0176757 
69 94
0 0.964961 1 0.0350389 
70 11
0 0.982324 1 0.0176757 
70 14
0 0.964961 1 0.0350389 
70 16
0 0.982324 1 0.0176757 
70 37
0 0.964961 1 0.0350389 
70 66
0 0.964961 1 0.0350389 
70 72
0 0.982324 1 0.0176757 
70 94
0 0.964961 1 0.0350389 
71 12
0 0.982324 1 0.0176757 
71 14
0 0.964961 1 0.0350389 
71 37
0 0.964961 1 0.0350389 
71 51
0 0.982324 1 0.0176757 
71 62
0 0.982324 1 0.0176757 
71 66
0 0.964961 1 0.0350389 
71 67
0 0.982324 1 0.0176757 
71 69
0 0.982324 1 0.0176757 
71 94
0 0.964961 1 0.0350389 
72 14
0 0.964961 1 0.0350389 
72 33
0 0.982324 1 0.0176757 
72 37
0 0.964961 1 0.0350389 
72 40
0 0.982324 1 0.0176757 
72 66
0 0.964961 1 0.0350389 
72 94
0 0.964961 1 0.0350389 
73 8
0 0.982324 1 0.0176757 
73 14
0 0.964961 1 0.0350389 
73 37
0 0.964961 1 0.0350389 
73 66
0 0.964961 1 0.0350389 
73 94
0 0.964961 1 0.0350389 
74 0
0 0.982324 1 0.0176757 
74 14
0 0.964961 1 0.0350389 
74 37
0 0.964961 1 0.0350389 
74 46
0 0.982324 1 0.0176757 
74 66
0 0.964961 1 0.0350389 
74 78
0 0.982324 1 0.0176757 
74 94
0 0.964961 1 0.0350389 
75 4
0 0.982324 1 0.0176757 
75 5
0 0.982324 1 0.0176757 
75 14
0 0.964961 1 0.0350389 
75 37
0 0.964961 1 0.0350389 
75 66
0 0.964961 1 0.0350389 
75 84
0 0.982324 1 0.0176757 
75 94
0 0.964961 1 0.0350389 
76 14
0 0.964961 1 0.0350389 
76 37
0 0.964961 1 0.0350389 
76 57
0 0.982324 1 0.0176757 
76 66
0 0.964961 1 0.0350389 
76 94
0 0.964961 1 0.0350389 
77 14
0 0.964961 1 0.0350389 
77 37
0 0.964961 1 0.0350389 
77 66
0 0.964961 1 0.0350389 
77 94
0 0.964961 1 0.0350389 
78 14
0 0.964961 1 0.0350389 
78 18
0 0.982324 1 0.0176757 
78 25
0 0.982324 1 0.0176757 
78 37
0 0.964961 1 0.0350389 
78 66
0 0.964961 1 0.0350389 
78 94
0 0.964961 1 0.0350389 
79 14
0 0.964961 1 0.0350389 
79 37
0 0.964961 1 0.0350389 
79 66
0 0.964961 1 0.0350389 
79 94
0 0.964961 1 0.0350389 
80 14
0 0.964961 1 0.0350389 
80 37
0 0.964961 1 0.0350389 
80 66
0 0.964961 1 0.0350389 
80 94
0 0.964961 1 0.0350389 
81 14
0 0.964961 1 0.0350389 
81 27
0 0.982324 1 0.0176757 
81 37
0 0.964961 1 0.0350389 
81 66
0 0.964961 1 0.0350389 
81 87
0 0.982324 1 0.0176757 
81 94
0 0.964961 1 0.0350389 
82 1
0 0.982324 1 0.0176757 
82 14
0 0.964961 1 0.0350389 
82 37
0 0.964961 1 0.0350389 
82 39
0 0.982324 1 0.0176757 
82 66
0 0.964961 1 0.0350389 
82 69
0 0.982324 1 0.0176757 
82 94
0 0.964961 1 0.0350389 
83 14
0 0.964961 1 0.0350389 
83 37
0 0.964961 1 0.0350389 
83 59
0 0.982324 1 0.0176757 
83 66
0 0.964961 1 0.0350389 
83 94
0 0.964961 1 0.0350389 
84 3
0 0.982324 1 0.0176757 
84 14
0 0.964961 1 0.0350389 
84 23
0 0.982324 1 0.0176757 
84 37
0 0.964961 1 0.0350389 
84 62
0 0.982324 1 0.0176757 
84 66
0 0.964961 1 0.0350389 
84 67
0 0.982324 1 0.0176757 
84 94
0 0.964961 1 0.0350389 
85 14
0 0.964961 1 0.0350389 
85 37
0 0.964961 1 0.0350389 
85 66
0 0.964961 1 0.0350389 
85 94
0 0.964961 1 0.0350389 
86 14
0 0.964961 1 0.0350389 
86 37
0 0.964961 1 0.0350389 
86 66
0 0.964961 1 0.0350389 
86 94
0 0.964961 1 0.0350389 
87 14
0 0.964961 1 0.0350389 
87 37
0 0.964961 1 0.0350389 
87 66
0 0.964961 1 0.0350389 
87 92
0 0.982324 1 0.0176757 
87 94
0 0.964961 1 0.0350389 
88 14
0 0.964961 1 0.0350389 
88 37
0 0.964961 1 0.0350389 
88 48
0 0.982324 1 0.0176757 
88 66
0 0.964961 1 0.0350389 
88 80
0 0.982324 1 0.0176757 
88 89
0 0.982324 1 0.0176757 
88 94
0 0.964961 1 0.0350389 
89 14
0 0.964961 1 0.0350389 
89 37
0 0.964961 1 0.0350389 
89 66
0 0.964961 1 0.0350389 
89 75
0 0.982324 1 0.0176757 
89 86
0 0.982324 1 0.0176757 
89 94
0 0.964961 1 0.0350389 
90 14
0 0.964961 1 0.0350389 
90 37
0 0.964961 1 0.0350389 
90 55
0 0.982324 1 0.0176757 
90 62
0 0.982324 1 0.0176757 
90 64
0 0.982324 1 0.0176757 
90 66
0 0.964961 1 0.0350389 
90 94
0 0.964961 1 0.0350389 
91 14
0 0.964961 1 0.0350389 
91 21
0 0.982324 1 0.0176757 
91 37
0 0.964961 1 0.0350389 
91 65
0 0.982324 1 0.0176757 
91 66
0 0.964961 1 0.0350389 
91 94
0 0.964961 1 0.0350389 
92 14
0 0.964961 1 0.0350389 
92 37
0 0.964961 1 0.0350389 
92 66
0 0.964961 1 0.0350389 
92 94
0 0.964961 1 0.0350389 
93 14
0 0.964961 1 0.0350389 
93 37
0 0.964961 1 0.0350389 
93 66
0 0.964961 1 0.0350389 
93 94
0 0.964961 1 0.0350389 
94 0
0 0.964961 1 0.0350389 
94 1
0 0.964961 1 0.0350389 
94 2
0 0.964961 1 0.0350389 
94 3
0 0.964961 1 0.0350389 
94 4
0 0.964961 1 0.0350389 
94 5
0 0.964961 1 0.0350389 
94 6
0 0.964961 1 0.0350389 
94 7
0 0.964961 1 0.0350389 
94 8
0 0.964961 1 0.0350389 
94 9
0 0.964961 1 0.0350389 
94 10
0 0.964961 1 0.0350389 
94 11
0 0.964961 1 0.0350389 
94 12
0 0.964961 1 0.0350389 
94 13
0 0.964961 1 0.0350389 
94 14
1 0.0399601 2 0.5 3 0.46004 
94 15
0 0.964961 1 0.0350389 
94 16
0 0.964961 1 0.0350389 
94 17
0 0.964961 1 0.0350389 
94 18
0 0.964961 1 0.0350389 
94 19
0 0.964961 1 0.0350389 
94 20
0 0.964961 1 0.0350389 
94 21
0 0.964961 1 0.0350389 
94 22
0 0.964961 1 0.0350389 
94 23
0 0.964961 1 0.0350389 
94 24
0 0.964961 1 0.0350389 
94 25
0 0.964961 1 0.0350389 
94 26
0 0.964961 1 0.0350389 
94 27
0 0.964961 1 0.0350389 
94 28
0 0.964961 1 0.0350389 
94 29
0 0.964961 1 0.0350389 
94 30
0 0.964961 1 0.0350389 
94 31
0 0.964961 1 0.0350389 
94 32
0 0.964961 1 0.0350389 
94 33
0 0.964961 1 0.0350389 
94 34
0 0.964961 1 0.0350389 
94 35
0 0.964961 1 0.0350389 
94 36
0 0.964961 1 0.0350389 
94 37
1 0.0399601 2 0.5 3 0.46004 
94 38
0 0.964961 1 0.0350389 
94 39
0 0.964961 1 0.0350389 
94 40
0 0.964961 1 0.0350389 
94 41
0 0.964961 1 0.0350389 
94 42
0 0.964961 1 0.0350389 
94 43
0 0.964961 1 0.0350389 
94 44
0 0.964961 1 0.0350389 
94 45
0 0.964961 1 0.0350389 
94 46
0 0.964961 1 0.0350389 
94 47
0 0.964961 1 0.0350389 
94 48
0 0.964961 1 0.0350389 
94 49
0 0.964961 1 0.0350389 
94 50
0 0.964961 1 0.0350389 
94 51
0 0.964961 1 0.0350389 
94 52
0 0.964961 1 0.0350389 
94 53
0 0.964961 1 0.0350389 
94 54
0 0.964961 1 0.0350389 
94 55
0 0.964961 1 0.0350389 
94 56
0 0.964961 1 0.0350389 
94 57
0 0.964961 1 0.0350389 
94 58
0 0.964961 1 0.0350389 
94 59
0 0.964961 1 0.0350389 
94 60
0 0.964961 1 0.0350389 
94 61
0 0.964961 1 0.0350389 
94 62
0 0.964961 1 0.0350389 
94 63
0 0.964961 1 0.0350389 
94 64
0 0.964961 1 0.0350389 
94 65
0 0.964961 1 0.0350389 
94 66
1 0.0399601 2 0.5 3 0.46004 
94 67
0 0.964961 1 0.0350389 
94 68
0 0.964961 1 0.0350389 
94 69
0 0.964961 1 0.0350389 
94 70
0 0.964961 1 0.0350389 
94 71
0 0.964961 1 0.0350389 
94 72
0 0.964961 1 0.0350389 
94 73
0 0.964961 1 0.0350389 
94 74
0 0.964961 1 0.0350389 
94 75
0 0.964961 1 0.0350389 
94 76
0 0.964961 1 0.0350389 
94 77
0 0.964961 1 0.0350389 
94 78
0 0.964961 1 0.0350389 
94 79
0 0.964961 1 0.0350389 
94 80
0 0.964961 1 0.0350389 
94 81
0 0.964961 1 0.0350389 
94 82
0 0.964961 1 0.0350389 
94 83
0 0.964961 1 0.0350389 
94 84
0 0.964961 1 0.0350389 
94 85
0 0.964961 1 0.0350389 
94 86
0 0.964961 1 0.0350389 
94 87
0 0.964961 1 0.0350389 
94 88
0 0.964961 1 0.0350389 
94 89
0 0.964961 1 0.0350389 
94 90
0 0.964961 1 0.0350389 
94 91
0 0.964961 1 0.0350389 
94 92
0 0.964961 1 0.0350389 
94 93
0 0.964961 1 0.0350389 
94 95
0 0.964961 1 0.0350389 
95 14
0 0.964961 1 0.0350389 
95 37
0 0.964961 1 0.0350389 
95 66
0 0.964961 1 0.0350389 
95 94
0 0.964961 1 0.0350389 
