c 	rat99_tsp_99_4_4_6_44_50_60_962_0_0_0_100_1547366_0_0
c 	nn 99
c 	nm 4
c 	oComp 4
c 	ooProb 0.0176757
c 	coProb 0.0350389
c 	ooD 3.35838
c 	coD 26.6296
c 	ccD 29.9879
c 	totD 59.9759
c 	ooD/totD 0.0559954
c 	coD/totD 0.444005
c 	ccD/totD 0.5
c 	ccEval 2.499
c 	ooN 190
c 	coN 760
c 	ccN 12
c 	totN 962
c 	totN / nn(nn-1)=0.0991548
c 	 TYPE: TSPLIB
99
14 23 28 43 52 61 71 81 17 25 27 40 42 58 67 80 87 49 40 54 52 59 69 74 84 97 68 75 68 73 83 87 96 96 106 77 92 96 97 92 99 100 107 122 105 107 100 119 110 118 122 128 134 120 130 126 130 138 128 143 146 149 142 143 150 154 158 158 159 162 166 173 158 166 175 173 169 180 171 177 191 192 186 186 195 197 193 202 206 207 213 207 214 203 215 211 218 215 
14 9 18 33 42 52 62 71 11 11 13 26 29 45 54 67 75 40 29 40 38 45 54 60 70 83 58 63 55 59 69 73 82 82 92 66 80 84 84 78 85 85 93 107 95 96 88 107 97 104 108 114 120 110 119 114 118 125 114 129 132 135 132 132 138 142 146 145 145 148 152 162 147 154 163 160 156 167 157 163 180 181 174 174 183 184 180 188 192 196 202 195 202 191 203 198 205 202 
23 9 11 25 33 44 54 62 18 11 7 19 20 35 45 58 65 41 29 35 32 36 46 51 61 74 58 61 52 54 64 66 74 73 84 65 77 80 79 73 78 78 85 99 93 94 84 102 92 98 102 107 112 108 116 111 114 120 109 123 126 128 130 129 135 138 141 140 139 142 145 160 144 151 159 156 151 161 151 157 178 178 171 170 178 179 174 183 186 194 199 192 198 186 198 193 199 196 
28 18 11 15 24 34 44 53 28 21 16 23 15 32 40 52 59 51 38 41 37 37 46 49 59 70 67 68 59 59 68 68 75 71 81 74 85 86 85 77 81 79 84 99 101 101 90 107 96 101 104 109 112 116 123 117 119 125 113 127 128 129 138 136 141 143 146 144 143 145 147 167 151 157 165 161 155 165 154 159 186 185 177 175 183 184 179 186 189 201 206 198 204 192 203 197 203 199 
43 33 25 15 9 19 29 38 43 34 28 28 12 24 29 40 45 61 48 46 40 34 41 41 51 60 74 74 64 61 67 65 69 63 72 80 89 89 86 76 78 75 77 93 106 105 93 107 95 99 100 104 106 121 126 120 120 125 111 124 124 123 142 139 143 143 146 142 140 141 142 171 154 159 166 160 154 163 151 155 189 187 178 175 183 182 177 183 186 203 208 200 204 191 201 195 200 196 
52 42 33 24 9 11 20 29 51 42 36 33 17 21 23 33 37 67 54 49 42 34 38 37 45 52 79 77 66 61 67 63 66 57 66 84 90 90 87 75 75 71 72 88 108 107 94 107 94 96 97 100 101 123 126 120 119 124 109 121 121 119 143 139 143 142 145 140 137 138 138 171 154 158 164 158 152 160 148 151 189 187 177 174 181 180 174 180 182 203 208 199 203 189 199 192 197 192 
61 52 44 34 19 11 10 20 62 52 46 43 27 28 26 31 32 77 65 58 52 41 44 40 47 51 88 86 75 69 73 68 69 58 66 93 99 97 94 82 80 75 74 89 117 115 101 113 99 100 100 103 102 131 134 127 125 129 114 125 124 121 151 146 149 148 150 144 141 141 140 178 161 164 170 163 157 164 151 153 196 193 183 179 186 184 178 183 185 209 214 205 209 194 203 196 200 195 
71 62 54 44 29 20 10 10 72 62 56 51 36 33 29 29 27 86 73 65 59 47 47 42 47 48 96 92 81 75 77 71 70 57 64 100 104 102 98 85 81 76 73 88 122 120 106 116 102 102 100 103 101 136 138 131 128 132 116 126 124 119 155 150 152 150 152 145 141 141 139 182 165 167 172 165 158 164 151 152 200 196 186 181 188 185 179 183 184 213 217 207 210 195 204 196 200 194 
81 71 62 53 38 29 20 10 80 70 64 58 44 37 30 25 20 91 79 69 63 50 48 41 45 42 100 95 84 76 78 70 67 53 58 103 106 102 98 85 79 73 68 83 124 121 106 115 100 99 97 99 95 138 138 130 126 130 113 122 120 114 156 149 151 148 150 142 137 137 134 181 164 166 170 162 154 160 147 147 199 195 183 179 184 181 175 178 179 211 215 205 208 192 200 192 195 189 
17 11 18 28 43 51 62 72 80 12 17 30 37 51 61 74 82 32 24 39 39 48 58 65 74 89 51 58 52 57 68 74 83 85 96 60 75 80 80 77 85 86 95 109 88 90 83 103 95 103 108 114 121 103 114 109 114 121 112 127 131 135 125 126 133 138 142 142 143 146 151 156 141 149 159 156 153 164 155 162 174 175 169 169 179 180 176 186 190 190 196 190 197 187 199 194 202 199 
25 11 11 21 34 42 52 62 70 12 6 17 26 39 49 62 71 30 19 29 28 36 46 53 62 77 48 52 44 48 59 63 72 73 84 56 69 73 73 67 75 75 83 98 84 85 76 95 86 93 98 104 110 99 108 103 107 114 103 118 121 125 121 121 127 131 134 134 134 137 141 151 136 143 152 149 145 156 146 153 170 170 163 162 171 173 168 177 181 185 191 184 191 180 191 187 194 191 
27 13 7 16 28 36 46 56 64 17 6 13 20 34 43 57 65 34 22 28 26 32 42 48 58 72 51 54 45 47 57 61 69 69 80 58 70 73 73 66 72 73 80 94 86 87 77 95 85 92 96 102 107 101 109 104 107 114 102 117 120 122 123 122 128 131 134 133 133 136 139 153 137 144 152 149 144 155 145 151 171 171 164 163 172 172 168 176 180 187 192 185 191 180 191 186 193 189 
40 26 19 23 28 33 43 51 58 30 17 13 16 23 33 46 55 34 22 18 14 19 29 35 45 59 46 46 36 36 45 47 56 56 67 52 62 63 62 54 60 59 66 81 79 78 67 84 73 79 83 89 94 94 100 94 96 102 90 105 107 109 115 113 118 120 123 122 121 123 126 145 128 134 142 138 133 143 133 138 163 162 154 152 161 161 156 164 168 178 183 175 181 169 180 174 181 177 
42 29 20 15 12 17 27 36 44 37 26 20 16 17 26 38 46 50 37 34 28 23 31 34 44 56 63 62 51 49 56 55 61 56 67 68 77 77 75 65 67 65 69 85 94 93 81 96 84 88 90 95 98 109 114 108 108 114 100 114 115 115 130 127 131 132 135 132 130 131 133 159 142 147 154 149 143 153 141 145 177 175 167 164 172 172 166 173 176 191 196 188 193 180 191 184 190 186 
58 45 35 32 24 21 28 33 37 51 39 34 23 17 10 23 32 55 44 32 26 14 17 17 27 39 63 59 48 42 46 42 45 39 50 66 71 69 66 54 54 51 53 69 89 87 73 86 73 75 76 80 82 104 106 99 98 103 88 100 100 99 123 119 122 121 124 119 117 117 118 151 134 137 143 137 131 139 127 131 169 166 156 153 160 159 153 160 162 182 187 178 182 168 178 171 177 172 
67 54 45 40 29 23 26 29 30 61 49 43 33 26 10 13 22 64 54 41 35 21 19 14 22 30 71 65 55 47 49 42 43 34 43 73 76 73 69 56 54 49 49 65 94 91 77 87 73 74 74 78 77 108 109 102 99 104 88 99 98 96 127 121 124 122 124 118 115 115 115 153 136 139 144 137 130 138 125 128 171 168 157 153 160 158 152 157 159 184 189 179 183 168 177 170 174 169 
80 67 58 52 40 33 31 29 25 74 62 57 46 38 23 13 10 76 66 52 46 32 26 18 19 20 81 74 64 54 54 45 42 28 35 82 83 79 74 60 54 48 44 59 101 97 82 89 75 74 72 74 72 114 113 105 101 104 88 97 95 90 131 125 126 123 124 117 113 112 110 156 139 140 145 137 129 136 122 123 174 170 158 153 159 156 150 154 155 186 190 180 182 167 175 167 171 165 
87 75 65 59 45 37 32 27 20 82 71 65 55 46 32 22 10 86 76 62 56 41 36 27 27 22 91 84 74 64 63 53 49 33 38 92 92 88 83 69 62 55 49 63 110 106 91 97 83 80 78 79 75 123 121 114 109 111 94 103 100 94 140 133 133 130 131 123 118 117 114 164 147 148 151 143 135 141 127 127 181 177 165 160 165 162 155 158 159 193 197 187 189 173 180 172 175 169 
49 40 41 51 61 67 77 86 91 32 30 34 34 50 55 64 76 86 13 25 30 45 52 61 68 84 19 28 25 36 47 56 68 76 86 28 44 51 53 53 65 69 81 92 56 59 54 75 69 79 86 93 102 71 82 79 85 93 86 102 106 113 93 95 102 108 112 115 117 120 127 124 109 118 128 127 124 136 129 137 142 143 138 138 148 151 148 158 163 158 164 158 166 156 169 165 174 172 
40 29 29 38 48 54 65 73 79 24 19 22 22 37 44 54 66 76 13 18 22 35 44 52 60 76 29 34 28 35 46 53 64 70 80 37 51 56 57 54 64 66 77 89 65 67 59 79 72 80 86 93 101 81 90 86 90 98 89 104 108 113 102 103 110 114 118 119 120 123 128 133 118 126 135 132 129 140 132 139 151 152 146 145 155 157 153 163 167 167 173 166 173 163 175 171 179 176 
54 40 35 41 46 49 58 65 69 39 29 28 18 34 32 41 52 62 25 18 6 20 27 36 43 59 31 28 18 19 30 35 46 52 62 35 43 45 44 38 46 48 58 71 61 60 49 67 57 64 69 76 83 76 82 76 78 85 74 89 92 96 97 95 100 102 106 105 105 108 112 126 110 116 124 120 116 127 117 123 144 144 136 134 143 144 139 148 152 159 165 157 163 151 163 158 165 161 
52 38 32 37 40 42 52 59 63 39 28 26 14 28 26 35 46 56 30 22 6 14 22 31 39 55 37 34 24 22 31 35 45 48 59 41 49 49 48 40 47 48 56 70 66 65 54 70 59 66 70 76 82 81 86 81 82 88 77 91 94 97 102 99 104 106 109 108 107 110 113 131 115 120 128 124 119 129 119 125 149 148 140 138 147 147 142 151 154 164 169 161 167 155 166 160 167 163 
59 45 36 37 34 34 41 47 50 48 36 32 19 23 14 21 32 41 45 35 20 14 10 17 26 41 50 45 35 28 33 32 38 37 48 53 57 56 53 42 44 43 48 63 76 73 60 74 61 65 67 72 76 90 93 86 86 91 77 90 91 92 110 106 109 109 112 108 107 108 110 138 121 125 132 126 120 129 118 122 156 154 144 141 149 148 143 150 153 170 175 166 170 157 167 161 167 163 
69 54 46 46 41 38 44 47 48 58 46 42 29 31 17 19 26 36 52 44 27 22 10 9 17 32 55 48 38 28 30 25 29 27 38 56 57 54 51 38 37 34 39 54 76 72 58 69 56 58 59 64 67 89 90 83 81 86 71 83 84 83 108 103 105 104 107 102 100 101 102 135 118 121 127 120 114 122 110 114 153 150 140 136 143 142 136 143 145 166 171 161 165 151 161 154 160 155 
74 60 51 49 41 37 40 42 41 65 53 48 35 34 17 14 18 27 61 52 36 31 17 9 10 24 64 56 47 37 36 29 29 22 33 65 65 61 57 43 40 35 36 52 83 80 65 74 60 60 60 64 65 97 96 89 86 90 74 85 84 82 114 108 110 108 110 104 101 101 101 140 123 125 130 123 116 124 111 114 158 154 144 139 146 144 138 144 146 170 175 165 169 154 163 156 161 155 
84 70 61 59 51 45 47 47 45 74 62 58 45 44 27 22 19 27 68 60 43 39 26 17 10 16 69 60 51 40 36 26 23 12 23 68 66 61 56 42 35 29 27 43 84 79 64 70 56 55 53 56 56 96 94 87 82 85 68 78 77 74 113 105 106 103 105 98 94 94 93 137 120 121 125 118 110 117 104 106 154 150 139 134 140 138 131 136 138 166 171 161 163 148 157 149 153 148 
97 83 74 70 60 52 51 48 42 89 77 72 59 56 39 30 20 22 84 76 59 55 41 32 24 16 84 75 66 55 50 39 30 13 16 84 80 73 68 54 44 36 28 41 97 92 77 79 65 60 57 57 53 108 104 96 90 92 74 82 78 72 123 115 114 110 111 102 96 95 92 145 128 128 131 122 114 119 105 105 162 157 145 139 144 140 133 136 137 173 177 166 168 151 159 150 153 147 
68 58 58 67 74 79 88 96 100 51 48 51 46 63 63 71 81 91 19 29 31 37 50 55 64 69 84 13 18 30 39 50 62 74 83 9 26 34 38 42 56 61 75 83 37 40 37 58 55 66 74 81 92 52 63 60 67 75 71 86 92 101 74 76 84 90 94 98 100 105 112 105 90 99 109 108 106 119 113 122 123 124 119 120 130 133 130 141 146 139 145 139 147 138 151 148 157 155 
75 63 61 68 74 77 86 92 95 58 52 54 46 62 59 65 74 84 28 34 28 34 45 48 56 60 75 13 11 20 27 39 51 64 72 9 17 23 25 30 43 49 63 71 33 33 26 47 42 54 61 69 80 48 56 52 57 65 59 75 80 88 69 69 76 80 84 87 89 93 100 100 84 92 101 99 96 108 101 110 118 118 112 111 121 123 120 131 135 133 139 132 139 129 142 138 146 144 
68 55 52 59 64 66 75 81 84 52 44 45 36 51 48 55 64 74 25 28 18 24 35 38 47 51 66 18 11 12 22 33 45 56 65 19 25 28 29 28 40 45 57 67 43 42 32 52 44 54 60 67 77 58 64 59 63 70 61 77 81 88 79 77 83 86 90 91 92 96 102 108 92 99 108 105 101 113 104 112 127 126 119 118 127 129 125 135 139 142 147 140 146 135 147 143 151 148 
73 59 54 59 61 61 69 75 76 57 48 47 36 49 42 47 54 64 36 35 19 22 28 28 37 40 55 30 20 12 11 21 33 44 53 29 29 28 26 19 29 33 46 56 48 45 32 48 38 46 51 58 67 62 65 59 60 66 55 70 74 79 82 78 82 84 87 86 86 89 94 110 93 98 106 102 97 108 98 105 128 127 118 116 125 125 121 129 133 142 148 140 145 133 144 139 146 142 
83 69 64 68 67 67 73 77 78 68 59 57 45 56 46 49 54 63 47 46 30 31 33 30 36 36 50 39 27 22 11 12 24 38 45 35 30 25 21 9 18 23 36 45 48 43 29 40 28 35 40 47 55 60 60 53 52 58 45 60 63 67 78 73 76 76 79 76 76 78 83 105 88 92 98 93 88 98 88 94 123 120 111 108 116 116 111 119 123 136 141 133 137 124 135 129 136 132 
87 73 66 68 65 63 68 71 70 74 63 61 47 55 42 42 45 53 56 53 35 35 32 25 29 26 39 50 39 33 21 12 12 26 33 47 41 35 30 16 12 13 25 36 59 53 38 45 31 33 35 41 47 70 68 61 57 61 46 59 60 62 86 80 81 80 82 77 75 76 79 111 94 96 102 95 89 98 86 91 129 126 115 111 118 117 111 118 121 142 146 137 140 126 136 130 135 131 
96 82 74 75 69 66 69 70 67 83 72 69 56 61 45 43 42 49 68 64 46 45 38 29 29 23 30 62 51 45 33 24 12 17 22 59 52 44 38 25 13 6 13 25 68 62 47 49 34 32 31 35 38 78 74 66 60 63 46 56 55 54 93 84 85 81 83 76 72 72 73 115 98 99 103 95 88 95 82 85 132 128 116 112 118 115 109 115 117 144 148 138 141 125 134 127 132 126 
96 82 73 71 63 57 58 57 53 85 73 69 56 56 39 34 28 33 76 70 52 48 37 27 22 12 13 74 64 56 44 38 26 17 11 72 67 61 55 41 30 23 16 31 84 78 64 66 51 47 44 46 44 95 91 83 77 79 61 70 67 63 110 101 101 97 98 89 85 84 82 132 115 115 118 110 102 108 94 95 149 144 132 126 132 129 122 126 127 160 164 154 155 139 147 140 143 137 
106 92 84 81 72 66 66 64 58 96 84 80 67 67 50 43 35 38 86 80 62 59 48 38 33 23 16 83 72 65 53 45 33 22 11 80 73 66 60 46 34 26 13 25 90 83 68 67 53 47 42 42 37 99 93 85 77 78 60 66 63 56 112 103 101 96 96 86 81 79 76 132 116 114 116 107 99 103 89 89 149 143 130 124 129 125 117 120 121 159 162 152 153 136 143 135 137 131 
77 66 65 74 80 84 93 100 103 60 56 58 52 68 66 73 82 92 28 37 35 41 53 56 65 68 84 9 9 19 29 35 47 59 72 80 17 25 30 37 51 57 71 78 28 31 28 49 47 59 67 74 86 43 54 51 58 66 62 78 84 93 65 67 74 80 85 88 92 96 104 96 81 90 100 99 97 110 104 113 114 115 110 110 120 124 121 132 137 130 136 130 138 128 142 138 147 146 
92 80 77 85 89 90 99 104 106 75 69 70 62 77 71 76 83 92 44 51 43 49 57 57 65 66 80 26 17 25 29 30 41 52 67 73 17 9 15 27 40 48 62 66 18 16 11 32 31 44 52 60 73 33 39 35 41 49 46 61 67 78 53 52 59 64 68 71 74 79 88 83 67 74 84 82 80 92 87 96 101 101 95 94 104 107 104 115 120 116 122 115 122 112 125 121 130 128 
96 84 80 86 89 90 97 102 102 80 73 73 63 77 69 73 79 88 51 56 45 49 56 54 61 61 73 34 23 28 28 25 35 44 61 66 25 9 6 20 32 40 54 57 24 18 4 24 22 34 43 50 63 35 37 31 34 42 37 52 58 68 54 50 55 58 62 64 66 71 79 82 65 71 80 77 74 85 79 88 100 99 91 90 99 101 97 108 113 114 120 112 118 107 119 115 123 121 
97 84 79 85 86 87 94 98 98 80 73 73 62 75 66 69 74 83 53 57 44 48 53 51 57 56 68 38 25 29 26 21 30 38 55 60 30 15 6 14 26 34 48 51 30 24 9 23 17 29 37 45 57 40 40 33 34 41 33 49 54 64 57 52 56 58 62 62 64 68 75 84 68 72 80 76 72 84 76 85 102 101 92 90 99 100 96 106 111 116 122 113 119 107 119 114 122 119 
92 78 73 77 76 75 82 85 85 77 67 66 54 65 54 56 60 69 53 54 38 40 42 38 43 42 54 42 30 28 19 9 16 25 41 46 37 27 20 14 14 21 35 41 43 38 23 31 19 27 33 40 50 55 53 46 44 49 36 51 54 60 71 65 67 67 70 67 67 70 75 97 80 83 89 84 79 89 79 86 115 112 102 99 107 107 102 110 114 128 133 124 128 115 126 120 127 123 
99 85 78 81 78 75 80 81 79 85 75 72 60 67 54 54 54 62 65 64 46 47 44 37 40 35 44 56 43 40 29 18 12 13 30 34 51 40 32 26 14 8 22 28 56 49 35 36 21 21 23 29 37 65 60 52 47 50 34 46 47 50 79 71 72 69 71 65 63 64 67 102 85 86 91 84 77 85 74 79 119 115 104 100 107 105 99 106 109 131 136 126 129 114 124 117 123 118 
100 85 78 79 75 71 75 76 73 86 75 73 59 65 51 49 48 55 69 66 48 48 43 34 35 29 36 61 49 45 33 23 13 6 23 26 57 48 40 34 21 8 14 23 64 57 43 43 28 26 25 30 35 73 68 60 54 56 40 50 50 50 87 78 78 75 76 69 66 67 68 109 92 93 96 89 82 89 77 80 126 122 110 105 111 109 103 109 111 138 142 132 134 119 128 121 126 121 
107 93 85 84 77 72 74 73 68 95 83 80 66 69 53 49 44 49 81 77 58 56 48 39 36 27 28 75 63 57 46 36 25 13 16 13 71 62 54 48 35 22 14 16 77 71 56 54 40 34 29 30 29 86 80 72 64 65 47 54 51 47 99 89 88 82 83 74 69 68 66 119 102 101 103 95 86 92 78 79 135 130 117 111 116 113 106 110 111 146 149 139 140 124 132 124 127 121 
122 107 99 99 93 88 89 88 83 109 98 94 81 85 69 65 59 63 92 89 71 70 63 54 52 43 41 83 71 67 56 45 36 25 31 25 78 66 57 51 41 28 23 16 79 71 58 50 38 28 20 17 13 85 75 68 57 57 39 42 38 31 94 83 80 73 73 62 56 54 51 111 95 92 92 83 74 78 64 64 126 120 106 100 104 99 92 95 96 136 139 128 128 111 118 109 112 106 
105 95 93 101 106 108 117 122 124 88 84 86 79 94 89 94 101 110 56 65 61 66 76 76 83 84 97 37 33 43 48 48 59 68 84 90 28 18 24 30 43 56 64 77 79 8 21 34 41 53 62 69 83 15 28 27 38 46 50 64 72 84 37 40 48 57 61 69 74 80 90 68 54 63 74 75 75 88 86 97 86 87 83 85 95 100 98 111 117 102 108 102 111 103 117 115 125 124 
107 96 94 101 105 107 115 120 121 90 85 87 78 93 87 91 97 106 59 67 60 65 73 72 80 79 92 40 33 42 45 43 53 62 78 83 31 16 18 24 38 49 57 71 71 8 15 26 33 45 54 61 75 17 23 21 30 39 42 55 63 76 37 36 44 51 55 62 66 72 82 66 51 59 70 69 69 82 78 89 85 85 79 80 90 94 92 104 110 100 106 99 107 98 111 109 118 118 
100 88 84 90 93 94 101 106 106 83 76 77 67 81 73 77 82 91 54 59 49 54 60 58 65 64 77 37 26 32 32 29 38 47 64 68 28 11 4 9 23 35 43 56 58 21 15 21 22 34 43 50 64 32 33 27 31 39 35 50 57 68 50 46 51 55 59 61 64 69 77 78 61 67 76 73 70 82 76 86 96 95 87 86 95 97 94 105 110 110 116 108 114 103 116 112 120 118 
119 107 102 107 107 107 113 116 115 103 95 95 84 96 86 87 89 97 75 79 67 70 74 69 74 70 79 58 47 52 48 40 45 49 66 67 49 32 24 23 31 36 43 54 50 34 26 21 14 22 30 36 51 36 26 18 12 18 16 30 37 50 45 36 36 36 39 40 43 47 57 67 50 52 58 54 50 61 55 64 84 81 71 68 76 77 73 84 89 97 101 92 97 84 96 91 99 97 
110 97 92 96 95 94 99 102 100 95 86 85 73 84 73 73 75 83 69 72 57 59 61 56 60 56 65 55 42 44 38 28 31 34 51 53 47 31 22 17 19 21 28 40 38 41 33 22 14 12 21 29 42 47 40 32 26 30 17 33 37 47 59 50 51 49 51 48 48 52 58 81 64 65 71 65 60 70 60 68 98 95 84 80 88 88 83 91 95 111 115 106 110 96 107 101 108 105 
118 104 98 101 99 96 100 102 99 103 93 92 79 88 75 74 74 80 79 80 64 66 65 58 60 55 60 66 54 54 46 35 33 32 47 47 59 44 34 29 27 21 26 34 28 53 45 34 22 12 9 16 30 58 48 40 30 31 14 25 28 35 67 56 54 49 51 44 42 44 48 85 69 68 71 63 56 64 53 59 102 97 85 80 86 84 78 85 88 113 116 106 109 94 103 96 102 98 
122 108 102 104 100 97 100 100 97 108 98 96 83 90 76 74 72 78 86 86 69 70 67 59 60 53 57 74 61 60 51 40 35 31 44 42 67 52 43 37 33 23 25 29 20 62 54 43 30 21 9 8 21 66 55 48 37 37 19 25 25 28 74 63 60 54 54 45 41 41 43 91 75 72 74 65 57 64 51 55 107 101 88 82 88 85 78 84 86 117 120 110 111 95 103 96 101 96 
128 114 107 109 104 100 103 103 99 114 104 102 89 95 80 78 74 79 93 93 76 76 72 64 64 56 57 81 69 67 58 47 41 35 46 42 74 60 50 45 40 29 30 30 17 69 61 50 36 29 16 8 14 73 61 53 42 40 23 25 21 21 79 67 63 55 55 44 39 38 38 94 78 74 75 65 57 62 48 50 109 102 89 82 87 83 76 80 82 118 121 110 110 94 101 93 97 92 
134 120 112 112 106 101 102 101 95 121 110 107 94 98 82 77 72 75 102 101 83 82 76 67 65 56 53 92 80 77 67 55 47 38 44 37 86 73 63 57 50 37 35 29 13 83 75 64 51 42 30 21 14 87 75 68 56 53 37 35 29 19 93 81 76 67 66 54 47 44 39 107 91 86 85 75 66 68 53 52 121 113 99 92 95 90 82 84 84 129 131 120 119 102 107 98 100 94 
120 110 108 116 121 123 131 136 138 103 99 101 94 109 104 108 114 123 71 81 76 81 90 89 97 96 108 52 48 58 62 60 70 78 95 99 43 33 35 40 55 65 73 86 85 15 17 32 36 47 58 66 73 87 18 22 35 42 51 62 71 85 22 27 37 48 52 63 69 76 88 53 40 51 62 65 67 80 80 92 71 73 70 73 84 89 88 102 109 87 94 88 97 91 105 104 115 115 
130 119 116 123 126 126 134 138 138 114 108 109 100 114 106 109 113 121 82 90 82 86 93 90 96 94 104 63 56 64 65 60 68 74 91 93 54 39 37 40 53 60 68 80 75 28 23 33 26 40 48 55 61 75 18 8 19 25 38 46 55 70 19 13 21 30 35 45 52 59 71 45 28 36 47 48 49 62 62 74 63 62 56 57 68 72 71 84 91 78 83 76 84 75 89 87 97 98 
126 114 111 117 120 120 127 131 130 109 103 104 94 108 99 102 105 114 79 86 76 81 86 83 89 87 96 60 52 59 59 53 61 66 83 85 51 35 31 33 46 52 60 72 68 27 21 27 18 32 40 48 53 68 22 8 13 21 31 40 49 64 27 19 24 30 35 42 48 55 66 51 34 40 49 49 48 62 59 71 69 68 60 60 70 73 71 84 90 83 89 81 88 78 91 88 98 97 
130 118 114 119 120 119 125 128 126 114 107 107 96 108 98 99 101 109 85 90 78 82 86 81 86 82 90 67 57 63 60 52 57 60 77 77 58 41 34 34 44 47 54 64 57 38 30 31 12 26 30 37 42 56 35 19 13 8 19 27 36 51 37 26 25 24 28 31 36 42 53 55 39 40 46 42 39 52 48 59 72 69 59 56 65 66 63 74 80 85 89 80 85 73 85 81 89 88 
138 125 120 125 125 124 129 132 130 121 114 114 102 114 103 104 104 111 93 98 85 88 91 86 90 85 92 75 65 70 66 58 61 63 79 78 66 49 42 41 49 50 56 65 57 46 39 39 18 30 31 37 40 53 42 25 21 8 18 21 30 46 41 28 23 18 21 23 28 34 46 54 38 36 41 35 31 44 39 51 70 65 54 50 58 59 55 66 71 81 85 76 79 66 78 73 81 80 
128 114 109 113 111 109 114 116 113 112 103 102 90 100 88 88 88 94 86 89 74 77 77 71 74 68 74 71 59 61 55 45 46 46 61 60 62 46 37 33 36 34 40 47 39 50 42 35 16 17 14 19 23 37 51 38 31 19 18 16 22 35 56 44 41 35 37 31 31 34 42 72 56 54 57 49 43 52 43 51 88 83 71 66 72 71 66 74 78 99 103 92 95 80 90 84 91 87 
143 129 123 127 124 121 125 126 122 127 118 117 105 114 100 99 97 103 102 104 89 91 90 83 85 78 82 86 75 77 70 60 59 56 70 66 78 61 52 49 51 46 50 54 42 64 55 50 30 33 25 25 25 35 62 46 40 27 21 16 9 25 62 49 42 32 31 20 16 19 27 72 57 51 50 41 32 39 28 35 86 78 64 58 62 59 53 60 63 94 97 85 86 70 78 71 76 72 
146 132 126 128 124 121 124 124 120 131 121 120 107 115 100 98 95 100 106 108 92 94 91 84 84 77 78 92 80 81 74 63 60 55 67 63 84 67 58 54 54 47 50 51 38 72 63 57 37 37 28 25 21 29 71 55 49 36 30 22 9 16 71 57 51 40 38 25 18 17 21 80 65 59 57 46 37 41 27 31 93 85 70 63 66 62 55 59 61 100 102 91 90 73 80 72 76 71 
149 135 128 129 123 119 121 119 114 135 125 122 109 115 99 96 90 94 113 113 96 97 92 83 82 74 72 101 88 88 79 67 62 54 63 56 93 78 68 64 60 50 50 47 31 84 76 68 50 47 35 28 21 19 85 70 64 51 46 35 25 16 87 73 66 55 54 39 30 26 20 95 81 74 71 59 50 50 35 33 108 99 84 76 78 72 64 65 65 114 116 104 102 84 89 80 81 75 
142 132 130 138 142 143 151 155 156 125 121 123 115 130 123 127 131 140 93 102 97 102 110 108 114 113 123 74 69 79 82 78 86 93 110 112 65 53 54 57 71 79 87 99 94 37 37 50 45 59 67 74 79 93 22 19 27 37 41 56 62 71 87 14 24 37 42 56 64 71 84 31 19 33 45 51 56 69 73 86 49 51 50 55 66 73 74 89 96 65 72 67 77 73 87 88 99 101 
143 132 129 136 139 139 146 150 149 126 121 122 113 127 119 121 125 133 95 103 95 99 106 103 108 105 115 76 69 77 78 73 80 84 101 103 67 52 50 52 65 71 78 89 83 40 36 46 36 50 56 63 67 81 27 13 19 26 28 44 49 57 73 14 11 23 28 42 50 57 70 32 15 24 36 39 42 56 59 72 50 49 44 46 57 62 62 76 83 64 70 63 71 64 78 77 88 89 
150 138 135 141 143 143 149 152 151 133 127 128 118 131 122 124 126 133 102 110 100 104 109 105 110 106 114 84 76 83 82 76 81 85 101 101 74 59 55 56 67 72 78 88 80 48 44 51 36 51 54 60 63 76 37 21 24 25 23 41 42 51 66 24 11 13 18 32 41 48 61 31 15 16 26 28 32 45 49 62 48 44 36 36 47 52 52 66 73 60 65 57 64 55 68 67 78 79 
154 142 138 143 143 142 148 150 148 138 131 131 120 132 121 122 123 130 108 114 102 106 109 104 108 103 110 90 80 86 84 76 80 81 97 96 80 64 58 58 67 69 75 82 73 57 51 55 36 49 49 54 55 67 48 30 30 24 18 35 32 40 55 37 23 13 5 19 28 35 48 40 26 19 22 19 19 33 36 49 54 48 35 32 41 43 41 54 61 64 67 57 61 49 61 58 68 68 
158 146 141 146 146 145 150 152 150 142 134 134 123 135 124 124 124 131 112 118 106 109 112 107 110 105 111 94 84 90 87 79 82 83 98 96 85 68 62 62 70 71 76 83 73 61 55 59 39 51 51 54 55 66 52 35 35 28 21 37 31 38 54 42 28 18 5 16 25 32 45 42 29 20 20 15 14 28 31 44 54 47 34 29 37 39 37 49 56 63 66 56 59 45 57 54 63 63 
158 145 140 144 142 140 144 145 142 142 134 133 122 132 119 118 117 123 115 119 105 108 108 102 104 98 102 98 87 91 86 76 77 76 89 86 88 71 64 62 67 65 69 74 62 69 62 61 40 48 44 45 44 54 63 45 42 31 23 31 20 25 39 56 42 32 19 16 9 16 29 57 45 35 32 21 12 22 17 30 69 60 45 38 42 40 35 44 49 75 77 66 66 50 59 53 60 57 
159 145 139 143 140 137 141 141 137 143 134 133 121 130 117 115 113 118 117 120 105 107 107 100 101 94 96 100 89 92 86 76 75 72 85 81 92 74 66 64 67 63 66 69 56 74 66 64 43 48 42 41 39 47 69 52 48 36 28 31 16 18 30 64 50 41 28 25 9 7 20 66 54 45 40 29 19 23 12 23 78 69 54 46 48 44 37 43 47 83 85 74 72 55 63 55 60 56 
162 148 142 145 141 138 141 141 137 146 137 136 123 131 117 115 112 117 120 123 108 110 108 101 101 94 95 105 93 96 89 78 76 72 84 79 96 79 71 68 70 64 67 68 54 80 72 69 47 52 44 41 38 44 76 59 55 42 34 34 19 17 26 71 57 48 35 32 16 7 13 73 61 51 46 34 24 24 10 17 84 74 59 50 52 46 38 42 45 88 90 78 76 58 64 55 59 54 
166 152 145 147 142 138 140 139 134 151 141 139 126 133 118 115 110 114 127 128 112 113 110 102 101 93 92 112 100 102 94 83 79 73 82 76 104 88 79 75 75 67 68 66 51 90 82 77 57 58 48 43 38 39 88 71 66 53 46 42 27 21 20 84 70 61 48 45 29 20 13 86 74 64 58 46 36 33 18 13 96 86 70 61 61 54 45 45 45 100 100 88 85 67 70 60 62 55 
173 162 160 167 171 171 178 182 181 156 151 153 145 159 151 153 156 164 124 133 126 131 138 135 140 137 145 105 100 108 110 105 111 115 132 132 96 83 82 84 97 102 109 119 111 68 66 78 67 81 85 91 94 107 53 45 51 55 54 72 72 80 95 31 32 31 40 42 57 66 73 86 17 22 30 41 50 60 70 82 18 21 26 34 45 55 59 74 82 34 41 37 49 49 64 68 80 84 
158 147 144 151 154 154 161 165 164 141 136 137 128 142 134 136 139 147 109 118 110 115 121 118 123 120 128 90 84 92 93 88 94 98 115 116 81 67 65 68 80 85 92 102 95 54 51 61 50 64 69 75 78 91 40 28 34 39 38 56 57 65 81 19 15 15 26 29 45 54 61 74 17 14 27 34 41 53 60 73 35 34 31 35 47 54 56 71 79 49 55 49 58 53 68 69 81 83 
166 154 151 157 159 158 164 167 166 149 143 144 134 147 137 139 140 148 118 126 116 120 125 121 125 121 128 99 92 99 98 92 96 99 115 114 90 74 71 72 83 86 93 101 92 63 59 67 52 65 68 72 74 86 51 36 40 40 36 54 51 59 74 33 24 16 19 20 35 45 51 64 22 14 13 21 29 40 49 61 35 29 20 22 33 41 42 57 65 45 50 41 48 40 55 55 67 69 
175 163 159 165 166 164 170 172 170 159 152 152 142 154 143 144 145 151 128 135 124 128 132 127 130 125 131 109 101 108 106 98 102 103 118 116 100 84 80 80 89 91 96 103 92 74 70 76 58 71 71 74 75 85 62 47 49 46 41 57 50 57 71 45 36 26 22 20 32 40 46 58 30 27 13 12 22 30 41 53 38 28 14 10 21 28 30 45 53 43 46 35 39 29 43 42 54 57 
173 160 156 161 160 158 163 165 162 156 149 149 138 149 137 137 137 143 127 132 120 124 126 120 123 118 122 108 99 105 102 93 95 95 110 107 99 82 77 76 84 84 89 95 83 75 69 73 54 65 63 65 65 75 65 48 49 42 35 49 41 46 59 51 39 28 19 15 21 29 34 46 41 34 21 12 10 19 29 41 50 40 25 17 23 25 23 37 45 54 56 45 46 31 43 39 50 50 
169 156 151 155 154 152 157 158 154 153 145 144 133 143 131 130 129 135 124 129 116 119 120 114 116 110 114 106 96 101 97 88 89 88 102 99 97 80 74 72 79 77 82 86 74 75 69 70 50 60 56 57 57 66 67 49 48 39 31 43 32 37 50 56 42 32 19 14 12 19 24 36 50 41 29 22 10 14 20 32 60 50 35 26 30 28 24 35 42 64 66 54 54 38 47 42 50 49 
180 167 161 165 163 160 164 164 160 164 156 155 143 153 139 138 136 141 136 140 127 129 129 122 124 117 119 119 108 113 108 98 98 95 108 103 110 92 85 84 89 85 89 92 78 88 82 82 61 70 64 64 62 68 80 62 62 52 44 52 39 41 50 69 56 45 33 28 22 23 24 33 60 53 40 30 19 14 15 24 66 56 40 30 28 22 14 22 28 68 68 56 52 34 40 32 38 36 
171 157 151 154 151 148 151 151 147 155 146 145 133 141 127 125 122 127 129 132 117 119 118 110 111 104 105 113 101 104 98 88 86 82 94 89 104 87 79 76 79 74 77 78 64 86 78 76 55 60 53 51 48 53 80 62 59 48 39 43 28 27 35 73 59 49 36 31 17 12 10 18 70 60 49 41 29 20 15 13 79 69 53 44 43 37 29 32 35 82 83 71 67 49 54 46 49 45 
177 163 157 159 155 151 153 152 147 162 153 151 138 145 131 128 123 127 137 139 123 125 122 114 114 106 105 122 110 112 105 94 91 85 95 89 113 96 88 85 86 79 80 79 64 97 89 86 64 68 59 55 50 52 92 74 71 59 51 51 35 31 33 86 72 62 49 44 30 23 17 13 82 73 61 53 41 32 24 13 90 80 64 54 52 43 35 32 32 92 92 80 75 57 58 48 49 42 
191 180 178 186 189 189 196 200 199 174 170 171 163 177 169 171 174 181 142 151 144 149 156 153 158 154 162 123 118 127 128 123 129 132 149 149 114 101 100 102 115 119 126 135 126 86 85 96 84 98 102 107 109 121 71 63 69 72 70 88 86 93 108 49 50 48 54 54 69 78 84 96 18 35 35 38 50 60 66 79 90 12 27 37 44 55 61 75 83 17 24 25 38 46 59 65 77 83 
192 181 178 185 187 187 193 196 195 175 170 171 162 175 166 168 170 177 143 152 144 148 154 150 154 150 157 124 118 126 127 120 126 128 144 143 115 101 99 101 112 115 122 130 120 87 85 95 81 95 97 101 102 113 73 62 68 69 65 83 78 85 99 51 49 44 48 47 60 69 74 86 21 34 29 28 40 50 56 69 80 12 16 26 32 43 50 63 71 16 21 16 28 34 47 53 66 71 
186 174 171 177 178 177 183 186 183 169 163 164 154 167 156 157 158 165 138 146 136 140 144 140 144 139 145 119 112 119 118 111 115 116 132 130 110 95 91 92 102 104 110 117 106 83 79 87 71 84 85 88 89 99 70 56 60 59 54 71 64 70 84 50 44 36 35 34 45 54 59 70 26 31 20 14 25 35 40 53 64 27 16 10 19 29 35 49 57 30 32 22 28 24 38 42 54 59 
186 174 170 175 175 174 179 181 179 169 162 163 152 164 153 153 153 160 138 145 134 138 141 136 139 134 139 120 111 118 116 108 111 112 126 124 110 94 90 90 99 100 105 111 100 85 80 86 68 80 80 82 82 92 73 57 60 56 50 66 58 63 76 55 46 36 32 29 38 46 50 61 34 35 22 10 17 26 30 44 54 37 26 10 11 20 25 39 48 38 40 28 29 18 33 34 46 50 
195 183 178 183 183 181 186 188 184 179 171 172 161 172 160 160 159 165 148 155 143 147 149 143 146 140 144 130 121 127 125 116 118 118 132 129 120 104 99 99 107 107 111 116 104 95 90 95 76 88 86 88 87 95 84 68 70 65 58 72 62 66 78 66 57 47 41 37 42 48 52 61 45 47 33 21 23 30 28 43 52 44 32 19 11 11 18 31 39 41 40 28 24 8 22 23 35 40 
197 184 179 184 182 180 184 185 181 180 173 172 161 172 159 158 156 162 151 157 144 147 148 142 144 138 140 133 123 129 125 116 117 115 129 125 124 107 101 100 107 105 109 113 99 100 94 97 77 88 84 85 83 90 89 72 73 66 59 71 59 62 72 73 62 52 43 39 40 44 46 54 55 54 41 28 25 28 22 37 43 55 43 29 20 11 8 20 28 52 51 38 32 13 19 15 26 30 
193 180 174 179 177 174 178 179 175 176 168 168 156 166 153 152 150 155 148 153 139 142 143 136 138 131 133 130 120 125 121 111 111 109 122 117 121 104 97 96 102 99 103 106 92 98 92 94 73 83 78 78 76 82 88 71 71 63 55 66 53 55 64 74 62 52 41 37 35 37 38 45 59 56 42 30 23 24 14 29 35 61 50 35 25 18 8 15 23 60 59 47 40 22 25 18 27 27 
202 188 183 186 183 180 183 183 178 186 177 176 164 173 160 157 154 158 158 163 148 151 150 143 144 136 136 141 131 135 129 119 118 115 126 120 132 115 108 106 110 106 109 110 95 111 104 105 84 91 85 84 80 84 102 84 84 74 66 74 60 59 65 89 76 66 54 49 44 43 42 45 74 71 57 45 37 35 22 32 32 75 63 49 39 31 20 15 8 71 69 58 49 32 28 17 17 14 
206 192 186 189 186 182 185 184 179 190 181 180 168 176 162 159 155 159 163 167 152 154 153 145 146 138 137 146 135 139 133 123 121 117 127 121 137 120 113 111 114 109 111 111 96 117 110 110 89 95 88 86 82 84 109 91 90 80 71 78 63 61 65 96 83 73 61 56 49 47 45 45 82 79 65 53 45 42 28 35 32 83 71 57 48 39 28 23 8 79 77 65 56 39 33 22 17 10 
207 196 194 201 203 203 209 213 211 190 185 187 178 191 182 184 186 193 158 167 159 164 170 166 170 166 173 139 133 142 142 136 142 144 160 159 130 116 114 116 128 131 138 146 136 102 100 110 97 111 113 117 118 129 87 78 83 85 81 99 94 100 114 65 64 60 64 63 75 83 88 100 34 49 45 43 54 64 68 82 92 17 16 30 38 41 52 60 71 79 7 14 26 40 50 58 70 77 
213 202 199 206 208 208 214 217 215 196 191 192 183 196 187 189 190 197 164 173 165 169 175 171 175 171 177 145 139 147 148 141 146 148 164 162 136 122 120 122 133 136 142 149 139 108 106 116 101 115 116 120 121 131 94 83 89 89 85 103 97 102 116 72 70 65 67 66 77 85 90 100 41 55 50 46 56 66 68 83 92 24 21 32 40 40 51 59 69 77 7 12 22 38 46 55 66 74 
207 195 192 198 200 199 205 207 205 190 184 185 175 188 178 179 180 187 158 166 157 161 166 161 165 161 166 139 132 140 140 133 137 138 154 152 130 115 112 113 124 126 132 139 128 102 99 108 92 106 106 110 110 120 88 76 81 80 76 92 85 91 104 67 63 57 57 56 66 74 78 88 37 49 41 35 45 54 56 71 80 25 16 22 28 28 38 47 58 65 14 12 13 26 36 44 56 63 
214 202 198 204 204 203 209 210 208 197 191 191 181 193 182 183 182 189 166 173 163 167 170 165 169 163 168 147 139 146 145 137 140 141 155 153 138 122 118 119 128 129 134 140 128 111 107 114 97 110 109 111 110 119 97 84 88 85 79 95 86 90 102 77 71 64 61 59 66 72 76 85 49 58 48 39 46 54 52 67 75 38 28 28 29 24 32 40 49 56 26 22 13 18 24 34 44 52 
203 191 186 192 191 189 194 195 192 187 180 180 169 180 168 168 167 173 156 163 151 155 157 151 154 148 151 138 129 135 133 124 126 125 139 136 128 112 107 107 115 114 119 124 111 103 98 103 84 96 94 95 94 102 91 75 78 73 66 80 70 73 84 73 64 55 49 45 50 55 58 67 49 53 40 29 31 38 34 49 57 46 34 24 18 8 13 22 32 39 40 38 26 18 15 19 32 38 
215 203 198 203 201 199 203 204 200 199 191 191 180 191 178 177 175 180 169 175 163 166 167 161 163 157 159 151 142 147 144 135 136 134 147 143 142 125 119 119 126 124 128 132 118 117 111 116 96 107 103 103 101 107 105 89 91 85 78 90 78 80 89 87 78 68 61 57 59 63 64 70 64 68 55 43 43 47 40 54 58 59 47 38 33 22 19 25 28 33 50 46 36 24 15 11 20 28 
211 198 193 197 195 192 196 196 192 194 187 186 174 184 171 170 167 172 165 171 158 160 161 154 156 149 150 148 138 143 139 129 130 127 140 135 138 121 115 114 120 117 121 124 109 115 109 112 91 101 96 96 93 98 104 87 88 81 73 84 71 72 80 88 77 67 58 54 53 55 55 60 68 69 55 42 39 42 32 46 48 65 53 42 34 23 15 18 17 22 58 55 44 34 19 11 13 19 
218 205 199 203 200 197 200 200 195 202 194 193 181 190 177 174 171 175 174 179 165 167 167 160 161 153 153 157 146 151 146 136 135 132 143 137 147 130 123 122 127 123 126 127 112 125 118 120 99 108 102 101 97 100 115 97 98 89 81 91 76 76 81 99 88 78 68 63 60 60 59 62 80 81 67 54 50 50 38 49 49 77 66 54 46 35 26 27 17 17 70 66 56 44 32 20 13 9 
215 202 196 199 196 192 195 194 189 199 191 189 177 186 172 169 165 169 172 176 161 163 163 155 155 148 147 155 144 148 142 132 131 126 137 131 146 128 121 119 123 118 121 121 106 124 118 118 97 105 98 96 92 94 115 98 97 88 80 87 72 71 75 101 89 79 68 63 57 56 54 55 84 83 69 57 50 49 36 45 42 83 71 59 50 40 30 27 14 10 77 74 63 52 38 28 19 9 
962
0 30
0 0.964961 1 0.0350389 
0 61
0 0.964961 1 0.0350389 
0 67
0 0.964961 1 0.0350389 
0 68
0 0.964961 1 0.0350389 
1 25
0 0.982324 1 0.0176757 
1 30
0 0.964961 1 0.0350389 
1 61
0 0.964961 1 0.0350389 
1 67
0 0.964961 1 0.0350389 
1 68
0 0.964961 1 0.0350389 
1 96
0 0.982324 1 0.0176757 
2 14
0 0.982324 1 0.0176757 
2 30
0 0.964961 1 0.0350389 
2 61
0 0.964961 1 0.0350389 
2 67
0 0.964961 1 0.0350389 
2 68
0 0.964961 1 0.0350389 
2 89
0 0.982324 1 0.0176757 
2 90
0 0.982324 1 0.0176757 
3 30
0 0.964961 1 0.0350389 
3 33
0 0.982324 1 0.0176757 
3 40
0 0.982324 1 0.0176757 
3 50
0 0.982324 1 0.0176757 
3 61
0 0.964961 1 0.0350389 
3 67
0 0.964961 1 0.0350389 
3 68
0 0.964961 1 0.0350389 
4 30
0 0.964961 1 0.0350389 
4 31
0 0.982324 1 0.0176757 
4 61
0 0.964961 1 0.0350389 
4 67
0 0.964961 1 0.0350389 
4 68
0 0.964961 1 0.0350389 
5 11
0 0.982324 1 0.0176757 
5 30
0 0.964961 1 0.0350389 
5 61
0 0.964961 1 0.0350389 
5 67
0 0.964961 1 0.0350389 
5 68
0 0.964961 1 0.0350389 
5 90
0 0.982324 1 0.0176757 
6 0
0 0.982324 1 0.0176757 
6 30
0 0.964961 1 0.0350389 
6 49
0 0.982324 1 0.0176757 
6 61
0 0.964961 1 0.0350389 
6 67
0 0.964961 1 0.0350389 
6 68
0 0.964961 1 0.0350389 
6 89
0 0.982324 1 0.0176757 
7 6
0 0.982324 1 0.0176757 
7 30
0 0.964961 1 0.0350389 
7 53
0 0.982324 1 0.0176757 
7 61
0 0.964961 1 0.0350389 
7 67
0 0.964961 1 0.0350389 
7 68
0 0.964961 1 0.0350389 
8 30
0 0.964961 1 0.0350389 
8 61
0 0.964961 1 0.0350389 
8 67
0 0.964961 1 0.0350389 
8 68
0 0.964961 1 0.0350389 
9 3
0 0.982324 1 0.0176757 
9 30
0 0.964961 1 0.0350389 
9 51
0 0.982324 1 0.0176757 
9 61
0 0.964961 1 0.0350389 
9 67
0 0.964961 1 0.0350389 
9 68
0 0.964961 1 0.0350389 
9 74
0 0.982324 1 0.0176757 
10 30
0 0.964961 1 0.0350389 
10 34
0 0.982324 1 0.0176757 
10 52
0 0.982324 1 0.0176757 
10 57
0 0.982324 1 0.0176757 
10 61
0 0.964961 1 0.0350389 
10 67
0 0.964961 1 0.0350389 
10 68
0 0.964961 1 0.0350389 
11 30
0 0.964961 1 0.0350389 
11 61
0 0.964961 1 0.0350389 
11 67
0 0.964961 1 0.0350389 
11 68
0 0.964961 1 0.0350389 
11 96
0 0.982324 1 0.0176757 
12 1
0 0.982324 1 0.0176757 
12 30
0 0.964961 1 0.0350389 
12 61
0 0.964961 1 0.0350389 
12 67
0 0.964961 1 0.0350389 
12 68
0 0.964961 1 0.0350389 
12 87
0 0.982324 1 0.0176757 
12 95
0 0.982324 1 0.0176757 
13 30
0 0.964961 1 0.0350389 
13 53
0 0.982324 1 0.0176757 
13 61
0 0.964961 1 0.0350389 
13 67
0 0.964961 1 0.0350389 
13 68
0 0.964961 1 0.0350389 
14 30
0 0.964961 1 0.0350389 
14 54
0 0.982324 1 0.0176757 
14 61
0 0.964961 1 0.0350389 
14 67
0 0.964961 1 0.0350389 
14 68
0 0.964961 1 0.0350389 
15 30
0 0.964961 1 0.0350389 
15 61
0 0.964961 1 0.0350389 
15 67
0 0.964961 1 0.0350389 
15 68
0 0.964961 1 0.0350389 
16 30
0 0.964961 1 0.0350389 
16 52
0 0.982324 1 0.0176757 
16 61
0 0.964961 1 0.0350389 
16 66
0 0.982324 1 0.0176757 
16 67
0 0.964961 1 0.0350389 
16 68
0 0.964961 1 0.0350389 
16 91
0 0.982324 1 0.0176757 
17 30
0 0.964961 1 0.0350389 
17 61
0 0.964961 1 0.0350389 
17 67
0 0.964961 1 0.0350389 
17 68
0 0.964961 1 0.0350389 
18 30
0 0.964961 1 0.0350389 
18 61
0 0.964961 1 0.0350389 
18 67
0 0.964961 1 0.0350389 
18 68
0 0.964961 1 0.0350389 
19 30
0 0.964961 1 0.0350389 
19 61
0 0.964961 1 0.0350389 
19 67
0 0.964961 1 0.0350389 
19 68
0 0.964961 1 0.0350389 
20 30
0 0.964961 1 0.0350389 
20 61
0 0.964961 1 0.0350389 
20 67
0 0.964961 1 0.0350389 
20 68
0 0.964961 1 0.0350389 
20 88
0 0.982324 1 0.0176757 
21 30
0 0.964961 1 0.0350389 
21 61
0 0.964961 1 0.0350389 
21 67
0 0.964961 1 0.0350389 
21 68
0 0.964961 1 0.0350389 
22 30
0 0.964961 1 0.0350389 
22 61
0 0.964961 1 0.0350389 
22 63
0 0.982324 1 0.0176757 
22 67
0 0.964961 1 0.0350389 
22 68
0 0.964961 1 0.0350389 
22 80
0 0.982324 1 0.0176757 
22 89
0 0.982324 1 0.0176757 
23 30
0 0.964961 1 0.0350389 
23 61
0 0.964961 1 0.0350389 
23 67
0 0.964961 1 0.0350389 
23 68
0 0.964961 1 0.0350389 
24 16
0 0.982324 1 0.0176757 
24 30
0 0.964961 1 0.0350389 
24 60
0 0.982324 1 0.0176757 
24 61
0 0.964961 1 0.0350389 
24 67
0 0.964961 1 0.0350389 
24 68
0 0.964961 1 0.0350389 
25 30
0 0.964961 1 0.0350389 
25 56
0 0.982324 1 0.0176757 
25 61
0 0.964961 1 0.0350389 
25 67
0 0.964961 1 0.0350389 
25 68
0 0.964961 1 0.0350389 
25 81
0 0.982324 1 0.0176757 
26 23
0 0.982324 1 0.0176757 
26 30
0 0.964961 1 0.0350389 
26 53
0 0.982324 1 0.0176757 
26 61
0 0.964961 1 0.0350389 
26 67
0 0.964961 1 0.0350389 
26 68
0 0.964961 1 0.0350389 
27 7
0 0.982324 1 0.0176757 
27 24
0 0.982324 1 0.0176757 
27 30
0 0.964961 1 0.0350389 
27 61
0 0.964961 1 0.0350389 
27 64
0 0.982324 1 0.0176757 
27 67
0 0.964961 1 0.0350389 
27 68
0 0.964961 1 0.0350389 
27 75
0 0.982324 1 0.0176757 
27 84
0 0.982324 1 0.0176757 
28 30
0 0.964961 1 0.0350389 
28 61
0 0.964961 1 0.0350389 
28 67
0 0.964961 1 0.0350389 
28 68
0 0.964961 1 0.0350389 
29 30
0 0.964961 1 0.0350389 
29 61
0 0.964961 1 0.0350389 
29 67
0 0.964961 1 0.0350389 
29 68
0 0.964961 1 0.0350389 
30 0
0 0.964961 1 0.0350389 
30 1
0 0.964961 1 0.0350389 
30 2
0 0.964961 1 0.0350389 
30 3
0 0.964961 1 0.0350389 
30 4
0 0.964961 1 0.0350389 
30 5
0 0.964961 1 0.0350389 
30 6
0 0.964961 1 0.0350389 
30 7
0 0.964961 1 0.0350389 
30 8
0 0.964961 1 0.0350389 
30 9
0 0.964961 1 0.0350389 
30 10
0 0.964961 1 0.0350389 
30 11
0 0.964961 1 0.0350389 
30 12
0 0.964961 1 0.0350389 
30 13
0 0.964961 1 0.0350389 
30 14
0 0.964961 1 0.0350389 
30 15
0 0.964961 1 0.0350389 
30 16
0 0.964961 1 0.0350389 
30 17
0 0.964961 1 0.0350389 
30 18
0 0.964961 1 0.0350389 
30 19
0 0.964961 1 0.0350389 
30 20
0 0.964961 1 0.0350389 
30 21
0 0.964961 1 0.0350389 
30 22
0 0.964961 1 0.0350389 
30 23
0 0.964961 1 0.0350389 
30 24
0 0.964961 1 0.0350389 
30 25
0 0.964961 1 0.0350389 
30 26
0 0.964961 1 0.0350389 
30 27
0 0.964961 1 0.0350389 
30 28
0 0.964961 1 0.0350389 
30 29
0 0.964961 1 0.0350389 
30 31
0 0.964961 1 0.0350389 
30 32
0 0.964961 1 0.0350389 
30 33
0 0.964961 1 0.0350389 
30 34
0 0.964961 1 0.0350389 
30 35
0 0.964961 1 0.0350389 
30 36
0 0.964961 1 0.0350389 
30 37
0 0.964961 1 0.0350389 
30 38
0 0.964961 1 0.0350389 
30 39
0 0.964961 1 0.0350389 
30 40
0 0.964961 1 0.0350389 
30 41
0 0.964961 1 0.0350389 
30 42
0 0.964961 1 0.0350389 
30 43
0 0.964961 1 0.0350389 
30 44
0 0.964961 1 0.0350389 
30 45
0 0.964961 1 0.0350389 
30 46
0 0.964961 1 0.0350389 
30 47
0 0.964961 1 0.0350389 
30 48
0 0.964961 1 0.0350389 
30 49
0 0.964961 1 0.0350389 
30 50
0 0.964961 1 0.0350389 
30 51
0 0.964961 1 0.0350389 
30 52
0 0.964961 1 0.0350389 
30 53
0 0.964961 1 0.0350389 
30 54
0 0.964961 1 0.0350389 
30 55
0 0.964961 1 0.0350389 
30 56
0 0.964961 1 0.0350389 
30 57
0 0.964961 1 0.0350389 
30 58
0 0.964961 1 0.0350389 
30 59
0 0.964961 1 0.0350389 
30 60
0 0.964961 1 0.0350389 
30 61
1 0.000502315 2 0.5 3 0.499498 
30 62
0 0.964961 1 0.0350389 
30 63
0 0.964961 1 0.0350389 
30 64
0 0.964961 1 0.0350389 
30 65
0 0.964961 1 0.0350389 
30 66
0 0.964961 1 0.0350389 
30 67
1 0.000502315 2 0.5 3 0.499498 
30 68
1 0.000502315 2 0.5 3 0.499498 
30 69
0 0.964961 1 0.0350389 
30 70
0 0.964961 1 0.0350389 
30 71
0 0.964961 1 0.0350389 
30 72
0 0.964961 1 0.0350389 
30 73
0 0.964961 1 0.0350389 
30 74
0 0.964961 1 0.0350389 
30 75
0 0.964961 1 0.0350389 
30 76
0 0.964961 1 0.0350389 
30 77
0 0.964961 1 0.0350389 
30 78
0 0.964961 1 0.0350389 
30 79
0 0.964961 1 0.0350389 
30 80
0 0.964961 1 0.0350389 
30 81
0 0.964961 1 0.0350389 
30 82
0 0.964961 1 0.0350389 
30 83
0 0.964961 1 0.0350389 
30 84
0 0.964961 1 0.0350389 
30 85
0 0.964961 1 0.0350389 
30 86
0 0.964961 1 0.0350389 
30 87
0 0.964961 1 0.0350389 
30 88
0 0.964961 1 0.0350389 
30 89
0 0.964961 1 0.0350389 
30 90
0 0.964961 1 0.0350389 
30 91
0 0.964961 1 0.0350389 
30 92
0 0.964961 1 0.0350389 
30 93
0 0.964961 1 0.0350389 
30 94
0 0.964961 1 0.0350389 
30 95
0 0.964961 1 0.0350389 
30 96
0 0.964961 1 0.0350389 
30 97
0 0.964961 1 0.0350389 
30 98
0 0.964961 1 0.0350389 
31 19
0 0.982324 1 0.0176757 
31 30
0 0.964961 1 0.0350389 
31 61
0 0.964961 1 0.0350389 
31 67
0 0.964961 1 0.0350389 
31 68
0 0.964961 1 0.0350389 
31 73
0 0.982324 1 0.0176757 
32 27
0 0.982324 1 0.0176757 
32 30
0 0.964961 1 0.0350389 
32 61
0 0.964961 1 0.0350389 
32 67
0 0.964961 1 0.0350389 
32 68
0 0.964961 1 0.0350389 
32 83
0 0.982324 1 0.0176757 
32 95
0 0.982324 1 0.0176757 
33 30
0 0.964961 1 0.0350389 
33 61
0 0.964961 1 0.0350389 
33 67
0 0.964961 1 0.0350389 
33 68
0 0.964961 1 0.0350389 
33 90
0 0.982324 1 0.0176757 
33 92
0 0.982324 1 0.0176757 
34 30
0 0.964961 1 0.0350389 
34 41
0 0.982324 1 0.0176757 
34 61
0 0.964961 1 0.0350389 
34 67
0 0.964961 1 0.0350389 
34 68
0 0.964961 1 0.0350389 
35 15
0 0.982324 1 0.0176757 
35 30
0 0.964961 1 0.0350389 
35 34
0 0.982324 1 0.0176757 
35 48
0 0.982324 1 0.0176757 
35 51
0 0.982324 1 0.0176757 
35 58
0 0.982324 1 0.0176757 
35 61
0 0.964961 1 0.0350389 
35 66
0 0.982324 1 0.0176757 
35 67
0 0.964961 1 0.0350389 
35 68
0 0.964961 1 0.0350389 
35 98
0 0.982324 1 0.0176757 
36 6
0 0.982324 1 0.0176757 
36 30
0 0.964961 1 0.0350389 
36 49
0 0.982324 1 0.0176757 
36 55
0 0.982324 1 0.0176757 
36 61
0 0.964961 1 0.0350389 
36 67
0 0.964961 1 0.0350389 
36 68
0 0.964961 1 0.0350389 
37 9
0 0.982324 1 0.0176757 
37 30
0 0.964961 1 0.0350389 
37 40
0 0.982324 1 0.0176757 
37 61
0 0.964961 1 0.0350389 
37 63
0 0.982324 1 0.0176757 
37 67
0 0.964961 1 0.0350389 
37 68
0 0.964961 1 0.0350389 
37 73
0 0.982324 1 0.0176757 
38 6
0 0.982324 1 0.0176757 
38 19
0 0.982324 1 0.0176757 
38 21
0 0.982324 1 0.0176757 
38 30
0 0.964961 1 0.0350389 
38 61
0 0.964961 1 0.0350389 
38 67
0 0.964961 1 0.0350389 
38 68
0 0.964961 1 0.0350389 
39 30
0 0.964961 1 0.0350389 
39 61
0 0.964961 1 0.0350389 
39 67
0 0.964961 1 0.0350389 
39 68
0 0.964961 1 0.0350389 
39 81
0 0.982324 1 0.0176757 
40 30
0 0.964961 1 0.0350389 
40 52
0 0.982324 1 0.0176757 
40 61
0 0.964961 1 0.0350389 
40 67
0 0.964961 1 0.0350389 
40 68
0 0.964961 1 0.0350389 
40 72
0 0.982324 1 0.0176757 
40 81
0 0.982324 1 0.0176757 
41 8
0 0.982324 1 0.0176757 
41 22
0 0.982324 1 0.0176757 
41 29
0 0.982324 1 0.0176757 
41 30
0 0.964961 1 0.0350389 
41 49
0 0.982324 1 0.0176757 
41 61
0 0.964961 1 0.0350389 
41 67
0 0.964961 1 0.0350389 
41 68
0 0.964961 1 0.0350389 
42 20
0 0.982324 1 0.0176757 
42 30
0 0.964961 1 0.0350389 
42 41
0 0.982324 1 0.0176757 
42 61
0 0.964961 1 0.0350389 
42 67
0 0.964961 1 0.0350389 
42 68
0 0.964961 1 0.0350389 
42 78
0 0.982324 1 0.0176757 
43 30
0 0.964961 1 0.0350389 
43 36
0 0.982324 1 0.0176757 
43 61
0 0.964961 1 0.0350389 
43 67
0 0.964961 1 0.0350389 
43 68
0 0.964961 1 0.0350389 
43 69
0 0.982324 1 0.0176757 
43 72
0 0.982324 1 0.0176757 
44 30
0 0.964961 1 0.0350389 
44 61
0 0.964961 1 0.0350389 
44 67
0 0.964961 1 0.0350389 
44 68
0 0.964961 1 0.0350389 
44 72
0 0.982324 1 0.0176757 
44 85
0 0.982324 1 0.0176757 
45 8
0 0.982324 1 0.0176757 
45 14
0 0.982324 1 0.0176757 
45 30
0 0.964961 1 0.0350389 
45 38
0 0.982324 1 0.0176757 
45 61
0 0.964961 1 0.0350389 
45 67
0 0.964961 1 0.0350389 
45 68
0 0.964961 1 0.0350389 
45 90
0 0.982324 1 0.0176757 
46 13
0 0.982324 1 0.0176757 
46 30
0 0.964961 1 0.0350389 
46 61
0 0.964961 1 0.0350389 
46 67
0 0.964961 1 0.0350389 
46 68
0 0.964961 1 0.0350389 
47 2
0 0.982324 1 0.0176757 
47 11
0 0.982324 1 0.0176757 
47 14
0 0.982324 1 0.0176757 
47 28
0 0.982324 1 0.0176757 
47 30
0 0.964961 1 0.0350389 
47 31
0 0.982324 1 0.0176757 
47 61
0 0.964961 1 0.0350389 
47 67
0 0.964961 1 0.0350389 
47 68
0 0.964961 1 0.0350389 
47 79
0 0.982324 1 0.0176757 
48 19
0 0.982324 1 0.0176757 
48 30
0 0.964961 1 0.0350389 
48 41
0 0.982324 1 0.0176757 
48 54
0 0.982324 1 0.0176757 
48 61
0 0.964961 1 0.0350389 
48 67
0 0.964961 1 0.0350389 
48 68
0 0.964961 1 0.0350389 
49 19
0 0.982324 1 0.0176757 
49 23
0 0.982324 1 0.0176757 
49 30
0 0.964961 1 0.0350389 
49 61
0 0.964961 1 0.0350389 
49 67
0 0.964961 1 0.0350389 
49 68
0 0.964961 1 0.0350389 
50 17
0 0.982324 1 0.0176757 
50 30
0 0.964961 1 0.0350389 
50 31
0 0.982324 1 0.0176757 
50 61
0 0.964961 1 0.0350389 
50 67
0 0.964961 1 0.0350389 
50 68
0 0.964961 1 0.0350389 
50 74
0 0.982324 1 0.0176757 
50 94
0 0.982324 1 0.0176757 
51 30
0 0.964961 1 0.0350389 
51 35
0 0.982324 1 0.0176757 
51 55
0 0.982324 1 0.0176757 
51 60
0 0.982324 1 0.0176757 
51 61
0 0.964961 1 0.0350389 
51 67
0 0.964961 1 0.0350389 
51 68
0 0.964961 1 0.0350389 
51 83
0 0.982324 1 0.0176757 
52 4
0 0.982324 1 0.0176757 
52 30
0 0.964961 1 0.0350389 
52 61
0 0.964961 1 0.0350389 
52 67
0 0.964961 1 0.0350389 
52 68
0 0.964961 1 0.0350389 
53 30
0 0.964961 1 0.0350389 
53 61
0 0.964961 1 0.0350389 
53 67
0 0.964961 1 0.0350389 
53 68
0 0.964961 1 0.0350389 
53 70
0 0.982324 1 0.0176757 
54 14
0 0.982324 1 0.0176757 
54 23
0 0.982324 1 0.0176757 
54 30
0 0.964961 1 0.0350389 
54 61
0 0.964961 1 0.0350389 
54 67
0 0.964961 1 0.0350389 
54 68
0 0.964961 1 0.0350389 
55 21
0 0.982324 1 0.0176757 
55 30
0 0.964961 1 0.0350389 
55 46
0 0.982324 1 0.0176757 
55 61
0 0.964961 1 0.0350389 
55 67
0 0.964961 1 0.0350389 
55 68
0 0.964961 1 0.0350389 
56 30
0 0.964961 1 0.0350389 
56 61
0 0.964961 1 0.0350389 
56 67
0 0.964961 1 0.0350389 
56 68
0 0.964961 1 0.0350389 
56 98
0 0.982324 1 0.0176757 
57 30
0 0.964961 1 0.0350389 
57 61
0 0.964961 1 0.0350389 
57 67
0 0.964961 1 0.0350389 
57 68
0 0.964961 1 0.0350389 
57 88
0 0.982324 1 0.0176757 
58 30
0 0.964961 1 0.0350389 
58 41
0 0.982324 1 0.0176757 
58 49
0 0.982324 1 0.0176757 
58 61
0 0.964961 1 0.0350389 
58 63
0 0.982324 1 0.0176757 
58 67
0 0.964961 1 0.0350389 
58 68
0 0.964961 1 0.0350389 
58 92
0 0.982324 1 0.0176757 
59 30
0 0.964961 1 0.0350389 
59 55
0 0.982324 1 0.0176757 
59 61
0 0.964961 1 0.0350389 
59 67
0 0.964961 1 0.0350389 
59 68
0 0.964961 1 0.0350389 
59 76
0 0.982324 1 0.0176757 
59 80
0 0.982324 1 0.0176757 
60 30
0 0.964961 1 0.0350389 
60 34
0 0.982324 1 0.0176757 
60 61
0 0.964961 1 0.0350389 
60 67
0 0.964961 1 0.0350389 
60 68
0 0.964961 1 0.0350389 
60 69
0 0.982324 1 0.0176757 
61 0
0 0.964961 1 0.0350389 
61 1
0 0.964961 1 0.0350389 
61 2
0 0.964961 1 0.0350389 
61 3
0 0.964961 1 0.0350389 
61 4
0 0.964961 1 0.0350389 
61 5
0 0.964961 1 0.0350389 
61 6
0 0.964961 1 0.0350389 
61 7
0 0.964961 1 0.0350389 
61 8
0 0.964961 1 0.0350389 
61 9
0 0.964961 1 0.0350389 
61 10
0 0.964961 1 0.0350389 
61 11
0 0.964961 1 0.0350389 
61 12
0 0.964961 1 0.0350389 
61 13
0 0.964961 1 0.0350389 
61 14
0 0.964961 1 0.0350389 
61 15
0 0.964961 1 0.0350389 
61 16
0 0.964961 1 0.0350389 
61 17
0 0.964961 1 0.0350389 
61 18
0 0.964961 1 0.0350389 
61 19
0 0.964961 1 0.0350389 
61 20
0 0.964961 1 0.0350389 
61 21
0 0.964961 1 0.0350389 
61 22
0 0.964961 1 0.0350389 
61 23
0 0.964961 1 0.0350389 
61 24
0 0.964961 1 0.0350389 
61 25
0 0.964961 1 0.0350389 
61 26
0 0.964961 1 0.0350389 
61 27
0 0.964961 1 0.0350389 
61 28
0 0.964961 1 0.0350389 
61 29
0 0.964961 1 0.0350389 
61 30
1 0.000502315 2 0.5 3 0.499498 
61 31
0 0.964961 1 0.0350389 
61 32
0 0.964961 1 0.0350389 
61 33
0 0.964961 1 0.0350389 
61 34
0 0.964961 1 0.0350389 
61 35
0 0.964961 1 0.0350389 
61 36
0 0.964961 1 0.0350389 
61 37
0 0.964961 1 0.0350389 
61 38
0 0.964961 1 0.0350389 
61 39
0 0.964961 1 0.0350389 
61 40
0 0.964961 1 0.0350389 
61 41
0 0.964961 1 0.0350389 
61 42
0 0.964961 1 0.0350389 
61 43
0 0.964961 1 0.0350389 
61 44
0 0.964961 1 0.0350389 
61 45
0 0.964961 1 0.0350389 
61 46
0 0.964961 1 0.0350389 
61 47
0 0.964961 1 0.0350389 
61 48
0 0.964961 1 0.0350389 
61 49
0 0.964961 1 0.0350389 
61 50
0 0.964961 1 0.0350389 
61 51
0 0.964961 1 0.0350389 
61 52
0 0.964961 1 0.0350389 
61 53
0 0.964961 1 0.0350389 
61 54
0 0.964961 1 0.0350389 
61 55
0 0.964961 1 0.0350389 
61 56
0 0.964961 1 0.0350389 
61 57
0 0.964961 1 0.0350389 
61 58
0 0.964961 1 0.0350389 
61 59
0 0.964961 1 0.0350389 
61 60
0 0.964961 1 0.0350389 
61 62
0 0.964961 1 0.0350389 
61 63
0 0.964961 1 0.0350389 
61 64
0 0.964961 1 0.0350389 
61 65
0 0.964961 1 0.0350389 
61 66
0 0.964961 1 0.0350389 
61 67
1 0.000502315 2 0.5 3 0.499498 
61 68
1 0.000502315 2 0.5 3 0.499498 
61 69
0 0.964961 1 0.0350389 
61 70
0 0.964961 1 0.0350389 
61 71
0 0.964961 1 0.0350389 
61 72
0 0.964961 1 0.0350389 
61 73
0 0.964961 1 0.0350389 
61 74
0 0.964961 1 0.0350389 
61 75
0 0.964961 1 0.0350389 
61 76
0 0.964961 1 0.0350389 
61 77
0 0.964961 1 0.0350389 
61 78
0 0.964961 1 0.0350389 
61 79
0 0.964961 1 0.0350389 
61 80
0 0.964961 1 0.0350389 
61 81
0 0.964961 1 0.0350389 
61 82
0 0.964961 1 0.0350389 
61 83
0 0.964961 1 0.0350389 
61 84
0 0.964961 1 0.0350389 
61 85
0 0.964961 1 0.0350389 
61 86
0 0.964961 1 0.0350389 
61 87
0 0.964961 1 0.0350389 
61 88
0 0.964961 1 0.0350389 
61 89
0 0.964961 1 0.0350389 
61 90
0 0.964961 1 0.0350389 
61 91
0 0.964961 1 0.0350389 
61 92
0 0.964961 1 0.0350389 
61 93
0 0.964961 1 0.0350389 
61 94
0 0.964961 1 0.0350389 
61 95
0 0.964961 1 0.0350389 
61 96
0 0.964961 1 0.0350389 
61 97
0 0.964961 1 0.0350389 
61 98
0 0.964961 1 0.0350389 
62 4
0 0.982324 1 0.0176757 
62 10
0 0.982324 1 0.0176757 
62 28
0 0.982324 1 0.0176757 
62 30
0 0.964961 1 0.0350389 
62 54
0 0.982324 1 0.0176757 
62 61
0 0.964961 1 0.0350389 
62 67
0 0.964961 1 0.0350389 
62 68
0 0.964961 1 0.0350389 
63 13
0 0.982324 1 0.0176757 
63 30
0 0.964961 1 0.0350389 
63 61
0 0.964961 1 0.0350389 
63 67
0 0.964961 1 0.0350389 
63 68
0 0.964961 1 0.0350389 
63 70
0 0.982324 1 0.0176757 
63 93
0 0.982324 1 0.0176757 
64 8
0 0.982324 1 0.0176757 
64 24
0 0.982324 1 0.0176757 
64 30
0 0.964961 1 0.0350389 
64 40
0 0.982324 1 0.0176757 
64 61
0 0.964961 1 0.0350389 
64 67
0 0.964961 1 0.0350389 
64 68
0 0.964961 1 0.0350389 
65 3
0 0.982324 1 0.0176757 
65 30
0 0.964961 1 0.0350389 
65 61
0 0.964961 1 0.0350389 
65 67
0 0.964961 1 0.0350389 
65 68
0 0.964961 1 0.0350389 
66 25
0 0.982324 1 0.0176757 
66 30
0 0.964961 1 0.0350389 
66 38
0 0.982324 1 0.0176757 
66 53
0 0.982324 1 0.0176757 
66 61
0 0.964961 1 0.0350389 
66 65
0 0.982324 1 0.0176757 
66 67
0 0.964961 1 0.0350389 
66 68
0 0.964961 1 0.0350389 
67 0
0 0.964961 1 0.0350389 
67 1
0 0.964961 1 0.0350389 
67 2
0 0.964961 1 0.0350389 
67 3
0 0.964961 1 0.0350389 
67 4
0 0.964961 1 0.0350389 
67 5
0 0.964961 1 0.0350389 
67 6
0 0.964961 1 0.0350389 
67 7
0 0.964961 1 0.0350389 
67 8
0 0.964961 1 0.0350389 
67 9
0 0.964961 1 0.0350389 
67 10
0 0.964961 1 0.0350389 
67 11
0 0.964961 1 0.0350389 
67 12
0 0.964961 1 0.0350389 
67 13
0 0.964961 1 0.0350389 
67 14
0 0.964961 1 0.0350389 
67 15
0 0.964961 1 0.0350389 
67 16
0 0.964961 1 0.0350389 
67 17
0 0.964961 1 0.0350389 
67 18
0 0.964961 1 0.0350389 
67 19
0 0.964961 1 0.0350389 
67 20
0 0.964961 1 0.0350389 
67 21
0 0.964961 1 0.0350389 
67 22
0 0.964961 1 0.0350389 
67 23
0 0.964961 1 0.0350389 
67 24
0 0.964961 1 0.0350389 
67 25
0 0.964961 1 0.0350389 
67 26
0 0.964961 1 0.0350389 
67 27
0 0.964961 1 0.0350389 
67 28
0 0.964961 1 0.0350389 
67 29
0 0.964961 1 0.0350389 
67 30
1 0.000502315 2 0.5 3 0.499498 
67 31
0 0.964961 1 0.0350389 
67 32
0 0.964961 1 0.0350389 
67 33
0 0.964961 1 0.0350389 
67 34
0 0.964961 1 0.0350389 
67 35
0 0.964961 1 0.0350389 
67 36
0 0.964961 1 0.0350389 
67 37
0 0.964961 1 0.0350389 
67 38
0 0.964961 1 0.0350389 
67 39
0 0.964961 1 0.0350389 
67 40
0 0.964961 1 0.0350389 
67 41
0 0.964961 1 0.0350389 
67 42
0 0.964961 1 0.0350389 
67 43
0 0.964961 1 0.0350389 
67 44
0 0.964961 1 0.0350389 
67 45
0 0.964961 1 0.0350389 
67 46
0 0.964961 1 0.0350389 
67 47
0 0.964961 1 0.0350389 
67 48
0 0.964961 1 0.0350389 
67 49
0 0.964961 1 0.0350389 
67 50
0 0.964961 1 0.0350389 
67 51
0 0.964961 1 0.0350389 
67 52
0 0.964961 1 0.0350389 
67 53
0 0.964961 1 0.0350389 
67 54
0 0.964961 1 0.0350389 
67 55
0 0.964961 1 0.0350389 
67 56
0 0.964961 1 0.0350389 
67 57
0 0.964961 1 0.0350389 
67 58
0 0.964961 1 0.0350389 
67 59
0 0.964961 1 0.0350389 
67 60
0 0.964961 1 0.0350389 
67 61
1 0.000502315 2 0.5 3 0.499498 
67 62
0 0.964961 1 0.0350389 
67 63
0 0.964961 1 0.0350389 
67 64
0 0.964961 1 0.0350389 
67 65
0 0.964961 1 0.0350389 
67 66
0 0.964961 1 0.0350389 
67 68
1 0.000502315 2 0.5 3 0.499498 
67 69
0 0.964961 1 0.0350389 
67 70
0 0.964961 1 0.0350389 
67 71
0 0.964961 1 0.0350389 
67 72
0 0.964961 1 0.0350389 
67 73
0 0.964961 1 0.0350389 
67 74
0 0.964961 1 0.0350389 
67 75
0 0.964961 1 0.0350389 
67 76
0 0.964961 1 0.0350389 
67 77
0 0.964961 1 0.0350389 
67 78
0 0.964961 1 0.0350389 
67 79
0 0.964961 1 0.0350389 
67 80
0 0.964961 1 0.0350389 
67 81
0 0.964961 1 0.0350389 
67 82
0 0.964961 1 0.0350389 
67 83
0 0.964961 1 0.0350389 
67 84
0 0.964961 1 0.0350389 
67 85
0 0.964961 1 0.0350389 
67 86
0 0.964961 1 0.0350389 
67 87
0 0.964961 1 0.0350389 
67 88
0 0.964961 1 0.0350389 
67 89
0 0.964961 1 0.0350389 
67 90
0 0.964961 1 0.0350389 
67 91
0 0.964961 1 0.0350389 
67 92
0 0.964961 1 0.0350389 
67 93
0 0.964961 1 0.0350389 
67 94
0 0.964961 1 0.0350389 
67 95
0 0.964961 1 0.0350389 
67 96
0 0.964961 1 0.0350389 
67 97
0 0.964961 1 0.0350389 
67 98
0 0.964961 1 0.0350389 
68 0
0 0.964961 1 0.0350389 
68 1
0 0.964961 1 0.0350389 
68 2
0 0.964961 1 0.0350389 
68 3
0 0.964961 1 0.0350389 
68 4
0 0.964961 1 0.0350389 
68 5
0 0.964961 1 0.0350389 
68 6
0 0.964961 1 0.0350389 
68 7
0 0.964961 1 0.0350389 
68 8
0 0.964961 1 0.0350389 
68 9
0 0.964961 1 0.0350389 
68 10
0 0.964961 1 0.0350389 
68 11
0 0.964961 1 0.0350389 
68 12
0 0.964961 1 0.0350389 
68 13
0 0.964961 1 0.0350389 
68 14
0 0.964961 1 0.0350389 
68 15
0 0.964961 1 0.0350389 
68 16
0 0.964961 1 0.0350389 
68 17
0 0.964961 1 0.0350389 
68 18
0 0.964961 1 0.0350389 
68 19
0 0.964961 1 0.0350389 
68 20
0 0.964961 1 0.0350389 
68 21
0 0.964961 1 0.0350389 
68 22
0 0.964961 1 0.0350389 
68 23
0 0.964961 1 0.0350389 
68 24
0 0.964961 1 0.0350389 
68 25
0 0.964961 1 0.0350389 
68 26
0 0.964961 1 0.0350389 
68 27
0 0.964961 1 0.0350389 
68 28
0 0.964961 1 0.0350389 
68 29
0 0.964961 1 0.0350389 
68 30
1 0.000502315 2 0.5 3 0.499498 
68 31
0 0.964961 1 0.0350389 
68 32
0 0.964961 1 0.0350389 
68 33
0 0.964961 1 0.0350389 
68 34
0 0.964961 1 0.0350389 
68 35
0 0.964961 1 0.0350389 
68 36
0 0.964961 1 0.0350389 
68 37
0 0.964961 1 0.0350389 
68 38
0 0.964961 1 0.0350389 
68 39
0 0.964961 1 0.0350389 
68 40
0 0.964961 1 0.0350389 
68 41
0 0.964961 1 0.0350389 
68 42
0 0.964961 1 0.0350389 
68 43
0 0.964961 1 0.0350389 
68 44
0 0.964961 1 0.0350389 
68 45
0 0.964961 1 0.0350389 
68 46
0 0.964961 1 0.0350389 
68 47
0 0.964961 1 0.0350389 
68 48
0 0.964961 1 0.0350389 
68 49
0 0.964961 1 0.0350389 
68 50
0 0.964961 1 0.0350389 
68 51
0 0.964961 1 0.0350389 
68 52
0 0.964961 1 0.0350389 
68 53
0 0.964961 1 0.0350389 
68 54
0 0.964961 1 0.0350389 
68 55
0 0.964961 1 0.0350389 
68 56
0 0.964961 1 0.0350389 
68 57
0 0.964961 1 0.0350389 
68 58
0 0.964961 1 0.0350389 
68 59
0 0.964961 1 0.0350389 
68 60
0 0.964961 1 0.0350389 
68 61
1 0.000502315 2 0.5 3 0.499498 
68 62
0 0.964961 1 0.0350389 
68 63
0 0.964961 1 0.0350389 
68 64
0 0.964961 1 0.0350389 
68 65
0 0.964961 1 0.0350389 
68 66
0 0.964961 1 0.0350389 
68 67
1 0.000502315 2 0.5 3 0.499498 
68 69
0 0.964961 1 0.0350389 
68 70
0 0.964961 1 0.0350389 
68 71
0 0.964961 1 0.0350389 
68 72
0 0.964961 1 0.0350389 
68 73
0 0.964961 1 0.0350389 
68 74
0 0.964961 1 0.0350389 
68 75
0 0.964961 1 0.0350389 
68 76
0 0.964961 1 0.0350389 
68 77
0 0.964961 1 0.0350389 
68 78
0 0.964961 1 0.0350389 
68 79
0 0.964961 1 0.0350389 
68 80
0 0.964961 1 0.0350389 
68 81
0 0.964961 1 0.0350389 
68 82
0 0.964961 1 0.0350389 
68 83
0 0.964961 1 0.0350389 
68 84
0 0.964961 1 0.0350389 
68 85
0 0.964961 1 0.0350389 
68 86
0 0.964961 1 0.0350389 
68 87
0 0.964961 1 0.0350389 
68 88
0 0.964961 1 0.0350389 
68 89
0 0.964961 1 0.0350389 
68 90
0 0.964961 1 0.0350389 
68 91
0 0.964961 1 0.0350389 
68 92
0 0.964961 1 0.0350389 
68 93
0 0.964961 1 0.0350389 
68 94
0 0.964961 1 0.0350389 
68 95
0 0.964961 1 0.0350389 
68 96
0 0.964961 1 0.0350389 
68 97
0 0.964961 1 0.0350389 
68 98
0 0.964961 1 0.0350389 
69 30
0 0.964961 1 0.0350389 
69 40
0 0.982324 1 0.0176757 
69 61
0 0.964961 1 0.0350389 
69 67
0 0.964961 1 0.0350389 
69 68
0 0.964961 1 0.0350389 
69 74
0 0.982324 1 0.0176757 
69 83
0 0.982324 1 0.0176757 
70 30
0 0.964961 1 0.0350389 
70 61
0 0.964961 1 0.0350389 
70 67
0 0.964961 1 0.0350389 
70 68
0 0.964961 1 0.0350389 
71 5
0 0.982324 1 0.0176757 
71 27
0 0.982324 1 0.0176757 
71 30
0 0.964961 1 0.0350389 
71 61
0 0.964961 1 0.0350389 
71 67
0 0.964961 1 0.0350389 
71 68
0 0.964961 1 0.0350389 
72 1
0 0.982324 1 0.0176757 
72 30
0 0.964961 1 0.0350389 
72 41
0 0.982324 1 0.0176757 
72 61
0 0.964961 1 0.0350389 
72 67
0 0.964961 1 0.0350389 
72 68
0 0.964961 1 0.0350389 
72 69
0 0.982324 1 0.0176757 
72 92
0 0.982324 1 0.0176757 
73 30
0 0.964961 1 0.0350389 
73 45
0 0.982324 1 0.0176757 
73 61
0 0.964961 1 0.0350389 
73 67
0 0.964961 1 0.0350389 
73 68
0 0.964961 1 0.0350389 
73 93
0 0.982324 1 0.0176757 
74 9
0 0.982324 1 0.0176757 
74 30
0 0.964961 1 0.0350389 
74 42
0 0.982324 1 0.0176757 
74 61
0 0.964961 1 0.0350389 
74 67
0 0.964961 1 0.0350389 
74 68
0 0.964961 1 0.0350389 
74 97
0 0.982324 1 0.0176757 
75 30
0 0.964961 1 0.0350389 
75 35
0 0.982324 1 0.0176757 
75 61
0 0.964961 1 0.0350389 
75 67
0 0.964961 1 0.0350389 
75 68
0 0.964961 1 0.0350389 
76 30
0 0.964961 1 0.0350389 
76 61
0 0.964961 1 0.0350389 
76 67
0 0.964961 1 0.0350389 
76 68
0 0.964961 1 0.0350389 
77 9
0 0.982324 1 0.0176757 
77 28
0 0.982324 1 0.0176757 
77 30
0 0.964961 1 0.0350389 
77 61
0 0.964961 1 0.0350389 
77 67
0 0.964961 1 0.0350389 
77 68
0 0.964961 1 0.0350389 
77 94
0 0.982324 1 0.0176757 
78 30
0 0.964961 1 0.0350389 
78 38
0 0.982324 1 0.0176757 
78 61
0 0.964961 1 0.0350389 
78 67
0 0.964961 1 0.0350389 
78 68
0 0.964961 1 0.0350389 
79 30
0 0.964961 1 0.0350389 
79 61
0 0.964961 1 0.0350389 
79 67
0 0.964961 1 0.0350389 
79 68
0 0.964961 1 0.0350389 
80 30
0 0.964961 1 0.0350389 
80 52
0 0.982324 1 0.0176757 
80 61
0 0.964961 1 0.0350389 
80 67
0 0.964961 1 0.0350389 
80 68
0 0.964961 1 0.0350389 
81 13
0 0.982324 1 0.0176757 
81 29
0 0.982324 1 0.0176757 
81 30
0 0.964961 1 0.0350389 
81 61
0 0.964961 1 0.0350389 
81 67
0 0.964961 1 0.0350389 
81 68
0 0.964961 1 0.0350389 
82 30
0 0.964961 1 0.0350389 
82 36
0 0.982324 1 0.0176757 
82 61
0 0.964961 1 0.0350389 
82 67
0 0.964961 1 0.0350389 
82 68
0 0.964961 1 0.0350389 
83 30
0 0.964961 1 0.0350389 
83 61
0 0.964961 1 0.0350389 
83 67
0 0.964961 1 0.0350389 
83 68
0 0.964961 1 0.0350389 
84 9
0 0.982324 1 0.0176757 
84 30
0 0.964961 1 0.0350389 
84 61
0 0.964961 1 0.0350389 
84 66
0 0.982324 1 0.0176757 
84 67
0 0.964961 1 0.0350389 
84 68
0 0.964961 1 0.0350389 
85 30
0 0.964961 1 0.0350389 
85 61
0 0.964961 1 0.0350389 
85 63
0 0.982324 1 0.0176757 
85 67
0 0.964961 1 0.0350389 
85 68
0 0.964961 1 0.0350389 
85 75
0 0.982324 1 0.0176757 
85 97
0 0.982324 1 0.0176757 
86 20
0 0.982324 1 0.0176757 
86 30
0 0.964961 1 0.0350389 
86 46
0 0.982324 1 0.0176757 
86 61
0 0.964961 1 0.0350389 
86 67
0 0.964961 1 0.0350389 
86 68
0 0.964961 1 0.0350389 
87 12
0 0.982324 1 0.0176757 
87 30
0 0.964961 1 0.0350389 
87 56
0 0.982324 1 0.0176757 
87 57
0 0.982324 1 0.0176757 
87 61
0 0.964961 1 0.0350389 
87 67
0 0.964961 1 0.0350389 
87 68
0 0.964961 1 0.0350389 
88 30
0 0.964961 1 0.0350389 
88 50
0 0.982324 1 0.0176757 
88 61
0 0.964961 1 0.0350389 
88 67
0 0.964961 1 0.0350389 
88 68
0 0.964961 1 0.0350389 
88 84
0 0.982324 1 0.0176757 
88 89
0 0.982324 1 0.0176757 
89 30
0 0.964961 1 0.0350389 
89 55
0 0.982324 1 0.0176757 
89 61
0 0.964961 1 0.0350389 
89 67
0 0.964961 1 0.0350389 
89 68
0 0.964961 1 0.0350389 
90 30
0 0.964961 1 0.0350389 
90 61
0 0.964961 1 0.0350389 
90 67
0 0.964961 1 0.0350389 
90 68
0 0.964961 1 0.0350389 
90 81
0 0.982324 1 0.0176757 
90 84
0 0.982324 1 0.0176757 
90 89
0 0.982324 1 0.0176757 
91 30
0 0.964961 1 0.0350389 
91 61
0 0.964961 1 0.0350389 
91 67
0 0.964961 1 0.0350389 
91 68
0 0.964961 1 0.0350389 
91 73
0 0.982324 1 0.0176757 
92 30
0 0.964961 1 0.0350389 
92 61
0 0.964961 1 0.0350389 
92 67
0 0.964961 1 0.0350389 
92 68
0 0.964961 1 0.0350389 
93 17
0 0.982324 1 0.0176757 
93 30
0 0.964961 1 0.0350389 
93 32
0 0.982324 1 0.0176757 
93 51
0 0.982324 1 0.0176757 
93 61
0 0.964961 1 0.0350389 
93 67
0 0.964961 1 0.0350389 
93 68
0 0.964961 1 0.0350389 
94 30
0 0.964961 1 0.0350389 
94 61
0 0.964961 1 0.0350389 
94 65
0 0.982324 1 0.0176757 
94 67
0 0.964961 1 0.0350389 
94 68
0 0.964961 1 0.0350389 
95 12
0 0.982324 1 0.0176757 
95 30
0 0.964961 1 0.0350389 
95 61
0 0.964961 1 0.0350389 
95 67
0 0.964961 1 0.0350389 
95 68
0 0.964961 1 0.0350389 
96 30
0 0.964961 1 0.0350389 
96 61
0 0.964961 1 0.0350389 
96 67
0 0.964961 1 0.0350389 
96 68
0 0.964961 1 0.0350389 
97 0
0 0.982324 1 0.0176757 
97 30
0 0.964961 1 0.0350389 
97 61
0 0.964961 1 0.0350389 
97 67
0 0.964961 1 0.0350389 
97 68
0 0.964961 1 0.0350389 
98 30
0 0.964961 1 0.0350389 
98 61
0 0.964961 1 0.0350389 
98 67
0 0.964961 1 0.0350389 
98 68
0 0.964961 1 0.0350389 
