c 	rd100_tsp_100_4_4_6_44_50_61_972_0_0_0_100_8768484_0_0
c 	nn 100
c 	nm 4
c 	oComp 4
c 	ooProb 0.0176757
c 	coProb 0.0350389
c 	ooD 3.39373
c 	coD 26.9099
c 	ccD 30.3036
c 	totD 60.6072
c 	ooD/totD 0.0559954
c 	coD/totD 0.444005
c 	ccD/totD 0.5
c 	ccEval 2.5253
c 	ooN 192
c 	coN 768
c 	ccN 12
c 	totN 972
c 	totN / nn(nn-1)=0.0981818
c 	 TYPE: TSPLIB
100
1134 421 359 521 627 698 55 499 547 589 325 232 278 130 759 736 88 834 516 257 551 1050 759 825 512 656 803 914 446 878 391 520 657 957 502 817 798 847 768 601 734 791 866 787 753 546 377 260 749 241 694 591 825 866 746 574 970 814 22 566 94 159 370 315 838 183 214 103 841 131 784 756 526 281 874 821 478 586 375 403 288 244 930 295 173 172 925 1150 219 311 669 865 694 795 886 166 766 544 820 
1134 807 953 759 603 753 1099 1008 759 641 1073 928 1088 1048 378 924 1208 731 915 997 825 87 873 870 967 763 612 372 953 274 971 799 725 317 642 640 891 542 725 817 810 842 342 355 760 601 1006 965 763 1015 472 600 828 645 736 561 308 498 1119 716 1159 1026 765 949 353 988 1124 1038 972 1208 954 788 930 981 369 538 915 646 932 865 1012 1045 237 1049 1023 1146 251 108 994 863 794 533 487 509 529 1018 415 643 414 
421 807 147 517 222 696 416 256 130 494 266 193 282 297 440 382 464 422 192 201 601 734 816 869 230 247 382 710 597 534 172 115 639 732 326 397 425 725 745 644 761 827 635 511 345 227 578 177 342 473 480 208 432 796 334 316 582 403 416 532 401 268 247 475 467 239 543 367 492 541 436 355 211 180 486 404 162 177 517 483 207 503 577 243 258 360 567 795 431 362 270 446 322 384 759 260 397 164 622 
359 953 147 609 359 796 374 162 225 607 120 185 145 231 587 377 376 487 157 102 683 880 904 962 161 311 483 850 648 680 42 187 741 875 448 488 439 852 852 730 855 921 778 657 404 372 612 107 399 486 617 353 468 914 401 455 718 528 362 632 309 203 339 513 610 194 529 341 484 489 427 403 168 78 623 520 119 314 564 547 80 511 721 104 188 247 711 937 444 418 318 559 467 509 888 197 541 311 760 
521 759 517 609 548 190 468 761 608 118 681 446 660 513 463 888 609 852 709 564 93 673 298 354 743 718 751 442 193 579 650 617 140 497 226 783 916 335 254 128 247 313 427 420 801 390 251 532 800 308 295 489 901 345 780 314 732 685 500 50 593 512 273 226 598 482 409 422 993 532 941 822 727 569 661 720 677 540 187 128 603 329 632 641 520 633 638 816 310 218 751 760 513 672 374 508 548 471 361 
627 603 222 359 548 691 612 407 157 477 479 395 501 510 267 390 679 305 315 423 641 537 827 869 367 203 209 583 686 332 371 196 635 590 322 237 394 647 723 672 763 826 499 361 263 158 691 398 263 619 384 59 363 740 240 247 360 188 618 542 618 482 336 595 253 449 709 555 479 736 437 288 331 403 265 201 312 46 618 566 427 653 367 461 474 582 355 579 582 475 240 245 121 169 673 474 189 91 510 
698 753 696 796 190 691 644 945 775 214 870 636 850 701 540 1054 786 994 887 754 151 672 140 178 925 877 882 389 291 636 836 789 57 448 380 916 1076 231 71 106 73 135 412 466 952 537 369 722 952 469 353 634 1053 186 930 444 801 799 677 164 775 701 457 387 680 671 556 603 1156 691 1107 975 906 758 748 840 857 692 333 296 793 482 683 830 710 820 693 829 480 406 912 876 630 789 262 698 646 626 340 
55 1099 416 374 468 612 644 522 545 539 356 224 312 145 726 751 142 835 530 273 496 1014 704 770 531 658 796 868 391 848 409 521 604 912 461 812 810 796 713 546 679 736 823 749 756 519 323 269 752 186 652 572 832 813 747 539 946 799 34 513 145 171 334 260 812 184 170 61 857 126 801 761 542 296 852 809 491 573 319 348 309 191 900 322 186 217 896 1118 164 262 674 853 670 780 835 177 741 525 774 
499 1008 256 162 761 407 945 522 250 748 183 346 231 377 666 253 496 420 93 251 839 944 1058 1115 42 272 458 958 809 738 120 211 889 976 582 452 324 981 998 884 1007 1073 880 749 338 474 773 265 334 646 732 424 371 1051 347 569 740 536 505 781 431 352 488 674 656 350 684 496 349 629 295 327 81 231 652 514 99 367 726 706 213 670 771 205 336 353 758 975 605 578 258 545 527 520 1014 347 595 393 873 
547 759 130 225 608 157 775 545 250 563 340 322 369 420 419 280 583 292 158 310 697 694 903 952 210 119 261 724 710 488 226 41 717 737 395 271 310 768 817 736 843 909 643 508 217 251 698 293 214 599 509 180 307 851 205 352 501 305 543 615 518 391 351 596 407 365 672 496 385 670 333 229 175 286 409 295 156 118 633 593 302 630 522 329 379 467 509 730 558 479 147 334 277 286 798 383 345 160 644 
589 641 494 607 118 477 214 539 748 563 695 468 682 556 353 842 675 781 684 582 196 555 350 392 724 663 671 337 311 465 646 580 158 388 169 704 862 261 254 209 286 350 313 303 738 323 366 547 738 402 178 420 839 307 716 231 622 593 568 81 649 548 272 324 491 514 508 486 943 620 894 761 703 581 557 632 656 478 296 231 617 427 517 657 554 676 524 697 394 277 698 670 422 582 300 544 448 412 250 
325 1073 266 120 681 479 870 356 183 340 695 235 48 215 705 435 313 580 233 117 746 1000 968 1029 209 411 591 958 689 800 114 299 818 986 545 593 504 948 931 795 925 990 889 772 496 487 641 149 491 505 724 474 545 1002 498 565 837 644 334 711 250 197 423 549 730 211 524 342 532 453 478 490 235 114 743 633 204 434 606 601 79 524 841 41 183 170 831 1058 467 473 410 671 587 626 985 195 662 430 866 
232 928 193 185 446 395 636 224 346 322 468 235 215 121 550 546 288 613 329 118 511 847 734 794 343 436 573 756 465 663 227 300 584 791 332 589 600 726 697 560 690 755 695 594 535 329 427 88 531 303 523 361 616 773 525 378 742 582 225 477 232 98 199 328 614 59 357 175 655 349 598 542 343 126 646 589 290 353 381 369 158 329 712 195 96 223 706 933 261 240 455 632 468 563 764 90 542 313 662 
278 1088 282 145 660 501 850 312 231 369 682 48 215 175 716 481 265 621 275 102 721 1013 943 1005 254 449 625 957 657 815 151 331 798 987 538 629 550 938 912 770 902 966 890 777 536 495 605 137 532 468 722 491 589 988 537 566 861 673 289 692 202 160 411 516 750 181 481 303 580 406 525 532 279 110 766 664 244 456 574 574 77 485 859 41 148 122 849 1077 431 448 450 703 604 654 976 160 680 446 864 
130 1048 297 231 513 510 701 145 377 420 556 215 121 175 669 608 169 705 388 129 564 966 783 847 387 527 679 862 487 784 264 392 653 900 438 691 669 817 767 614 747 809 805 710 624 449 432 130 620 293 632 480 695 853 618 494 862 697 131 551 111 30 302 347 735 62 310 128 714 259 657 627 398 153 766 700 349 467 406 414 164 310 833 179 43 120 827 1054 258 295 540 743 588 677 856 38 663 432 767 
759 378 440 587 463 267 540 726 666 419 353 705 550 716 669 648 831 512 577 622 548 298 680 705 628 464 385 326 646 125 610 456 492 326 285 421 640 424 548 561 611 666 240 102 501 223 682 589 503 662 187 242 594 530 476 190 270 278 744 433 780 647 394 607 140 609 769 665 727 840 691 529 594 607 208 325 568 301 604 539 639 695 179 678 645 768 181 393 636 506 500 352 149 274 442 640 118 278 268 
736 924 382 377 888 390 1054 751 253 280 842 435 546 481 608 648 743 218 221 479 976 877 1183 1231 227 187 314 971 979 679 346 272 997 974 674 290 74 1035 1095 1015 1123 1189 886 747 165 524 959 482 161 846 772 437 136 1124 188 624 624 426 739 895 677 580 625 856 585 569 902 715 110 866 54 138 210 455 556 387 260 373 899 865 449 874 696 451 565 603 679 867 804 745 150 400 500 416 1063 574 545 433 900 
88 1208 464 376 609 679 786 142 496 583 675 313 288 265 169 831 743 862 529 277 638 1125 844 910 516 684 844 998 529 947 400 552 745 1040 582 854 810 934 855 688 820 877 948 864 779 613 457 290 775 325 776 649 843 954 775 649 1030 865 109 653 67 197 448 401 902 230 281 189 844 161 789 779 536 302 934 868 493 636 460 490 298 324 998 292 206 144 992 1218 306 398 693 910 756 846 973 205 830 601 904 
834 731 422 487 852 305 994 835 420 292 781 580 613 621 705 512 218 862 348 585 945 694 1131 1171 382 179 129 836 981 510 471 315 938 828 627 94 165 929 1023 977 1066 1129 750 614 84 462 978 575 89 888 670 363 97 1029 88 550 424 247 832 847 795 676 622 877 416 653 964 788 242 959 232 94 349 560 371 200 377 314 908 861 567 920 515 583 663 734 497 663 847 758 171 197 376 244 951 668 396 383 779 
516 915 192 157 709 315 887 530 93 158 684 233 329 275 388 577 221 529 348 259 791 852 1007 1061 52 185 371 876 777 646 129 121 831 891 515 368 282 907 936 835 952 1019 796 663 263 394 750 262 259 631 653 336 315 983 267 492 647 444 519 724 462 360 437 648 563 348 682 495 328 646 271 257 19 235 559 424 39 276 695 668 232 658 678 240 345 393 665 882 589 542 179 456 436 427 939 354 503 309 792 
257 997 201 102 564 423 754 273 251 310 582 117 118 102 129 622 479 277 585 259 629 920 852 913 258 408 571 856 577 726 135 276 701 887 437 579 541 837 815 678 808 873 790 679 502 399 532 35 498 400 621 405 570 888 498 467 783 603 260 595 210 102 310 437 665 102 433 245 585 387 528 503 269 25 687 601 221 378 493 485 42 422 771 76 87 159 763 991 360 357 417 642 518 584 875 97 594 358 763 
551 825 601 683 93 641 151 496 839 697 196 746 511 721 564 548 976 638 945 791 629 739 223 284 823 808 844 486 147 661 725 704 126 543 319 876 1006 353 221 50 184 246 485 498 893 483 222 599 891 319 373 582 992 332 872 407 818 777 530 115 631 566 355 238 685 540 406 458 1082 540 1029 913 810 636 750 813 758 632 182 151 670 331 713 705 576 680 720 888 332 273 841 853 605 764 389 564 638 563 415 
1050 87 734 880 673 537 672 1014 944 694 555 1000 847 1013 966 298 877 1125 694 852 920 739 796 797 904 708 570 300 866 206 900 733 643 250 556 601 849 468 649 734 732 767 260 268 715 521 918 887 718 928 384 528 789 575 690 476 283 452 1034 630 1076 945 680 861 294 906 1036 953 933 1122 910 743 867 905 324 496 848 579 845 778 936 958 182 974 942 1066 199 161 907 776 741 498 418 461 460 937 349 569 333 
759 873 816 904 298 827 140 704 1058 903 350 968 734 943 783 680 1183 844 1131 1007 852 223 796 66 1041 1008 1021 502 317 773 946 914 193 559 510 1054 1207 334 148 174 68 45 538 603 1087 671 394 822 1086 519 492 769 1187 247 1065 581 939 939 738 288 844 787 571 445 820 762 588 672 1286 728 1236 1109 1026 859 887 979 975 825 385 370 892 523 819 928 798 898 830 955 541 495 1043 1015 770 928 355 785 787 758 467 
825 870 869 962 354 869 178 770 1115 952 392 1029 794 1005 847 705 1231 910 1171 1061 913 284 797 66 1096 1054 1058 499 383 791 1003 965 235 554 557 1092 1253 329 157 235 109 42 544 622 1130 715 460 882 1130 585 519 811 1231 229 1108 621 958 971 803 338 909 850 627 510 844 824 653 737 1334 794 1284 1153 1080 919 912 1013 1029 870 450 433 953 589 834 989 860 962 847 958 606 557 1089 1048 804 962 343 848 816 803 476 
512 967 230 161 743 367 925 531 42 210 724 209 343 254 387 628 227 516 382 52 258 823 904 1041 1096 230 417 925 801 698 123 173 868 941 556 411 296 952 976 868 988 1055 846 714 299 442 769 267 294 645 700 387 338 1026 306 538 698 494 517 761 450 360 470 669 615 354 689 501 329 643 273 289 39 236 610 472 68 328 718 695 224 671 730 224 345 376 717 933 604 567 218 503 488 477 985 355 555 358 841 
656 763 247 311 718 203 877 658 272 119 663 411 436 449 527 464 187 684 179 185 408 808 708 1008 1054 230 187 785 827 505 299 137 819 789 498 183 199 848 914 845 947 1012 700 562 98 341 817 397 95 718 585 251 188 939 91 440 478 272 653 720 618 497 467 715 414 475 790 611 281 781 235 109 192 382 396 245 207 187 751 709 391 750 528 410 484 558 513 718 677 598 37 273 315 258 876 490 366 251 712 
803 612 382 483 751 209 882 796 458 261 671 591 573 625 679 385 314 844 129 371 571 844 570 1021 1058 417 187 708 894 382 477 296 828 699 526 36 279 805 907 873 955 1016 622 487 149 363 900 553 153 823 549 266 220 907 128 441 310 119 798 741 779 649 544 802 287 621 908 743 363 922 342 177 379 546 246 74 390 233 827 775 561 856 389 585 638 727 372 553 784 682 204 89 255 115 826 641 268 298 652 
914 372 710 850 442 583 389 868 958 724 337 958 756 957 862 326 971 998 836 876 856 486 300 502 499 925 785 708 628 350 881 756 372 58 424 743 965 170 355 468 441 471 86 224 827 485 693 820 828 739 234 545 920 275 802 395 508 595 894 393 963 848 560 661 432 810 845 811 1052 955 1016 855 894 848 494 643 859 609 628 566 883 764 377 924 850 977 393 461 730 607 822 664 472 595 160 842 440 567 94 
446 953 597 648 193 686 291 391 809 710 311 689 465 657 487 646 979 529 981 777 577 147 866 317 383 801 827 894 628 766 690 708 273 684 379 922 1019 500 361 185 304 354 619 612 919 533 79 551 917 205 487 628 1015 476 902 478 913 843 425 238 534 496 360 141 776 478 272 366 1088 412 1033 936 794 589 837 874 740 667 84 120 618 206 819 649 509 595 824 1008 232 235 857 916 675 828 537 496 720 599 551 
878 274 534 680 579 332 636 848 738 488 465 800 663 815 784 125 679 947 510 646 726 661 206 773 791 698 505 382 350 766 698 528 593 328 410 415 657 485 634 669 705 755 270 170 520 335 805 695 522 787 290 326 602 596 495 315 167 263 864 546 895 760 516 732 95 722 894 787 743 963 716 548 661 709 146 310 643 374 728 662 739 820 54 776 756 877 59 271 761 631 539 323 214 268 494 752 143 370 324 
391 971 172 42 650 371 836 409 120 226 646 114 227 151 264 610 346 400 471 129 135 725 900 946 1003 123 299 477 881 690 698 186 781 904 484 480 410 888 892 771 896 962 807 683 386 400 654 146 382 526 649 372 444 952 387 487 726 531 394 673 333 237 379 555 624 232 567 379 450 521 394 383 136 113 633 519 94 326 607 589 104 551 737 113 222 265 725 950 485 460 300 557 484 513 923 232 557 332 792 
520 799 115 187 617 196 789 521 211 41 580 299 300 331 392 456 272 552 315 121 276 704 733 914 965 173 137 296 756 708 528 186 731 770 410 304 311 793 834 745 856 922 675 542 235 277 692 262 231 587 536 214 318 873 227 376 542 346 517 627 486 362 353 589 448 339 655 475 380 645 326 242 139 251 451 334 115 156 629 593 265 617 563 290 350 432 550 772 546 475 156 372 316 327 824 354 385 189 674 
657 725 639 741 140 635 57 604 889 717 158 818 584 798 653 492 997 745 938 831 701 126 643 193 235 868 819 828 372 273 593 781 731 430 323 861 1019 228 114 97 128 192 384 423 896 480 348 669 895 435 305 577 996 211 873 388 756 746 636 108 731 651 402 352 632 621 528 560 1099 659 1050 919 849 705 699 786 801 635 301 256 740 450 641 778 660 772 651 797 442 358 854 823 576 736 264 648 596 568 311 
957 317 732 875 497 590 448 912 976 737 388 986 791 987 900 326 974 1040 828 891 887 543 250 559 554 941 789 699 58 684 328 904 770 430 461 734 964 226 412 526 499 527 97 229 825 505 748 852 826 789 268 557 915 328 799 421 478 584 938 448 1003 884 597 712 417 846 896 855 1050 1004 1016 853 909 878 475 632 877 620 682 618 913 815 348 953 886 1013 365 410 778 654 825 649 474 585 212 878 434 583 139 
502 642 326 448 226 322 380 461 582 395 169 545 332 538 438 285 674 582 627 515 437 319 556 510 557 556 498 526 424 379 410 484 410 323 461 557 697 404 423 350 449 515 367 289 578 164 403 401 577 378 194 263 678 470 556 100 542 466 484 223 543 424 136 323 403 386 485 401 777 566 727 599 534 432 460 498 488 316 326 264 468 410 464 509 426 553 465 673 354 222 532 540 296 451 441 418 343 248 330 
817 640 397 488 783 237 916 812 452 271 704 593 589 629 691 421 290 854 94 368 579 876 601 1054 1092 411 183 36 743 922 415 480 304 861 734 557 250 841 941 905 988 1050 658 523 128 393 926 564 132 846 584 296 188 943 110 474 336 152 812 774 789 661 569 828 321 635 929 761 332 938 315 153 374 555 278 106 390 258 854 803 568 878 421 590 650 735 403 578 807 708 194 109 290 150 861 654 303 324 688 
798 891 425 439 916 394 1076 810 324 310 862 504 600 550 669 640 74 810 165 282 541 1006 849 1207 1253 296 199 279 965 1019 657 410 311 1019 964 697 250 1041 1113 1043 1146 1211 880 741 139 540 1003 541 137 896 778 447 71 1134 164 637 586 397 800 919 743 641 661 901 562 627 957 771 87 928 67 111 274 517 526 353 320 385 940 903 513 925 668 518 626 671 651 827 854 786 165 359 494 390 1066 634 530 450 899 
847 542 725 852 335 647 231 796 981 768 261 948 726 938 817 424 1035 934 929 907 837 353 468 334 329 952 848 805 170 500 485 888 793 228 226 404 841 1041 187 323 275 301 221 327 906 517 572 802 907 643 263 598 1004 112 881 417 651 702 826 286 909 809 527 561 553 774 744 745 1126 867 1084 933 926 834 620 748 884 663 518 463 870 664 522 911 814 937 536 629 643 536 885 776 553 697 40 804 542 608 162 
768 725 745 852 254 723 71 713 998 817 254 931 697 912 767 548 1095 855 1023 936 815 221 649 148 157 976 914 907 355 361 634 892 834 114 412 423 941 1113 187 176 88 121 392 465 986 573 439 782 986 540 363 667 1086 119 963 476 801 817 746 220 843 765 513 458 687 735 627 671 1195 762 1147 1010 955 818 755 859 908 728 403 365 853 552 678 891 774 886 690 808 550 472 950 893 652 808 212 762 660 663 322 
601 817 644 730 128 672 106 546 884 736 209 795 560 770 614 561 1015 688 977 835 678 50 734 174 235 868 845 873 468 185 669 771 745 97 526 350 905 1043 323 176 134 196 476 502 927 514 263 648 926 367 379 613 1027 291 906 432 830 800 579 132 681 616 398 287 700 590 451 509 1121 587 1069 948 853 685 766 838 802 666 230 201 718 378 720 754 626 731 728 885 382 323 878 877 629 788 358 614 657 597 404 
734 810 761 855 247 763 73 679 1007 843 286 925 690 902 747 611 1123 820 1066 952 808 184 732 68 109 988 947 955 441 304 705 896 856 128 499 449 988 1146 275 88 134 66 473 535 1024 608 384 777 1023 498 424 705 1124 201 1001 516 871 871 712 229 815 749 519 419 751 722 576 643 1226 714 1176 1046 971 814 819 912 921 763 361 335 848 506 751 885 759 864 762 890 515 455 982 948 703 861 300 747 719 696 401 
791 842 827 921 313 826 135 736 1073 909 350 990 755 966 809 666 1189 877 1129 1019 873 246 767 45 42 1055 1012 1016 471 354 755 962 922 192 527 515 1050 1211 301 121 196 66 512 585 1088 672 432 842 1087 553 479 769 1188 208 1065 579 921 930 770 295 874 812 585 476 805 785 625 702 1291 765 1242 1111 1038 879 873 972 988 827 417 396 913 559 798 949 822 926 810 927 572 518 1047 1007 763 921 319 810 776 761 442 
866 342 635 778 427 499 412 823 880 643 313 889 695 890 805 240 886 948 750 796 790 485 260 538 544 846 700 622 86 619 270 807 675 384 97 367 658 880 221 392 476 473 512 139 741 408 678 755 743 708 173 463 834 333 716 324 433 510 848 381 910 789 503 634 349 751 816 764 967 918 930 769 814 781 412 558 781 527 608 543 815 735 302 856 790 917 318 417 694 567 737 580 387 509 225 783 355 488 73 
787 355 511 657 420 361 466 749 749 508 303 772 594 777 710 102 747 864 614 663 679 498 268 603 622 714 562 487 224 612 170 683 542 423 229 289 523 741 327 465 502 535 585 139 603 285 658 645 604 660 126 328 696 435 577 217 336 378 770 383 819 691 417 595 227 653 769 688 828 855 791 631 681 667 294 425 650 391 583 516 701 691 218 741 691 817 228 397 639 508 598 451 248 375 342 684 219 357 168 
753 760 345 404 801 263 952 756 338 217 738 496 535 536 624 501 165 779 84 263 502 893 715 1087 1130 299 98 149 827 919 520 386 235 896 825 578 128 139 906 986 927 1024 1088 741 603 416 912 493 5 816 644 319 100 1002 25 510 459 263 751 800 712 594 559 810 425 572 888 710 226 879 196 29 265 477 392 222 292 262 844 801 483 847 533 499 581 650 516 702 775 692 86 236 356 253 930 586 391 330 762 
546 601 227 372 390 158 537 519 474 251 323 487 329 495 449 223 524 613 462 394 399 483 521 671 715 442 341 363 485 533 335 400 277 480 505 164 393 540 517 573 514 608 672 408 285 416 546 366 415 490 259 99 516 601 394 100 428 313 533 385 560 426 202 454 293 388 589 459 622 639 575 439 413 386 336 341 375 155 470 414 418 524 384 458 422 545 379 605 457 337 377 383 155 297 548 418 222 92 399 
377 1006 578 612 251 691 369 323 773 698 366 641 427 605 432 682 959 457 978 750 532 222 918 394 460 769 817 900 693 79 805 654 692 348 748 403 926 1003 572 439 263 384 432 678 658 912 546 511 909 140 535 636 1005 554 896 504 945 859 357 300 468 445 357 103 806 432 193 307 1068 334 1012 926 766 547 864 885 712 668 77 143 574 133 859 602 459 534 862 1055 175 220 844 929 694 843 610 446 746 602 612 
260 965 177 107 532 398 722 269 265 293 547 149 88 137 130 589 482 290 575 262 35 599 887 822 882 267 397 553 820 551 695 146 262 669 852 401 564 541 802 782 648 777 842 755 645 493 366 511 489 381 586 376 565 854 488 432 756 580 260 561 225 101 275 413 636 87 422 234 589 388 533 496 274 38 660 580 223 353 468 457 71 405 741 110 88 185 733 961 340 328 409 621 489 561 840 94 565 329 727 
749 763 342 399 800 263 952 752 334 214 738 491 531 532 620 503 161 775 89 259 498 891 718 1086 1130 294 95 153 828 917 522 382 231 895 826 577 132 137 907 986 926 1023 1087 743 604 5 415 909 489 813 644 318 101 1002 28 510 463 266 747 799 708 590 557 808 428 569 885 706 224 875 193 27 260 473 395 226 288 261 842 799 479 844 536 495 577 645 519 706 772 690 82 240 357 256 931 583 393 329 763 
241 1015 473 486 308 619 469 186 646 599 402 505 303 468 293 662 846 325 888 631 400 319 928 519 585 645 718 823 739 205 787 526 587 435 789 378 846 896 643 540 367 498 553 708 660 816 490 140 381 813 546 568 904 646 802 473 911 798 220 357 329 308 288 83 772 298 109 167 955 225 899 827 646 417 823 819 592 589 137 181 441 34 842 466 322 394 842 1051 42 157 742 863 645 781 683 310 706 528 650 
694 472 480 617 295 384 353 652 732 509 178 724 523 722 632 187 772 776 670 653 621 373 384 492 519 700 585 549 234 487 290 649 536 305 268 194 584 778 263 363 379 424 479 173 126 644 259 535 586 644 546 335 742 359 619 163 452 454 676 258 737 617 330 478 327 579 655 593 863 750 821 670 672 614 395 498 634 400 461 394 649 576 341 690 618 745 349 521 529 400 622 530 294 446 291 610 297 348 143 
591 600 208 353 489 59 634 572 424 180 420 474 361 491 480 242 437 649 363 336 405 582 528 769 811 387 251 266 545 628 326 372 214 577 557 263 296 447 598 667 613 705 769 463 328 319 99 636 376 318 568 335 419 688 296 191 382 231 581 484 590 454 282 540 260 418 661 514 531 696 486 343 353 386 286 251 326 65 562 508 415 601 368 451 447 561 359 587 532 421 287 296 114 213 626 445 189 48 467 
825 828 432 468 901 363 1053 832 371 307 839 545 616 589 695 594 136 843 97 315 570 992 789 1187 1231 338 188 220 920 1015 602 444 318 996 915 678 188 71 1004 1086 1027 1124 1188 834 696 100 516 1005 565 101 904 742 419 1101 124 610 521 339 825 900 776 666 655 903 507 648 972 790 145 953 138 80 311 544 466 293 350 362 939 897 545 935 609 555 652 708 591 761 863 786 162 294 452 334 1028 659 481 430 858 
866 645 796 914 345 740 186 813 1051 851 307 1002 773 988 853 530 1124 954 1029 983 888 332 575 247 229 1026 939 907 275 476 596 952 873 211 328 470 943 1134 112 119 291 201 208 333 435 1002 601 554 854 1002 646 359 688 1101 977 500 762 807 845 302 937 848 579 563 662 816 738 767 1219 870 1174 1027 1002 888 729 853 957 752 512 467 924 661 633 964 856 973 647 736 653 561 975 882 653 801 116 844 648 693 272 
746 736 334 401 780 240 930 747 347 205 716 498 525 537 618 476 188 775 88 267 498 872 690 1065 1108 306 91 128 802 902 495 387 227 873 799 556 110 164 881 963 906 1001 1065 716 577 25 394 896 488 28 802 619 296 124 977 487 437 239 744 778 709 588 542 795 400 565 877 700 251 871 221 54 270 473 368 199 294 241 828 783 481 834 509 499 575 648 492 680 762 676 89 216 331 229 906 580 366 309 737 
574 561 316 455 314 247 444 539 569 352 231 565 378 566 494 190 624 649 550 492 467 407 476 581 621 538 440 441 395 478 315 487 376 388 421 100 474 637 417 476 432 516 579 324 217 510 100 504 432 510 473 163 191 610 500 487 442 371 558 300 603 475 205 422 302 436 579 478 721 650 675 534 510 457 360 406 471 253 427 364 491 506 369 532 474 600 368 583 446 317 476 446 199 358 448 467 243 192 306 
970 308 582 718 732 360 801 946 740 501 622 837 742 861 862 270 624 1030 424 647 783 818 283 939 958 698 478 310 508 913 167 726 542 756 478 542 336 586 651 801 830 871 921 433 336 459 428 945 756 463 911 452 382 521 762 437 442 205 958 703 972 835 628 864 140 800 1014 886 666 1067 651 487 659 762 96 238 655 406 867 804 787 945 131 820 829 941 115 243 881 755 504 227 276 221 657 827 206 430 490 
814 498 403 528 685 188 799 799 536 305 593 644 582 673 697 278 426 865 247 444 603 777 452 939 971 494 272 119 595 843 263 531 346 746 584 466 152 397 702 817 800 871 930 510 378 263 313 859 580 266 798 454 231 339 807 239 371 205 806 668 803 668 511 766 169 636 892 742 481 924 458 291 456 581 130 48 455 229 783 726 602 832 271 632 660 762 254 446 763 649 299 77 172 19 720 660 160 275 545 
22 1119 416 362 500 618 677 34 505 543 568 334 225 289 131 744 739 109 832 519 260 530 1034 738 803 517 653 798 894 425 864 394 517 636 938 484 812 800 826 746 579 712 770 848 770 751 533 357 260 747 220 676 581 825 845 744 558 958 806 545 112 159 354 294 825 179 197 83 844 128 788 755 529 284 863 814 480 578 353 381 292 224 916 302 174 188 912 1135 198 291 668 857 682 786 866 166 754 534 801 
566 716 532 632 50 542 164 513 781 615 81 711 477 692 551 433 895 653 847 724 595 115 630 288 338 761 720 741 393 238 546 673 627 108 448 223 774 919 286 220 132 229 295 381 383 800 385 300 561 799 357 258 484 900 302 778 300 703 668 545 635 548 294 276 571 516 459 465 998 581 948 822 743 597 636 706 693 538 237 178 632 379 598 671 556 671 605 775 357 259 754 745 497 656 325 544 526 470 313 
94 1159 401 309 593 618 775 145 431 518 649 250 232 202 111 780 677 67 795 462 210 631 1076 844 909 450 618 779 963 534 895 333 486 731 1003 543 789 743 909 843 681 815 874 910 819 712 560 468 225 708 329 737 590 776 937 709 603 972 803 112 635 136 407 399 846 173 307 173 778 208 723 712 469 235 875 804 426 574 459 481 231 336 944 227 144 84 938 1165 303 376 626 847 699 784 949 145 774 542 869 
159 1026 268 203 512 482 701 171 352 391 548 197 98 160 30 647 580 197 676 360 102 566 945 787 850 360 497 649 848 496 760 237 362 651 884 424 661 641 809 765 616 749 812 789 691 594 426 445 101 590 308 617 454 666 848 588 475 835 668 159 548 136 288 356 709 38 333 147 686 288 630 597 371 125 739 671 321 439 414 417 139 327 809 159 15 129 802 1030 271 295 510 714 562 649 848 8 637 406 753 
370 765 247 339 273 336 457 334 488 351 272 423 199 411 302 394 625 448 622 437 310 355 680 571 627 470 467 544 560 360 516 379 353 402 597 136 569 661 527 513 398 519 585 503 417 559 202 357 275 557 288 330 282 655 579 542 205 628 511 354 294 407 288 258 490 251 387 273 733 447 679 576 455 309 538 534 404 312 286 242 345 322 570 385 291 417 567 786 254 139 497 578 358 494 565 282 422 246 465 
315 949 475 513 226 595 387 260 674 596 324 549 328 516 347 607 856 401 877 648 437 238 861 445 510 669 715 802 661 141 732 555 589 352 712 323 828 901 561 458 287 419 476 634 595 810 454 103 413 808 83 478 540 903 563 795 422 864 766 294 276 399 356 258 725 338 184 229 966 307 910 824 664 451 779 791 610 570 60 98 479 103 786 509 369 456 788 990 96 120 742 835 606 750 601 356 662 504 574 
838 353 467 610 598 253 680 812 656 407 491 730 614 750 735 140 585 902 416 563 665 685 294 820 844 615 414 287 432 776 95 624 448 632 417 403 321 562 553 687 700 751 805 349 227 425 293 806 636 428 772 327 260 507 662 400 302 140 169 825 571 846 709 490 725 673 875 752 648 932 621 454 577 646 68 217 563 298 728 665 674 805 116 710 704 820 102 327 742 616 447 233 147 173 566 701 72 307 392 
183 988 239 194 482 449 671 184 350 365 514 211 59 181 62 609 569 230 653 348 102 540 906 762 824 354 475 621 810 478 722 232 339 621 846 386 635 627 774 735 590 722 785 751 653 572 388 432 87 569 298 579 418 648 816 565 436 800 636 179 516 173 38 251 338 673 335 147 676 306 619 577 361 120 704 641 309 407 395 393 143 321 771 171 40 167 765 993 259 267 490 684 526 617 813 32 601 370 716 
214 1124 543 529 409 709 556 170 684 672 508 524 357 481 310 769 902 281 964 682 433 406 1036 588 653 689 790 908 845 272 894 567 655 528 896 485 929 957 744 627 451 576 625 816 769 888 589 193 422 885 109 655 661 972 738 877 579 1014 892 197 459 307 333 387 184 875 335 188 1010 141 953 897 695 454 924 910 643 676 227 282 471 81 948 489 348 385 948 1158 133 263 811 954 744 874 783 337 808 619 757 
103 1038 367 341 422 555 603 61 496 496 486 342 175 303 128 665 715 189 788 495 245 458 953 672 737 501 611 743 811 366 787 379 475 560 855 401 761 771 745 671 509 643 702 764 688 710 459 307 234 706 167 593 514 790 767 700 478 886 742 83 465 173 147 273 229 752 147 188 823 182 766 717 508 266 792 754 456 517 289 308 285 183 839 305 162 228 835 1057 135 209 629 798 611 723 784 150 681 468 717 
841 972 492 484 993 479 1156 857 349 385 943 532 655 580 714 727 110 844 242 328 585 1082 933 1286 1334 329 281 363 1052 1088 743 450 380 1099 1050 777 332 87 1126 1195 1121 1226 1291 967 828 226 622 1068 589 224 955 863 531 145 1219 251 721 666 481 844 998 778 686 733 966 648 676 1010 823 971 57 197 316 561 610 437 367 468 1008 973 553 984 752 552 672 702 735 905 914 854 245 439 581 475 1152 680 617 531 985 
131 1208 541 489 532 736 691 126 629 670 620 453 349 406 259 840 866 161 959 646 387 540 1122 728 794 643 781 922 955 412 963 521 645 659 1004 566 938 928 867 762 587 714 765 918 855 879 639 334 388 875 225 750 696 953 870 871 650 1067 924 128 581 208 288 447 307 932 306 141 182 971 915 883 656 411 974 935 608 698 358 405 418 209 1016 425 302 292 1013 1233 226 351 796 978 792 905 907 294 862 650 864 
784 954 436 427 941 437 1107 801 295 333 894 478 598 525 657 691 54 789 232 271 528 1029 910 1236 1284 273 235 342 1016 1033 716 394 326 1050 1016 727 315 67 1084 1147 1069 1176 1242 930 791 196 575 1012 533 193 899 821 486 138 1174 221 675 651 458 788 948 723 630 679 910 621 619 953 766 57 915 167 259 505 587 416 310 422 953 919 497 927 729 496 615 647 712 892 857 799 199 424 544 449 1111 624 585 484 946 
756 788 355 403 822 288 975 761 327 229 761 490 542 532 627 529 138 779 94 257 503 913 743 1109 1153 289 109 177 855 936 548 383 242 919 853 599 153 111 933 1010 948 1046 1111 769 631 29 439 926 496 27 827 670 343 80 1027 54 534 487 291 755 822 712 597 576 824 454 577 897 717 197 883 167 257 478 421 250 289 284 860 818 482 858 562 496 584 647 545 729 786 707 87 262 384 282 957 590 420 351 789 
526 930 211 168 727 331 906 542 81 175 703 235 343 279 398 594 210 536 349 19 269 810 867 1026 1080 39 192 379 894 794 661 136 139 849 909 534 374 274 926 955 853 971 1038 814 681 265 413 766 274 260 646 672 353 311 1002 270 510 659 456 529 743 469 371 455 664 577 361 695 508 316 656 259 257 246 572 433 54 293 712 685 240 673 693 245 356 398 679 895 604 559 182 465 452 439 958 365 518 327 811 
281 981 180 78 569 403 758 296 231 286 581 114 126 110 153 607 455 302 560 235 25 636 905 859 919 236 382 546 848 589 709 113 251 705 878 432 555 517 834 818 685 814 879 781 667 477 386 547 38 473 417 614 386 544 888 473 457 762 581 284 597 235 125 309 451 646 120 454 266 561 411 505 478 246 667 577 197 357 505 495 36 440 754 77 110 182 745 973 376 366 392 618 500 562 871 119 576 340 755 
874 369 486 623 661 265 748 852 652 409 557 743 646 766 766 208 556 934 371 559 687 750 324 887 912 610 396 246 494 837 146 633 451 699 475 460 278 526 620 755 766 819 873 412 294 392 336 864 660 395 823 395 286 466 729 368 360 96 130 863 636 875 739 538 779 68 704 924 792 610 974 587 421 572 667 173 564 310 786 724 692 857 143 725 732 845 125 323 791 668 426 179 182 140 632 731 118 334 459 
821 538 404 520 720 201 840 809 514 295 632 633 589 664 700 325 387 868 200 424 601 813 496 979 1013 472 245 74 643 874 310 519 334 786 632 498 106 353 748 859 838 912 972 558 425 222 341 885 580 226 819 498 251 293 853 199 406 238 48 814 706 804 671 534 791 217 641 910 754 437 935 416 250 433 577 173 438 237 811 755 596 852 316 624 662 760 298 481 782 672 268 44 210 52 767 663 206 291 592 
478 915 162 119 677 312 857 491 99 156 656 204 290 244 349 568 260 493 377 39 221 758 848 975 1029 68 207 390 859 740 643 94 115 801 877 488 390 320 884 908 802 921 988 781 650 292 375 712 223 288 592 634 326 350 957 294 471 655 455 480 693 426 321 404 610 563 309 643 456 367 608 310 289 54 197 564 438 270 658 632 195 619 678 207 307 359 665 886 550 506 206 473 431 437 917 315 500 294 774 
586 646 177 314 540 46 692 573 367 118 478 434 353 456 467 301 373 636 314 276 378 632 579 825 870 328 187 233 609 667 374 326 156 635 620 316 258 385 663 728 666 763 827 527 391 262 155 668 353 261 589 400 65 362 752 241 253 406 229 578 538 574 439 312 570 298 407 676 517 468 698 422 284 293 357 310 237 270 597 548 382 622 411 415 431 537 399 624 551 450 224 281 161 210 691 431 231 69 532 
375 932 517 564 187 618 333 319 726 633 296 606 381 574 406 604 899 460 908 695 493 182 845 385 450 718 751 827 628 84 728 607 629 301 682 326 854 940 518 403 230 361 417 608 583 844 470 77 468 842 137 461 562 939 512 828 427 867 783 353 237 459 414 286 60 728 395 227 289 1008 358 953 860 712 505 786 811 658 597 67 535 149 782 566 427 517 785 980 156 154 779 854 618 767 557 414 669 530 545 
403 865 483 547 128 566 296 348 706 593 231 601 369 574 414 539 865 490 861 668 485 151 778 370 433 695 709 775 566 120 662 589 593 256 618 264 803 903 463 365 201 335 396 543 516 801 414 143 457 799 181 394 508 897 467 783 364 804 726 381 178 481 417 242 98 665 393 282 308 973 405 919 818 685 495 724 755 632 548 67 526 201 716 561 428 530 719 913 186 129 740 798 558 710 502 415 607 479 480 
288 1012 207 80 603 427 793 309 213 302 617 79 158 77 164 639 449 298 567 232 42 670 936 892 953 224 391 561 883 618 739 104 265 740 913 468 568 513 870 853 718 848 913 815 701 483 418 574 71 479 441 649 415 545 924 481 491 787 602 292 632 231 139 345 479 674 143 471 285 553 418 497 482 240 36 692 596 195 382 535 526 463 783 41 124 167 773 1001 401 398 397 636 528 583 907 135 604 369 791 
244 1045 503 511 329 653 482 191 670 630 427 524 329 485 310 695 874 324 920 658 422 331 958 523 589 671 750 856 764 206 820 551 617 450 815 410 878 925 664 552 378 506 559 735 691 847 524 133 405 844 34 576 601 935 661 834 506 945 832 224 379 336 327 322 103 805 321 81 183 984 209 927 858 673 440 857 852 619 622 149 201 463 874 486 342 405 875 1082 72 190 773 897 679 814 703 330 740 561 676 
930 237 577 721 632 367 683 900 771 522 517 841 712 859 833 179 696 998 515 678 771 713 182 819 834 730 528 389 377 819 54 737 563 641 348 464 421 668 522 678 720 751 798 302 218 533 384 859 741 536 842 341 368 609 633 509 369 131 271 916 598 944 809 570 786 116 771 948 839 752 1016 729 562 693 754 143 316 678 411 782 716 783 874 819 804 924 19 221 815 685 560 321 254 280 527 801 180 413 362 
295 1049 243 104 641 461 830 322 205 329 657 41 195 41 179 678 451 292 583 240 76 705 974 928 989 224 410 585 924 649 776 113 290 778 953 509 590 518 911 891 754 885 949 856 741 499 458 602 110 495 466 690 451 555 964 499 532 820 632 302 671 227 159 385 509 710 171 489 305 552 425 496 496 245 77 725 624 207 415 566 561 41 486 819 144 153 809 1037 428 433 413 662 565 613 948 157 640 406 832 
173 1023 258 188 520 474 710 186 336 379 554 183 96 148 43 645 565 206 663 345 87 576 942 798 860 345 484 638 850 509 756 222 350 660 886 426 650 626 814 774 626 759 822 790 691 581 422 459 88 577 322 618 447 652 856 575 474 829 660 174 556 144 15 291 369 704 40 348 162 672 302 615 584 356 110 732 662 307 431 427 428 124 342 804 144 127 798 1026 284 304 497 704 557 640 853 13 632 399 756 
172 1146 360 247 633 582 820 217 353 467 676 170 223 122 120 768 603 144 734 393 159 680 1066 898 962 376 558 727 977 595 877 265 432 772 1013 553 735 671 937 886 731 864 926 917 817 650 545 534 185 645 394 745 561 708 973 648 600 941 762 188 671 84 129 417 456 820 167 385 228 702 292 647 647 398 182 845 760 359 537 517 530 167 405 924 153 127 916 1145 363 414 564 800 673 743 976 135 749 514 882 
925 251 567 711 638 355 693 896 758 509 524 831 706 849 827 181 679 992 497 665 763 720 199 830 847 717 513 372 393 824 59 725 550 651 365 465 403 651 536 690 728 762 810 318 228 516 379 862 733 519 842 349 359 591 647 492 368 115 254 912 605 938 802 567 788 102 765 948 835 735 1013 712 545 679 745 125 298 665 399 785 719 773 875 19 809 798 916 229 815 685 544 303 245 263 542 794 169 404 375 
1150 108 795 937 816 579 829 1118 975 730 697 1058 933 1077 1054 393 867 1218 663 882 991 888 161 955 958 933 718 553 461 1008 271 950 772 797 410 673 578 827 629 808 885 890 927 417 397 702 605 1055 961 706 1051 521 587 761 736 680 583 243 446 1135 775 1165 1030 786 990 327 993 1158 1057 905 1233 892 729 895 973 323 481 886 624 980 913 1001 1082 221 1037 1026 1145 229 1027 895 746 468 473 461 621 1022 397 633 489 
219 994 431 444 310 582 480 164 605 558 394 467 261 431 258 636 804 306 847 589 360 332 907 541 606 604 677 784 730 232 761 485 546 442 778 354 807 854 643 550 382 515 572 694 639 775 457 175 340 772 42 529 532 863 653 762 446 881 763 198 357 303 271 254 96 742 259 133 135 914 226 857 786 604 376 791 782 550 551 156 186 401 72 815 428 284 363 815 1027 132 701 826 612 745 683 272 675 491 639 
311 863 362 418 218 475 406 262 578 479 277 473 240 448 295 506 745 398 758 542 357 273 776 495 557 567 598 682 607 235 631 460 475 358 654 222 708 786 536 472 323 455 518 567 508 692 337 220 328 690 157 400 421 786 561 676 317 755 649 291 259 376 295 139 120 616 267 263 209 854 351 799 707 559 366 668 672 506 450 154 129 398 190 685 433 304 414 685 895 132 626 716 491 632 575 292 550 385 515 
669 794 270 318 751 240 912 674 258 147 698 410 455 450 540 500 150 693 171 179 417 841 741 1043 1089 218 37 204 822 857 539 300 156 854 825 532 194 165 885 950 878 982 1047 737 598 86 377 844 409 82 742 622 287 162 975 89 476 504 299 668 754 626 510 497 742 447 490 811 629 245 796 199 87 182 392 426 268 206 224 779 740 397 773 560 413 497 564 544 746 701 626 293 351 286 913 503 401 287 749 
865 533 446 559 760 245 876 853 545 334 670 671 632 703 743 352 400 910 197 456 642 853 498 1015 1048 503 273 89 664 916 323 557 372 823 649 540 109 359 776 893 877 948 1007 580 451 236 383 929 621 240 863 530 296 294 882 216 446 227 77 857 745 847 714 578 835 233 684 954 798 439 978 424 262 465 618 179 44 473 281 854 798 636 897 321 662 704 800 303 468 826 716 293 248 89 793 706 235 336 618 
694 487 322 467 513 121 630 670 527 277 422 587 468 604 588 149 500 756 376 436 518 605 418 770 804 488 315 255 472 675 214 484 316 576 474 296 290 494 553 652 629 703 763 387 248 356 155 694 489 357 645 294 114 452 653 331 199 276 172 682 497 699 562 358 606 147 526 744 611 581 792 544 384 452 500 182 210 431 161 618 558 528 679 254 565 557 673 245 473 612 491 351 248 160 576 554 76 160 406 
795 509 384 509 672 169 789 780 520 286 582 626 563 654 677 274 416 846 244 427 584 764 461 928 962 477 258 115 595 828 268 513 327 736 585 451 150 390 697 808 788 861 921 509 375 253 297 843 561 256 781 446 213 334 801 229 358 221 19 786 656 784 649 494 750 173 617 874 723 475 905 449 282 439 562 140 52 437 210 767 710 583 814 280 613 640 743 263 461 745 632 286 89 160 716 641 156 257 542 
886 529 759 888 374 673 262 835 1014 798 300 985 764 976 856 442 1063 973 951 939 875 389 460 355 343 985 876 826 160 537 494 923 824 264 212 441 861 1066 40 212 358 300 319 225 342 930 548 610 840 931 683 291 626 1028 116 906 448 657 720 866 325 949 848 565 601 566 813 783 784 1152 907 1111 957 958 871 632 767 917 691 557 502 907 703 527 948 853 976 542 621 683 575 913 793 576 716 843 560 638 175 
166 1018 260 197 508 474 698 177 347 383 544 195 90 160 38 640 574 205 668 354 97 564 937 785 848 355 490 641 842 496 752 232 354 648 878 418 654 634 804 762 614 747 810 783 684 586 418 446 94 583 310 610 445 659 844 580 467 827 660 166 544 145 8 282 356 701 32 337 150 680 294 624 590 365 119 731 663 315 431 414 415 135 330 801 157 13 135 794 1022 272 292 503 706 554 641 843 629 397 747 
766 415 397 541 548 189 646 741 595 345 448 662 542 680 663 118 545 830 396 503 594 638 349 787 816 555 366 268 440 720 143 557 385 596 434 343 303 530 542 660 657 719 776 355 219 391 222 746 565 393 706 297 189 481 648 366 243 206 160 754 526 774 637 422 662 72 601 808 681 617 862 585 420 518 576 118 206 500 231 669 607 604 740 180 640 632 749 169 397 675 550 401 235 76 156 560 629 236 386 
544 643 164 311 471 91 626 525 393 160 412 430 313 446 432 278 433 601 383 309 358 563 569 758 803 358 251 298 567 599 370 332 189 568 583 248 324 450 608 663 597 696 761 488 357 330 92 602 329 329 528 348 48 430 693 309 192 430 275 534 470 542 406 246 504 307 370 619 468 531 650 484 351 327 340 334 291 294 69 530 479 369 561 413 406 399 514 404 633 491 385 287 336 160 257 638 397 236 485 
820 414 622 760 361 510 340 774 873 644 250 866 662 864 767 268 900 904 779 792 763 415 333 467 476 841 712 652 94 551 324 792 674 311 139 330 688 899 162 322 404 401 442 73 168 762 399 612 727 763 650 143 467 858 272 737 306 490 545 801 313 869 753 465 574 392 716 757 717 985 864 946 789 811 755 459 592 774 532 545 480 791 676 362 832 756 882 375 489 639 515 749 618 406 542 175 747 386 485 
972
0 2
0 0.964961 1 0.0350389 
0 29
0 0.964961 1 0.0350389 
0 38
0 0.982324 1 0.0176757 
0 45
0 0.964961 1 0.0350389 
0 67
0 0.964961 1 0.0350389 
0 90
0 0.982324 1 0.0176757 
1 2
0 0.964961 1 0.0350389 
1 26
0 0.982324 1 0.0176757 
1 29
0 0.964961 1 0.0350389 
1 36
0 0.982324 1 0.0176757 
1 42
0 0.982324 1 0.0176757 
1 45
0 0.964961 1 0.0350389 
1 67
0 0.964961 1 0.0350389 
1 84
0 0.982324 1 0.0176757 
2 0
0 0.964961 1 0.0350389 
2 1
0 0.964961 1 0.0350389 
2 3
0 0.964961 1 0.0350389 
2 4
0 0.964961 1 0.0350389 
2 5
0 0.964961 1 0.0350389 
2 6
0 0.964961 1 0.0350389 
2 7
0 0.964961 1 0.0350389 
2 8
0 0.964961 1 0.0350389 
2 9
0 0.964961 1 0.0350389 
2 10
0 0.964961 1 0.0350389 
2 11
0 0.964961 1 0.0350389 
2 12
0 0.964961 1 0.0350389 
2 13
0 0.964961 1 0.0350389 
2 14
0 0.964961 1 0.0350389 
2 15
0 0.964961 1 0.0350389 
2 16
0 0.964961 1 0.0350389 
2 17
0 0.964961 1 0.0350389 
2 18
0 0.964961 1 0.0350389 
2 19
0 0.964961 1 0.0350389 
2 20
0 0.964961 1 0.0350389 
2 21
0 0.964961 1 0.0350389 
2 22
0 0.964961 1 0.0350389 
2 23
0 0.964961 1 0.0350389 
2 24
0 0.964961 1 0.0350389 
2 25
0 0.964961 1 0.0350389 
2 26
0 0.964961 1 0.0350389 
2 27
0 0.964961 1 0.0350389 
2 28
0 0.964961 1 0.0350389 
2 29
2 0.48735 3 0.5 4 0.0126503 
2 30
0 0.964961 1 0.0350389 
2 31
0 0.964961 1 0.0350389 
2 32
0 0.964961 1 0.0350389 
2 33
0 0.964961 1 0.0350389 
2 34
0 0.964961 1 0.0350389 
2 35
0 0.964961 1 0.0350389 
2 36
0 0.964961 1 0.0350389 
2 37
0 0.964961 1 0.0350389 
2 38
0 0.964961 1 0.0350389 
2 39
0 0.964961 1 0.0350389 
2 40
0 0.964961 1 0.0350389 
2 41
0 0.964961 1 0.0350389 
2 42
0 0.964961 1 0.0350389 
2 43
0 0.964961 1 0.0350389 
2 44
0 0.964961 1 0.0350389 
2 45
2 0.48735 3 0.5 4 0.0126503 
2 46
0 0.964961 1 0.0350389 
2 47
0 0.964961 1 0.0350389 
2 48
0 0.964961 1 0.0350389 
2 49
0 0.964961 1 0.0350389 
2 50
0 0.964961 1 0.0350389 
2 51
0 0.964961 1 0.0350389 
2 52
0 0.964961 1 0.0350389 
2 53
0 0.964961 1 0.0350389 
2 54
0 0.964961 1 0.0350389 
2 55
0 0.964961 1 0.0350389 
2 56
0 0.964961 1 0.0350389 
2 57
0 0.964961 1 0.0350389 
2 58
0 0.964961 1 0.0350389 
2 59
0 0.964961 1 0.0350389 
2 60
0 0.964961 1 0.0350389 
2 61
0 0.964961 1 0.0350389 
2 62
0 0.964961 1 0.0350389 
2 63
0 0.964961 1 0.0350389 
2 64
0 0.964961 1 0.0350389 
2 65
0 0.964961 1 0.0350389 
2 66
0 0.964961 1 0.0350389 
2 67
2 0.48735 3 0.5 4 0.0126503 
2 68
0 0.964961 1 0.0350389 
2 69
0 0.964961 1 0.0350389 
2 70
0 0.964961 1 0.0350389 
2 71
0 0.964961 1 0.0350389 
2 72
0 0.964961 1 0.0350389 
2 73
0 0.964961 1 0.0350389 
2 74
0 0.964961 1 0.0350389 
2 75
0 0.964961 1 0.0350389 
2 76
0 0.964961 1 0.0350389 
2 77
0 0.964961 1 0.0350389 
2 78
0 0.964961 1 0.0350389 
2 79
0 0.964961 1 0.0350389 
2 80
0 0.964961 1 0.0350389 
2 81
0 0.964961 1 0.0350389 
2 82
0 0.964961 1 0.0350389 
2 83
0 0.964961 1 0.0350389 
2 84
0 0.964961 1 0.0350389 
2 85
0 0.964961 1 0.0350389 
2 86
0 0.964961 1 0.0350389 
2 87
0 0.964961 1 0.0350389 
2 88
0 0.964961 1 0.0350389 
2 89
0 0.964961 1 0.0350389 
2 90
0 0.964961 1 0.0350389 
2 91
0 0.964961 1 0.0350389 
2 92
0 0.964961 1 0.0350389 
2 93
0 0.964961 1 0.0350389 
2 94
0 0.964961 1 0.0350389 
2 95
0 0.964961 1 0.0350389 
2 96
0 0.964961 1 0.0350389 
2 97
0 0.964961 1 0.0350389 
2 98
0 0.964961 1 0.0350389 
2 99
0 0.964961 1 0.0350389 
3 2
0 0.964961 1 0.0350389 
3 29
0 0.964961 1 0.0350389 
3 45
0 0.964961 1 0.0350389 
3 67
0 0.964961 1 0.0350389 
3 89
0 0.982324 1 0.0176757 
4 2
0 0.964961 1 0.0350389 
4 29
0 0.964961 1 0.0350389 
4 45
0 0.964961 1 0.0350389 
4 55
0 0.982324 1 0.0176757 
4 67
0 0.964961 1 0.0350389 
5 2
0 0.964961 1 0.0350389 
5 29
0 0.964961 1 0.0350389 
5 45
0 0.964961 1 0.0350389 
5 67
0 0.964961 1 0.0350389 
6 1
0 0.982324 1 0.0176757 
6 2
0 0.964961 1 0.0350389 
6 29
0 0.964961 1 0.0350389 
6 45
0 0.964961 1 0.0350389 
6 67
0 0.964961 1 0.0350389 
6 73
0 0.982324 1 0.0176757 
6 80
0 0.982324 1 0.0176757 
7 2
0 0.964961 1 0.0350389 
7 29
0 0.964961 1 0.0350389 
7 45
0 0.964961 1 0.0350389 
7 67
0 0.964961 1 0.0350389 
8 2
0 0.964961 1 0.0350389 
8 29
0 0.964961 1 0.0350389 
8 45
0 0.964961 1 0.0350389 
8 65
0 0.982324 1 0.0176757 
8 67
0 0.964961 1 0.0350389 
8 81
0 0.982324 1 0.0176757 
9 2
0 0.964961 1 0.0350389 
9 29
0 0.964961 1 0.0350389 
9 45
0 0.964961 1 0.0350389 
9 67
0 0.964961 1 0.0350389 
9 87
0 0.982324 1 0.0176757 
10 2
0 0.964961 1 0.0350389 
10 22
0 0.982324 1 0.0176757 
10 29
0 0.964961 1 0.0350389 
10 45
0 0.964961 1 0.0350389 
10 51
0 0.982324 1 0.0176757 
10 67
0 0.964961 1 0.0350389 
10 71
0 0.982324 1 0.0176757 
10 91
0 0.982324 1 0.0176757 
10 98
0 0.982324 1 0.0176757 
11 2
0 0.964961 1 0.0350389 
11 29
0 0.964961 1 0.0350389 
11 38
0 0.982324 1 0.0176757 
11 45
0 0.964961 1 0.0350389 
11 67
0 0.964961 1 0.0350389 
12 2
0 0.964961 1 0.0350389 
12 18
0 0.982324 1 0.0176757 
12 29
0 0.964961 1 0.0350389 
12 45
0 0.964961 1 0.0350389 
12 67
0 0.964961 1 0.0350389 
12 96
0 0.982324 1 0.0176757 
13 2
0 0.964961 1 0.0350389 
13 29
0 0.964961 1 0.0350389 
13 45
0 0.964961 1 0.0350389 
13 67
0 0.964961 1 0.0350389 
13 84
0 0.982324 1 0.0176757 
14 2
0 0.964961 1 0.0350389 
14 29
0 0.964961 1 0.0350389 
14 45
0 0.964961 1 0.0350389 
14 67
0 0.964961 1 0.0350389 
14 70
0 0.982324 1 0.0176757 
14 90
0 0.982324 1 0.0176757 
15 2
0 0.964961 1 0.0350389 
15 29
0 0.964961 1 0.0350389 
15 45
0 0.964961 1 0.0350389 
15 67
0 0.964961 1 0.0350389 
16 2
0 0.964961 1 0.0350389 
16 29
0 0.964961 1 0.0350389 
16 45
0 0.964961 1 0.0350389 
16 67
0 0.964961 1 0.0350389 
16 97
0 0.982324 1 0.0176757 
17 2
0 0.964961 1 0.0350389 
17 6
0 0.982324 1 0.0176757 
17 29
0 0.964961 1 0.0350389 
17 45
0 0.964961 1 0.0350389 
17 67
0 0.964961 1 0.0350389 
18 2
0 0.964961 1 0.0350389 
18 29
0 0.964961 1 0.0350389 
18 45
0 0.964961 1 0.0350389 
18 46
0 0.982324 1 0.0176757 
18 67
0 0.964961 1 0.0350389 
18 90
0 0.982324 1 0.0176757 
19 2
0 0.964961 1 0.0350389 
19 29
0 0.964961 1 0.0350389 
19 37
0 0.982324 1 0.0176757 
19 45
0 0.964961 1 0.0350389 
19 67
0 0.964961 1 0.0350389 
20 2
0 0.964961 1 0.0350389 
20 29
0 0.964961 1 0.0350389 
20 45
0 0.964961 1 0.0350389 
20 67
0 0.964961 1 0.0350389 
20 76
0 0.982324 1 0.0176757 
20 99
0 0.982324 1 0.0176757 
21 2
0 0.964961 1 0.0350389 
21 29
0 0.964961 1 0.0350389 
21 45
0 0.964961 1 0.0350389 
21 67
0 0.964961 1 0.0350389 
22 2
0 0.964961 1 0.0350389 
22 29
0 0.964961 1 0.0350389 
22 39
0 0.982324 1 0.0176757 
22 45
0 0.964961 1 0.0350389 
22 67
0 0.964961 1 0.0350389 
22 81
0 0.982324 1 0.0176757 
23 2
0 0.964961 1 0.0350389 
23 25
0 0.982324 1 0.0176757 
23 29
0 0.964961 1 0.0350389 
23 45
0 0.964961 1 0.0350389 
23 67
0 0.964961 1 0.0350389 
24 2
0 0.964961 1 0.0350389 
24 29
0 0.964961 1 0.0350389 
24 45
0 0.964961 1 0.0350389 
24 46
0 0.982324 1 0.0176757 
24 50
0 0.982324 1 0.0176757 
24 67
0 0.964961 1 0.0350389 
24 94
0 0.982324 1 0.0176757 
24 97
0 0.982324 1 0.0176757 
25 2
0 0.964961 1 0.0350389 
25 29
0 0.964961 1 0.0350389 
25 30
0 0.982324 1 0.0176757 
25 45
0 0.964961 1 0.0350389 
25 67
0 0.964961 1 0.0350389 
26 2
0 0.964961 1 0.0350389 
26 11
0 0.982324 1 0.0176757 
26 13
0 0.982324 1 0.0176757 
26 29
0 0.964961 1 0.0350389 
26 45
0 0.964961 1 0.0350389 
26 57
0 0.982324 1 0.0176757 
26 67
0 0.964961 1 0.0350389 
26 91
0 0.982324 1 0.0176757 
27 2
0 0.964961 1 0.0350389 
27 29
0 0.964961 1 0.0350389 
27 45
0 0.964961 1 0.0350389 
27 67
0 0.964961 1 0.0350389 
27 73
0 0.982324 1 0.0176757 
28 2
0 0.964961 1 0.0350389 
28 12
0 0.982324 1 0.0176757 
28 25
0 0.982324 1 0.0176757 
28 29
0 0.964961 1 0.0350389 
28 45
0 0.964961 1 0.0350389 
28 59
0 0.982324 1 0.0176757 
28 67
0 0.964961 1 0.0350389 
29 0
0 0.964961 1 0.0350389 
29 1
0 0.964961 1 0.0350389 
29 2
2 0.48735 3 0.5 4 0.0126503 
29 3
0 0.964961 1 0.0350389 
29 4
0 0.964961 1 0.0350389 
29 5
0 0.964961 1 0.0350389 
29 6
0 0.964961 1 0.0350389 
29 7
0 0.964961 1 0.0350389 
29 8
0 0.964961 1 0.0350389 
29 9
0 0.964961 1 0.0350389 
29 10
0 0.964961 1 0.0350389 
29 11
0 0.964961 1 0.0350389 
29 12
0 0.964961 1 0.0350389 
29 13
0 0.964961 1 0.0350389 
29 14
0 0.964961 1 0.0350389 
29 15
0 0.964961 1 0.0350389 
29 16
0 0.964961 1 0.0350389 
29 17
0 0.964961 1 0.0350389 
29 18
0 0.964961 1 0.0350389 
29 19
0 0.964961 1 0.0350389 
29 20
0 0.964961 1 0.0350389 
29 21
0 0.964961 1 0.0350389 
29 22
0 0.964961 1 0.0350389 
29 23
0 0.964961 1 0.0350389 
29 24
0 0.964961 1 0.0350389 
29 25
0 0.964961 1 0.0350389 
29 26
0 0.964961 1 0.0350389 
29 27
0 0.964961 1 0.0350389 
29 28
0 0.964961 1 0.0350389 
29 30
0 0.964961 1 0.0350389 
29 31
0 0.964961 1 0.0350389 
29 32
0 0.964961 1 0.0350389 
29 33
0 0.964961 1 0.0350389 
29 34
0 0.964961 1 0.0350389 
29 35
0 0.964961 1 0.0350389 
29 36
0 0.964961 1 0.0350389 
29 37
0 0.964961 1 0.0350389 
29 38
0 0.964961 1 0.0350389 
29 39
0 0.964961 1 0.0350389 
29 40
0 0.964961 1 0.0350389 
29 41
0 0.964961 1 0.0350389 
29 42
0 0.964961 1 0.0350389 
29 43
0 0.964961 1 0.0350389 
29 44
0 0.964961 1 0.0350389 
29 45
2 0.48735 3 0.5 4 0.0126503 
29 46
0 0.964961 1 0.0350389 
29 47
0 0.964961 1 0.0350389 
29 48
0 0.964961 1 0.0350389 
29 49
0 0.964961 1 0.0350389 
29 50
0 0.964961 1 0.0350389 
29 51
0 0.964961 1 0.0350389 
29 52
0 0.964961 1 0.0350389 
29 53
0 0.964961 1 0.0350389 
29 54
0 0.964961 1 0.0350389 
29 55
0 0.964961 1 0.0350389 
29 56
0 0.964961 1 0.0350389 
29 57
0 0.964961 1 0.0350389 
29 58
0 0.964961 1 0.0350389 
29 59
0 0.964961 1 0.0350389 
29 60
0 0.964961 1 0.0350389 
29 61
0 0.964961 1 0.0350389 
29 62
0 0.964961 1 0.0350389 
29 63
0 0.964961 1 0.0350389 
29 64
0 0.964961 1 0.0350389 
29 65
0 0.964961 1 0.0350389 
29 66
0 0.964961 1 0.0350389 
29 67
2 0.48735 3 0.5 4 0.0126503 
29 68
0 0.964961 1 0.0350389 
29 69
0 0.964961 1 0.0350389 
29 70
0 0.964961 1 0.0350389 
29 71
0 0.964961 1 0.0350389 
29 72
0 0.964961 1 0.0350389 
29 73
0 0.964961 1 0.0350389 
29 74
0 0.964961 1 0.0350389 
29 75
0 0.964961 1 0.0350389 
29 76
0 0.964961 1 0.0350389 
29 77
0 0.964961 1 0.0350389 
29 78
0 0.964961 1 0.0350389 
29 79
0 0.964961 1 0.0350389 
29 80
0 0.964961 1 0.0350389 
29 81
0 0.964961 1 0.0350389 
29 82
0 0.964961 1 0.0350389 
29 83
0 0.964961 1 0.0350389 
29 84
0 0.964961 1 0.0350389 
29 85
0 0.964961 1 0.0350389 
29 86
0 0.964961 1 0.0350389 
29 87
0 0.964961 1 0.0350389 
29 88
0 0.964961 1 0.0350389 
29 89
0 0.964961 1 0.0350389 
29 90
0 0.964961 1 0.0350389 
29 91
0 0.964961 1 0.0350389 
29 92
0 0.964961 1 0.0350389 
29 93
0 0.964961 1 0.0350389 
29 94
0 0.964961 1 0.0350389 
29 95
0 0.964961 1 0.0350389 
29 96
0 0.964961 1 0.0350389 
29 97
0 0.964961 1 0.0350389 
29 98
0 0.964961 1 0.0350389 
29 99
0 0.964961 1 0.0350389 
30 2
0 0.964961 1 0.0350389 
30 17
0 0.982324 1 0.0176757 
30 29
0 0.964961 1 0.0350389 
30 41
0 0.982324 1 0.0176757 
30 45
0 0.964961 1 0.0350389 
30 67
0 0.964961 1 0.0350389 
30 86
0 0.982324 1 0.0176757 
31 2
0 0.964961 1 0.0350389 
31 29
0 0.964961 1 0.0350389 
31 41
0 0.982324 1 0.0176757 
31 45
0 0.964961 1 0.0350389 
31 67
0 0.964961 1 0.0350389 
31 73
0 0.982324 1 0.0176757 
32 2
0 0.964961 1 0.0350389 
32 29
0 0.964961 1 0.0350389 
32 45
0 0.964961 1 0.0350389 
32 59
0 0.982324 1 0.0176757 
32 67
0 0.964961 1 0.0350389 
32 87
0 0.982324 1 0.0176757 
33 2
0 0.964961 1 0.0350389 
33 24
0 0.982324 1 0.0176757 
33 29
0 0.964961 1 0.0350389 
33 45
0 0.964961 1 0.0350389 
33 67
0 0.964961 1 0.0350389 
34 2
0 0.964961 1 0.0350389 
34 17
0 0.982324 1 0.0176757 
34 29
0 0.964961 1 0.0350389 
34 45
0 0.964961 1 0.0350389 
34 47
0 0.982324 1 0.0176757 
34 48
0 0.982324 1 0.0176757 
34 67
0 0.964961 1 0.0350389 
34 88
0 0.982324 1 0.0176757 
35 2
0 0.964961 1 0.0350389 
35 14
0 0.982324 1 0.0176757 
35 29
0 0.964961 1 0.0350389 
35 45
0 0.964961 1 0.0350389 
35 67
0 0.964961 1 0.0350389 
35 68
0 0.982324 1 0.0176757 
35 69
0 0.982324 1 0.0176757 
36 2
0 0.964961 1 0.0350389 
36 6
0 0.982324 1 0.0176757 
36 22
0 0.982324 1 0.0176757 
36 29
0 0.964961 1 0.0350389 
36 45
0 0.964961 1 0.0350389 
36 67
0 0.964961 1 0.0350389 
37 1
0 0.982324 1 0.0176757 
37 2
0 0.964961 1 0.0350389 
37 10
0 0.982324 1 0.0176757 
37 29
0 0.964961 1 0.0350389 
37 45
0 0.964961 1 0.0350389 
37 51
0 0.982324 1 0.0176757 
37 67
0 0.964961 1 0.0350389 
38 2
0 0.964961 1 0.0350389 
38 12
0 0.982324 1 0.0176757 
38 29
0 0.964961 1 0.0350389 
38 45
0 0.964961 1 0.0350389 
38 67
0 0.964961 1 0.0350389 
38 99
0 0.982324 1 0.0176757 
39 2
0 0.964961 1 0.0350389 
39 10
0 0.982324 1 0.0176757 
39 29
0 0.964961 1 0.0350389 
39 44
0 0.982324 1 0.0176757 
39 45
0 0.964961 1 0.0350389 
39 67
0 0.964961 1 0.0350389 
39 72
0 0.982324 1 0.0176757 
39 81
0 0.982324 1 0.0176757 
39 94
0 0.982324 1 0.0176757 
40 2
0 0.964961 1 0.0350389 
40 5
0 0.982324 1 0.0176757 
40 14
0 0.982324 1 0.0176757 
40 22
0 0.982324 1 0.0176757 
40 29
0 0.964961 1 0.0350389 
40 45
0 0.964961 1 0.0350389 
40 50
0 0.982324 1 0.0176757 
40 67
0 0.964961 1 0.0350389 
40 86
0 0.982324 1 0.0176757 
41 2
0 0.964961 1 0.0350389 
41 21
0 0.982324 1 0.0176757 
41 29
0 0.964961 1 0.0350389 
41 45
0 0.964961 1 0.0350389 
41 62
0 0.982324 1 0.0176757 
41 67
0 0.964961 1 0.0350389 
42 2
0 0.964961 1 0.0350389 
42 29
0 0.964961 1 0.0350389 
42 35
0 0.982324 1 0.0176757 
42 45
0 0.964961 1 0.0350389 
42 67
0 0.964961 1 0.0350389 
42 75
0 0.982324 1 0.0176757 
43 1
0 0.982324 1 0.0176757 
43 2
0 0.964961 1 0.0350389 
43 29
0 0.964961 1 0.0350389 
43 30
0 0.982324 1 0.0176757 
43 45
0 0.964961 1 0.0350389 
43 67
0 0.964961 1 0.0350389 
44 2
0 0.964961 1 0.0350389 
44 29
0 0.964961 1 0.0350389 
44 45
0 0.964961 1 0.0350389 
44 57
0 0.982324 1 0.0176757 
44 67
0 0.964961 1 0.0350389 
45 0
0 0.964961 1 0.0350389 
45 1
0 0.964961 1 0.0350389 
45 2
2 0.48735 3 0.5 4 0.0126503 
45 3
0 0.964961 1 0.0350389 
45 4
0 0.964961 1 0.0350389 
45 5
0 0.964961 1 0.0350389 
45 6
0 0.964961 1 0.0350389 
45 7
0 0.964961 1 0.0350389 
45 8
0 0.964961 1 0.0350389 
45 9
0 0.964961 1 0.0350389 
45 10
0 0.964961 1 0.0350389 
45 11
0 0.964961 1 0.0350389 
45 12
0 0.964961 1 0.0350389 
45 13
0 0.964961 1 0.0350389 
45 14
0 0.964961 1 0.0350389 
45 15
0 0.964961 1 0.0350389 
45 16
0 0.964961 1 0.0350389 
45 17
0 0.964961 1 0.0350389 
45 18
0 0.964961 1 0.0350389 
45 19
0 0.964961 1 0.0350389 
45 20
0 0.964961 1 0.0350389 
45 21
0 0.964961 1 0.0350389 
45 22
0 0.964961 1 0.0350389 
45 23
0 0.964961 1 0.0350389 
45 24
0 0.964961 1 0.0350389 
45 25
0 0.964961 1 0.0350389 
45 26
0 0.964961 1 0.0350389 
45 27
0 0.964961 1 0.0350389 
45 28
0 0.964961 1 0.0350389 
45 29
2 0.48735 3 0.5 4 0.0126503 
45 30
0 0.964961 1 0.0350389 
45 31
0 0.964961 1 0.0350389 
45 32
0 0.964961 1 0.0350389 
45 33
0 0.964961 1 0.0350389 
45 34
0 0.964961 1 0.0350389 
45 35
0 0.964961 1 0.0350389 
45 36
0 0.964961 1 0.0350389 
45 37
0 0.964961 1 0.0350389 
45 38
0 0.964961 1 0.0350389 
45 39
0 0.964961 1 0.0350389 
45 40
0 0.964961 1 0.0350389 
45 41
0 0.964961 1 0.0350389 
45 42
0 0.964961 1 0.0350389 
45 43
0 0.964961 1 0.0350389 
45 44
0 0.964961 1 0.0350389 
45 46
0 0.964961 1 0.0350389 
45 47
0 0.964961 1 0.0350389 
45 48
0 0.964961 1 0.0350389 
45 49
0 0.964961 1 0.0350389 
45 50
0 0.964961 1 0.0350389 
45 51
0 0.964961 1 0.0350389 
45 52
0 0.964961 1 0.0350389 
45 53
0 0.964961 1 0.0350389 
45 54
0 0.964961 1 0.0350389 
45 55
0 0.964961 1 0.0350389 
45 56
0 0.964961 1 0.0350389 
45 57
0 0.964961 1 0.0350389 
45 58
0 0.964961 1 0.0350389 
45 59
0 0.964961 1 0.0350389 
45 60
0 0.964961 1 0.0350389 
45 61
0 0.964961 1 0.0350389 
45 62
0 0.964961 1 0.0350389 
45 63
0 0.964961 1 0.0350389 
45 64
0 0.964961 1 0.0350389 
45 65
0 0.964961 1 0.0350389 
45 66
0 0.964961 1 0.0350389 
45 67
2 0.48735 3 0.5 4 0.0126503 
45 68
0 0.964961 1 0.0350389 
45 69
0 0.964961 1 0.0350389 
45 70
0 0.964961 1 0.0350389 
45 71
0 0.964961 1 0.0350389 
45 72
0 0.964961 1 0.0350389 
45 73
0 0.964961 1 0.0350389 
45 74
0 0.964961 1 0.0350389 
45 75
0 0.964961 1 0.0350389 
45 76
0 0.964961 1 0.0350389 
45 77
0 0.964961 1 0.0350389 
45 78
0 0.964961 1 0.0350389 
45 79
0 0.964961 1 0.0350389 
45 80
0 0.964961 1 0.0350389 
45 81
0 0.964961 1 0.0350389 
45 82
0 0.964961 1 0.0350389 
45 83
0 0.964961 1 0.0350389 
45 84
0 0.964961 1 0.0350389 
45 85
0 0.964961 1 0.0350389 
45 86
0 0.964961 1 0.0350389 
45 87
0 0.964961 1 0.0350389 
45 88
0 0.964961 1 0.0350389 
45 89
0 0.964961 1 0.0350389 
45 90
0 0.964961 1 0.0350389 
45 91
0 0.964961 1 0.0350389 
45 92
0 0.964961 1 0.0350389 
45 93
0 0.964961 1 0.0350389 
45 94
0 0.964961 1 0.0350389 
45 95
0 0.964961 1 0.0350389 
45 96
0 0.964961 1 0.0350389 
45 97
0 0.964961 1 0.0350389 
45 98
0 0.964961 1 0.0350389 
45 99
0 0.964961 1 0.0350389 
46 2
0 0.964961 1 0.0350389 
46 12
0 0.982324 1 0.0176757 
46 29
0 0.964961 1 0.0350389 
46 45
0 0.964961 1 0.0350389 
46 67
0 0.964961 1 0.0350389 
47 2
0 0.964961 1 0.0350389 
47 11
0 0.982324 1 0.0176757 
47 14
0 0.982324 1 0.0176757 
47 28
0 0.982324 1 0.0176757 
47 29
0 0.964961 1 0.0350389 
47 45
0 0.964961 1 0.0350389 
47 67
0 0.964961 1 0.0350389 
48 2
0 0.964961 1 0.0350389 
48 29
0 0.964961 1 0.0350389 
48 45
0 0.964961 1 0.0350389 
48 67
0 0.964961 1 0.0350389 
49 2
0 0.964961 1 0.0350389 
49 3
0 0.982324 1 0.0176757 
49 29
0 0.964961 1 0.0350389 
49 36
0 0.982324 1 0.0176757 
49 45
0 0.964961 1 0.0350389 
49 67
0 0.964961 1 0.0350389 
50 2
0 0.964961 1 0.0350389 
50 29
0 0.964961 1 0.0350389 
50 45
0 0.964961 1 0.0350389 
50 67
0 0.964961 1 0.0350389 
50 70
0 0.982324 1 0.0176757 
50 81
0 0.982324 1 0.0176757 
50 89
0 0.982324 1 0.0176757 
51 2
0 0.964961 1 0.0350389 
51 29
0 0.964961 1 0.0350389 
51 45
0 0.964961 1 0.0350389 
51 67
0 0.964961 1 0.0350389 
51 68
0 0.982324 1 0.0176757 
52 2
0 0.964961 1 0.0350389 
52 5
0 0.982324 1 0.0176757 
52 29
0 0.964961 1 0.0350389 
52 45
0 0.964961 1 0.0350389 
52 60
0 0.982324 1 0.0176757 
52 67
0 0.964961 1 0.0350389 
53 2
0 0.964961 1 0.0350389 
53 29
0 0.964961 1 0.0350389 
53 45
0 0.964961 1 0.0350389 
53 67
0 0.964961 1 0.0350389 
53 95
0 0.982324 1 0.0176757 
54 2
0 0.964961 1 0.0350389 
54 27
0 0.982324 1 0.0176757 
54 29
0 0.964961 1 0.0350389 
54 45
0 0.964961 1 0.0350389 
54 67
0 0.964961 1 0.0350389 
55 2
0 0.964961 1 0.0350389 
55 29
0 0.964961 1 0.0350389 
55 39
0 0.982324 1 0.0176757 
55 45
0 0.964961 1 0.0350389 
55 54
0 0.982324 1 0.0176757 
55 67
0 0.964961 1 0.0350389 
55 89
0 0.982324 1 0.0176757 
56 2
0 0.964961 1 0.0350389 
56 29
0 0.964961 1 0.0350389 
56 45
0 0.964961 1 0.0350389 
56 67
0 0.964961 1 0.0350389 
56 86
0 0.982324 1 0.0176757 
57 2
0 0.964961 1 0.0350389 
57 29
0 0.964961 1 0.0350389 
57 45
0 0.964961 1 0.0350389 
57 67
0 0.964961 1 0.0350389 
57 90
0 0.982324 1 0.0176757 
58 2
0 0.964961 1 0.0350389 
58 19
0 0.982324 1 0.0176757 
58 29
0 0.964961 1 0.0350389 
58 31
0 0.982324 1 0.0176757 
58 45
0 0.964961 1 0.0350389 
58 67
0 0.964961 1 0.0350389 
59 2
0 0.964961 1 0.0350389 
59 9
0 0.982324 1 0.0176757 
59 29
0 0.964961 1 0.0350389 
59 45
0 0.964961 1 0.0350389 
59 48
0 0.982324 1 0.0176757 
59 67
0 0.964961 1 0.0350389 
59 73
0 0.982324 1 0.0176757 
60 2
0 0.964961 1 0.0350389 
60 29
0 0.964961 1 0.0350389 
60 45
0 0.964961 1 0.0350389 
60 50
0 0.982324 1 0.0176757 
60 67
0 0.964961 1 0.0350389 
60 68
0 0.982324 1 0.0176757 
60 83
0 0.982324 1 0.0176757 
60 84
0 0.982324 1 0.0176757 
60 85
0 0.982324 1 0.0176757 
61 2
0 0.964961 1 0.0350389 
61 29
0 0.964961 1 0.0350389 
61 45
0 0.964961 1 0.0350389 
61 59
0 0.982324 1 0.0176757 
61 67
0 0.964961 1 0.0350389 
62 2
0 0.964961 1 0.0350389 
62 12
0 0.982324 1 0.0176757 
62 18
0 0.982324 1 0.0176757 
62 29
0 0.964961 1 0.0350389 
62 45
0 0.964961 1 0.0350389 
62 54
0 0.982324 1 0.0176757 
62 67
0 0.964961 1 0.0350389 
63 2
0 0.964961 1 0.0350389 
63 29
0 0.964961 1 0.0350389 
63 39
0 0.982324 1 0.0176757 
63 45
0 0.964961 1 0.0350389 
63 67
0 0.964961 1 0.0350389 
64 2
0 0.964961 1 0.0350389 
64 12
0 0.982324 1 0.0176757 
64 29
0 0.964961 1 0.0350389 
64 30
0 0.982324 1 0.0176757 
64 45
0 0.964961 1 0.0350389 
64 67
0 0.964961 1 0.0350389 
64 80
0 0.982324 1 0.0176757 
65 2
0 0.964961 1 0.0350389 
65 29
0 0.964961 1 0.0350389 
65 45
0 0.964961 1 0.0350389 
65 66
0 0.982324 1 0.0176757 
65 67
0 0.964961 1 0.0350389 
65 71
0 0.982324 1 0.0176757 
66 2
0 0.964961 1 0.0350389 
66 29
0 0.964961 1 0.0350389 
66 45
0 0.964961 1 0.0350389 
66 67
0 0.964961 1 0.0350389 
67 0
0 0.964961 1 0.0350389 
67 1
0 0.964961 1 0.0350389 
67 2
2 0.48735 3 0.5 4 0.0126503 
67 3
0 0.964961 1 0.0350389 
67 4
0 0.964961 1 0.0350389 
67 5
0 0.964961 1 0.0350389 
67 6
0 0.964961 1 0.0350389 
67 7
0 0.964961 1 0.0350389 
67 8
0 0.964961 1 0.0350389 
67 9
0 0.964961 1 0.0350389 
67 10
0 0.964961 1 0.0350389 
67 11
0 0.964961 1 0.0350389 
67 12
0 0.964961 1 0.0350389 
67 13
0 0.964961 1 0.0350389 
67 14
0 0.964961 1 0.0350389 
67 15
0 0.964961 1 0.0350389 
67 16
0 0.964961 1 0.0350389 
67 17
0 0.964961 1 0.0350389 
67 18
0 0.964961 1 0.0350389 
67 19
0 0.964961 1 0.0350389 
67 20
0 0.964961 1 0.0350389 
67 21
0 0.964961 1 0.0350389 
67 22
0 0.964961 1 0.0350389 
67 23
0 0.964961 1 0.0350389 
67 24
0 0.964961 1 0.0350389 
67 25
0 0.964961 1 0.0350389 
67 26
0 0.964961 1 0.0350389 
67 27
0 0.964961 1 0.0350389 
67 28
0 0.964961 1 0.0350389 
67 29
2 0.48735 3 0.5 4 0.0126503 
67 30
0 0.964961 1 0.0350389 
67 31
0 0.964961 1 0.0350389 
67 32
0 0.964961 1 0.0350389 
67 33
0 0.964961 1 0.0350389 
67 34
0 0.964961 1 0.0350389 
67 35
0 0.964961 1 0.0350389 
67 36
0 0.964961 1 0.0350389 
67 37
0 0.964961 1 0.0350389 
67 38
0 0.964961 1 0.0350389 
67 39
0 0.964961 1 0.0350389 
67 40
0 0.964961 1 0.0350389 
67 41
0 0.964961 1 0.0350389 
67 42
0 0.964961 1 0.0350389 
67 43
0 0.964961 1 0.0350389 
67 44
0 0.964961 1 0.0350389 
67 45
2 0.48735 3 0.5 4 0.0126503 
67 46
0 0.964961 1 0.0350389 
67 47
0 0.964961 1 0.0350389 
67 48
0 0.964961 1 0.0350389 
67 49
0 0.964961 1 0.0350389 
67 50
0 0.964961 1 0.0350389 
67 51
0 0.964961 1 0.0350389 
67 52
0 0.964961 1 0.0350389 
67 53
0 0.964961 1 0.0350389 
67 54
0 0.964961 1 0.0350389 
67 55
0 0.964961 1 0.0350389 
67 56
0 0.964961 1 0.0350389 
67 57
0 0.964961 1 0.0350389 
67 58
0 0.964961 1 0.0350389 
67 59
0 0.964961 1 0.0350389 
67 60
0 0.964961 1 0.0350389 
67 61
0 0.964961 1 0.0350389 
67 62
0 0.964961 1 0.0350389 
67 63
0 0.964961 1 0.0350389 
67 64
0 0.964961 1 0.0350389 
67 65
0 0.964961 1 0.0350389 
67 66
0 0.964961 1 0.0350389 
67 68
0 0.964961 1 0.0350389 
67 69
0 0.964961 1 0.0350389 
67 70
0 0.964961 1 0.0350389 
67 71
0 0.964961 1 0.0350389 
67 72
0 0.964961 1 0.0350389 
67 73
0 0.964961 1 0.0350389 
67 74
0 0.964961 1 0.0350389 
67 75
0 0.964961 1 0.0350389 
67 76
0 0.964961 1 0.0350389 
67 77
0 0.964961 1 0.0350389 
67 78
0 0.964961 1 0.0350389 
67 79
0 0.964961 1 0.0350389 
67 80
0 0.964961 1 0.0350389 
67 81
0 0.964961 1 0.0350389 
67 82
0 0.964961 1 0.0350389 
67 83
0 0.964961 1 0.0350389 
67 84
0 0.964961 1 0.0350389 
67 85
0 0.964961 1 0.0350389 
67 86
0 0.964961 1 0.0350389 
67 87
0 0.964961 1 0.0350389 
67 88
0 0.964961 1 0.0350389 
67 89
0 0.964961 1 0.0350389 
67 90
0 0.964961 1 0.0350389 
67 91
0 0.964961 1 0.0350389 
67 92
0 0.964961 1 0.0350389 
67 93
0 0.964961 1 0.0350389 
67 94
0 0.964961 1 0.0350389 
67 95
0 0.964961 1 0.0350389 
67 96
0 0.964961 1 0.0350389 
67 97
0 0.964961 1 0.0350389 
67 98
0 0.964961 1 0.0350389 
67 99
0 0.964961 1 0.0350389 
68 2
0 0.964961 1 0.0350389 
68 29
0 0.964961 1 0.0350389 
68 45
0 0.964961 1 0.0350389 
68 67
0 0.964961 1 0.0350389 
69 2
0 0.964961 1 0.0350389 
69 4
0 0.982324 1 0.0176757 
69 29
0 0.964961 1 0.0350389 
69 45
0 0.964961 1 0.0350389 
69 53
0 0.982324 1 0.0176757 
69 67
0 0.964961 1 0.0350389 
69 82
0 0.982324 1 0.0176757 
69 94
0 0.982324 1 0.0176757 
70 2
0 0.964961 1 0.0350389 
70 26
0 0.982324 1 0.0176757 
70 29
0 0.964961 1 0.0350389 
70 45
0 0.964961 1 0.0350389 
70 67
0 0.964961 1 0.0350389 
70 76
0 0.982324 1 0.0176757 
70 88
0 0.982324 1 0.0176757 
71 1
0 0.982324 1 0.0176757 
71 2
0 0.964961 1 0.0350389 
71 29
0 0.964961 1 0.0350389 
71 45
0 0.964961 1 0.0350389 
71 46
0 0.982324 1 0.0176757 
71 49
0 0.982324 1 0.0176757 
71 58
0 0.982324 1 0.0176757 
71 67
0 0.964961 1 0.0350389 
71 74
0 0.982324 1 0.0176757 
72 2
0 0.964961 1 0.0350389 
72 29
0 0.964961 1 0.0350389 
72 45
0 0.964961 1 0.0350389 
72 67
0 0.964961 1 0.0350389 
73 2
0 0.964961 1 0.0350389 
73 7
0 0.982324 1 0.0176757 
73 17
0 0.982324 1 0.0176757 
73 23
0 0.982324 1 0.0176757 
73 27
0 0.982324 1 0.0176757 
73 29
0 0.964961 1 0.0350389 
73 45
0 0.964961 1 0.0350389 
73 67
0 0.964961 1 0.0350389 
73 95
0 0.982324 1 0.0176757 
74 2
0 0.964961 1 0.0350389 
74 5
0 0.982324 1 0.0176757 
74 29
0 0.964961 1 0.0350389 
74 45
0 0.964961 1 0.0350389 
74 67
0 0.964961 1 0.0350389 
75 2
0 0.964961 1 0.0350389 
75 29
0 0.964961 1 0.0350389 
75 45
0 0.964961 1 0.0350389 
75 67
0 0.964961 1 0.0350389 
76 2
0 0.964961 1 0.0350389 
76 6
0 0.982324 1 0.0176757 
76 29
0 0.964961 1 0.0350389 
76 45
0 0.964961 1 0.0350389 
76 67
0 0.964961 1 0.0350389 
76 69
0 0.982324 1 0.0176757 
77 2
0 0.964961 1 0.0350389 
77 29
0 0.964961 1 0.0350389 
77 33
0 0.982324 1 0.0176757 
77 36
0 0.982324 1 0.0176757 
77 45
0 0.964961 1 0.0350389 
77 67
0 0.964961 1 0.0350389 
77 76
0 0.982324 1 0.0176757 
77 95
0 0.982324 1 0.0176757 
78 2
0 0.964961 1 0.0350389 
78 11
0 0.982324 1 0.0176757 
78 24
0 0.982324 1 0.0176757 
78 29
0 0.964961 1 0.0350389 
78 36
0 0.982324 1 0.0176757 
78 45
0 0.964961 1 0.0350389 
78 67
0 0.964961 1 0.0350389 
78 68
0 0.982324 1 0.0176757 
79 2
0 0.964961 1 0.0350389 
79 29
0 0.964961 1 0.0350389 
79 45
0 0.964961 1 0.0350389 
79 67
0 0.964961 1 0.0350389 
80 2
0 0.964961 1 0.0350389 
80 3
0 0.982324 1 0.0176757 
80 29
0 0.964961 1 0.0350389 
80 31
0 0.982324 1 0.0176757 
80 45
0 0.964961 1 0.0350389 
80 67
0 0.964961 1 0.0350389 
81 2
0 0.964961 1 0.0350389 
81 29
0 0.964961 1 0.0350389 
81 31
0 0.982324 1 0.0176757 
81 45
0 0.964961 1 0.0350389 
81 67
0 0.964961 1 0.0350389 
82 2
0 0.964961 1 0.0350389 
82 10
0 0.982324 1 0.0176757 
82 29
0 0.964961 1 0.0350389 
82 45
0 0.964961 1 0.0350389 
82 67
0 0.964961 1 0.0350389 
83 2
0 0.964961 1 0.0350389 
83 29
0 0.964961 1 0.0350389 
83 45
0 0.964961 1 0.0350389 
83 67
0 0.964961 1 0.0350389 
84 2
0 0.964961 1 0.0350389 
84 29
0 0.964961 1 0.0350389 
84 45
0 0.964961 1 0.0350389 
84 52
0 0.982324 1 0.0176757 
84 67
0 0.964961 1 0.0350389 
84 70
0 0.982324 1 0.0176757 
85 0
0 0.982324 1 0.0176757 
85 2
0 0.964961 1 0.0350389 
85 29
0 0.964961 1 0.0350389 
85 35
0 0.982324 1 0.0176757 
85 45
0 0.964961 1 0.0350389 
85 67
0 0.964961 1 0.0350389 
86 2
0 0.964961 1 0.0350389 
86 29
0 0.964961 1 0.0350389 
86 45
0 0.964961 1 0.0350389 
86 67
0 0.964961 1 0.0350389 
87 2
0 0.964961 1 0.0350389 
87 29
0 0.964961 1 0.0350389 
87 30
0 0.982324 1 0.0176757 
87 34
0 0.982324 1 0.0176757 
87 45
0 0.964961 1 0.0350389 
87 67
0 0.964961 1 0.0350389 
87 72
0 0.982324 1 0.0176757 
88 2
0 0.964961 1 0.0350389 
88 23
0 0.982324 1 0.0176757 
88 29
0 0.964961 1 0.0350389 
88 39
0 0.982324 1 0.0176757 
88 40
0 0.982324 1 0.0176757 
88 45
0 0.964961 1 0.0350389 
88 67
0 0.964961 1 0.0350389 
89 2
0 0.964961 1 0.0350389 
89 9
0 0.982324 1 0.0176757 
89 23
0 0.982324 1 0.0176757 
89 29
0 0.964961 1 0.0350389 
89 45
0 0.964961 1 0.0350389 
89 67
0 0.964961 1 0.0350389 
90 2
0 0.964961 1 0.0350389 
90 29
0 0.964961 1 0.0350389 
90 45
0 0.964961 1 0.0350389 
90 55
0 0.982324 1 0.0176757 
90 64
0 0.982324 1 0.0176757 
90 67
0 0.964961 1 0.0350389 
90 94
0 0.982324 1 0.0176757 
91 0
0 0.982324 1 0.0176757 
91 2
0 0.964961 1 0.0350389 
91 21
0 0.982324 1 0.0176757 
91 29
0 0.964961 1 0.0350389 
91 39
0 0.982324 1 0.0176757 
91 45
0 0.964961 1 0.0350389 
91 67
0 0.964961 1 0.0350389 
92 2
0 0.964961 1 0.0350389 
92 29
0 0.964961 1 0.0350389 
92 45
0 0.964961 1 0.0350389 
92 66
0 0.982324 1 0.0176757 
92 67
0 0.964961 1 0.0350389 
92 74
0 0.982324 1 0.0176757 
92 96
0 0.982324 1 0.0176757 
92 97
0 0.982324 1 0.0176757 
93 2
0 0.964961 1 0.0350389 
93 25
0 0.982324 1 0.0176757 
93 29
0 0.964961 1 0.0350389 
93 45
0 0.964961 1 0.0350389 
93 67
0 0.964961 1 0.0350389 
94 2
0 0.964961 1 0.0350389 
94 29
0 0.964961 1 0.0350389 
94 45
0 0.964961 1 0.0350389 
94 55
0 0.982324 1 0.0176757 
94 65
0 0.982324 1 0.0176757 
94 67
0 0.964961 1 0.0350389 
95 2
0 0.964961 1 0.0350389 
95 15
0 0.982324 1 0.0176757 
95 29
0 0.964961 1 0.0350389 
95 45
0 0.964961 1 0.0350389 
95 67
0 0.964961 1 0.0350389 
96 2
0 0.964961 1 0.0350389 
96 21
0 0.982324 1 0.0176757 
96 29
0 0.964961 1 0.0350389 
96 45
0 0.964961 1 0.0350389 
96 67
0 0.964961 1 0.0350389 
96 94
0 0.982324 1 0.0176757 
97 2
0 0.964961 1 0.0350389 
97 8
0 0.982324 1 0.0176757 
97 29
0 0.964961 1 0.0350389 
97 45
0 0.964961 1 0.0350389 
97 53
0 0.982324 1 0.0176757 
97 67
0 0.964961 1 0.0350389 
98 2
0 0.964961 1 0.0350389 
98 29
0 0.964961 1 0.0350389 
98 45
0 0.964961 1 0.0350389 
98 67
0 0.964961 1 0.0350389 
99 2
0 0.964961 1 0.0350389 
99 29
0 0.964961 1 0.0350389 
99 45
0 0.964961 1 0.0350389 
99 53
0 0.982324 1 0.0176757 
99 67
0 0.964961 1 0.0350389 
99 86
0 0.982324 1 0.0176757 
99 88
0 0.982324 1 0.0176757 
99 89
0 0.982324 1 0.0176757 
