c 	ulysses16_tsp_16_4_4_6_44_50_8_132_0_0_0_100_7700916_0_0
c 	nn 16
c 	nm 4
c 	oComp 4
c 	ooProb 0.0176757
c 	coProb 0.0350389
c 	ooD 0.424216
c 	coD 3.36373
c 	ccD 3.78795
c 	totD 7.5759
c 	ooD/totD 0.0559954
c 	coD/totD 0.444005
c 	ccD/totD 0.5
c 	ccEval 0.315663
c 	ooN 24
c 	coN 96
c 	ccN 12
c 	totN 132
c 	totN / nn(nn-1)=0.55
c 	 TYPE: TSPLIB
16
509 501 312 1019 736 656 60 1039 726 2314 479 448 479 619 150 
509 126 474 1526 1226 1133 532 1449 1122 2789 958 941 978 1127 542 
501 126 541 1516 1184 1084 536 1371 1045 2728 913 904 946 1115 499 
312 474 541 1157 980 919 271 1333 1029 2553 751 704 720 783 455 
1019 1526 1516 1157 478 583 996 858 855 1504 677 651 600 401 1033 
736 1226 1184 980 478 115 740 470 379 1581 271 289 261 308 687 
656 1133 1084 919 583 115 667 455 288 1661 177 216 207 343 592 
60 532 536 271 996 740 667 1066 759 2320 493 454 479 598 206 
1039 1449 1371 1333 858 470 455 1066 328 1387 591 650 656 776 933 
726 1122 1045 1029 855 379 288 759 328 1697 333 400 427 622 610 
2314 2789 2728 2553 1504 1581 1661 2320 1387 1697 1838 1868 1841 1789 2248 
479 958 913 751 677 271 177 493 591 333 1838 68 105 336 417 
448 941 904 704 651 289 216 454 650 400 1868 68 52 287 406 
479 978 946 720 600 261 207 479 656 427 1841 105 52 237 449 
619 1127 1115 783 401 308 343 598 776 622 1789 336 287 237 636 
150 542 499 455 1033 687 592 206 933 610 2248 417 406 449 636 
132
0 1
0 0.982324 1 0.0176757 
0 2
0 0.964961 1 0.0350389 
0 7
0 0.964961 1 0.0350389 
0 10
0 0.964961 1 0.0350389 
0 12
0 0.982324 1 0.0176757 
0 14
0 0.964961 1 0.0350389 
0 15
0 0.982324 1 0.0176757 
1 0
0 0.982324 1 0.0176757 
1 2
0 0.964961 1 0.0350389 
1 5
0 0.982324 1 0.0176757 
1 6
0 0.982324 1 0.0176757 
1 7
0 0.964961 1 0.0350389 
1 10
0 0.964961 1 0.0350389 
1 14
0 0.964961 1 0.0350389 
2 0
0 0.964961 1 0.0350389 
2 1
0 0.964961 1 0.0350389 
2 3
0 0.964961 1 0.0350389 
2 4
0 0.964961 1 0.0350389 
2 5
0 0.964961 1 0.0350389 
2 6
0 0.964961 1 0.0350389 
2 7
0 0.684337 1 0.315663 
2 8
0 0.964961 1 0.0350389 
2 9
0 0.964961 1 0.0350389 
2 10
0 0.684337 1 0.315663 
2 11
0 0.964961 1 0.0350389 
2 12
0 0.964961 1 0.0350389 
2 13
0 0.964961 1 0.0350389 
2 14
0 0.684337 1 0.315663 
2 15
0 0.964961 1 0.0350389 
3 2
0 0.964961 1 0.0350389 
3 4
0 0.982324 1 0.0176757 
3 7
0 0.964961 1 0.0350389 
3 8
0 0.982324 1 0.0176757 
3 10
0 0.964961 1 0.0350389 
3 13
0 0.982324 1 0.0176757 
3 14
0 0.964961 1 0.0350389 
3 15
0 0.982324 1 0.0176757 
4 2
0 0.964961 1 0.0350389 
4 7
0 0.964961 1 0.0350389 
4 10
0 0.964961 1 0.0350389 
4 11
0 0.982324 1 0.0176757 
4 14
0 0.964961 1 0.0350389 
5 0
0 0.982324 1 0.0176757 
5 2
0 0.964961 1 0.0350389 
5 6
0 0.982324 1 0.0176757 
5 7
0 0.964961 1 0.0350389 
5 10
0 0.964961 1 0.0350389 
5 14
0 0.964961 1 0.0350389 
5 15
0 0.982324 1 0.0176757 
6 2
0 0.964961 1 0.0350389 
6 7
0 0.964961 1 0.0350389 
6 10
0 0.964961 1 0.0350389 
6 13
0 0.982324 1 0.0176757 
6 14
0 0.964961 1 0.0350389 
7 0
0 0.964961 1 0.0350389 
7 1
0 0.964961 1 0.0350389 
7 2
0 0.684337 1 0.315663 
7 3
0 0.964961 1 0.0350389 
7 4
0 0.964961 1 0.0350389 
7 5
0 0.964961 1 0.0350389 
7 6
0 0.964961 1 0.0350389 
7 8
0 0.964961 1 0.0350389 
7 9
0 0.964961 1 0.0350389 
7 10
0 0.684337 1 0.315663 
7 11
0 0.964961 1 0.0350389 
7 12
0 0.964961 1 0.0350389 
7 13
0 0.964961 1 0.0350389 
7 14
0 0.684337 1 0.315663 
7 15
0 0.964961 1 0.0350389 
8 2
0 0.964961 1 0.0350389 
8 7
0 0.964961 1 0.0350389 
8 10
0 0.964961 1 0.0350389 
8 12
0 0.982324 1 0.0176757 
8 14
0 0.964961 1 0.0350389 
9 0
0 0.982324 1 0.0176757 
9 1
0 0.982324 1 0.0176757 
9 2
0 0.964961 1 0.0350389 
9 5
0 0.982324 1 0.0176757 
9 7
0 0.964961 1 0.0350389 
9 10
0 0.964961 1 0.0350389 
9 14
0 0.964961 1 0.0350389 
10 0
0 0.964961 1 0.0350389 
10 1
0 0.964961 1 0.0350389 
10 2
0 0.684337 1 0.315663 
10 3
0 0.964961 1 0.0350389 
10 4
0 0.964961 1 0.0350389 
10 5
0 0.964961 1 0.0350389 
10 6
0 0.964961 1 0.0350389 
10 7
0 0.684337 1 0.315663 
10 8
0 0.964961 1 0.0350389 
10 9
0 0.964961 1 0.0350389 
10 11
0 0.964961 1 0.0350389 
10 12
0 0.964961 1 0.0350389 
10 13
0 0.964961 1 0.0350389 
10 14
0 0.684337 1 0.315663 
10 15
0 0.964961 1 0.0350389 
11 2
0 0.964961 1 0.0350389 
11 7
0 0.964961 1 0.0350389 
11 10
0 0.964961 1 0.0350389 
11 13
0 0.982324 1 0.0176757 
11 14
0 0.964961 1 0.0350389 
12 2
0 0.964961 1 0.0350389 
12 7
0 0.964961 1 0.0350389 
12 10
0 0.964961 1 0.0350389 
12 14
0 0.964961 1 0.0350389 
13 2
0 0.964961 1 0.0350389 
13 5
0 0.982324 1 0.0176757 
13 7
0 0.964961 1 0.0350389 
13 10
0 0.964961 1 0.0350389 
13 14
0 0.964961 1 0.0350389 
14 0
0 0.964961 1 0.0350389 
14 1
0 0.964961 1 0.0350389 
14 2
0 0.684337 1 0.315663 
14 3
0 0.964961 1 0.0350389 
14 4
0 0.964961 1 0.0350389 
14 5
0 0.964961 1 0.0350389 
14 6
0 0.964961 1 0.0350389 
14 7
0 0.684337 1 0.315663 
14 8
0 0.964961 1 0.0350389 
14 9
0 0.964961 1 0.0350389 
14 10
0 0.684337 1 0.315663 
14 11
0 0.964961 1 0.0350389 
14 12
0 0.964961 1 0.0350389 
14 13
0 0.964961 1 0.0350389 
14 15
0 0.964961 1 0.0350389 
15 2
0 0.964961 1 0.0350389 
15 5
0 0.982324 1 0.0176757 
15 7
0 0.964961 1 0.0350389 
15 10
0 0.964961 1 0.0350389 
15 11
0 0.982324 1 0.0176757 
15 12
0 0.982324 1 0.0176757 
15 14
0 0.964961 1 0.0350389 
