c 	ulysses22_tsp_22_4_full_26_24_50_8_462_0_0_0_100_1073908_0_0
c 	nn 22
c 	nm 4
c 	oComp 34
c 	ooProb 0.00710812
c 	coProb 0.0141657
c 	ooD 2.17508
c 	coD 2.03986
c 	ccD 4.21495
c 	totD 8.42989
c 	ooD/totD 0.25802
c 	coD/totD 0.24198
c 	ccD/totD 0.5
c 	ccEval 0.351245
c 	ooN 306
c 	coN 144
c 	ccN 12
c 	totN 462
c 	totN / nn(nn-1)=1
c 	 TYPE: TSPLIB
22
509 501 312 1019 736 656 60 1039 726 2314 479 448 479 619 150 342 323 635 604 596 202 
509 126 474 1526 1226 1133 532 1449 1122 2789 958 941 978 1127 542 246 510 1047 1021 1010 364 
501 126 541 1516 1184 1084 536 1371 1045 2728 913 904 946 1115 499 321 577 976 952 941 401 
312 474 541 1157 980 919 271 1333 1029 2553 751 704 720 783 455 228 37 936 904 898 171 
1019 1526 1516 1157 478 583 996 858 855 1504 677 651 600 401 1033 1325 1134 818 808 820 1179 
736 1226 1184 980 478 115 740 470 379 1581 271 289 261 308 687 1077 970 342 336 348 932 
656 1133 1084 919 583 115 667 455 288 1661 177 216 207 343 592 997 913 236 226 237 856 
60 532 536 271 996 740 667 1066 759 2320 493 454 479 598 206 341 278 666 634 628 194 
1039 1449 1371 1333 858 470 455 1066 328 1387 591 650 656 776 933 1367 1333 408 438 447 1239 
726 1122 1045 1029 855 379 288 759 328 1697 333 400 427 622 610 1046 1033 96 128 133 922 
2314 2789 2728 2553 1504 1581 1661 2320 1387 1697 1838 1868 1841 1789 2248 2656 2540 1755 1777 1789 2512 
479 958 913 751 677 271 177 493 591 333 1838 68 105 336 417 821 748 243 214 217 680 
448 941 904 704 651 289 216 454 650 400 1868 68 52 287 406 789 698 311 281 283 645 
479 978 946 720 600 261 207 479 656 427 1841 105 52 237 449 818 712 341 314 318 672 
619 1127 1115 783 401 308 343 598 776 622 1789 336 287 237 636 932 764 550 528 535 785 
150 542 499 455 1033 687 592 206 933 610 2248 417 406 449 636 436 470 525 496 486 319 
342 246 321 228 1325 1077 997 341 1367 1046 2656 821 789 818 932 436 265 959 930 921 148 
323 510 577 37 1134 970 913 278 1333 1033 2540 748 698 712 764 470 265 939 907 901 201 
635 1047 976 936 818 342 236 666 408 96 1755 243 311 341 550 525 959 939 33 39 833 
604 1021 952 904 808 336 226 634 438 128 1777 214 281 314 528 496 930 907 33 14 803 
596 1010 941 898 820 348 237 628 447 133 1789 217 283 318 535 486 921 901 39 14 794 
202 364 401 171 1179 932 856 194 1239 922 2512 680 645 672 785 319 148 201 833 803 794 
462
0 1
0 0.992892 1 0.00710812 
0 2
0 0.992892 1 0.00710812 
0 3
0 0.992892 1 0.00710812 
0 4
0 0.992892 1 0.00710812 
0 5
0 0.985834 1 0.0141657 
0 6
0 0.992892 1 0.00710812 
0 7
0 0.985834 1 0.0141657 
0 8
0 0.992892 1 0.00710812 
0 9
0 0.992892 1 0.00710812 
0 10
0 0.992892 1 0.00710812 
0 11
0 0.992892 1 0.00710812 
0 12
0 0.985834 1 0.0141657 
0 13
0 0.992892 1 0.00710812 
0 14
0 0.985834 1 0.0141657 
0 15
0 0.992892 1 0.00710812 
0 16
0 0.992892 1 0.00710812 
0 17
0 0.992892 1 0.00710812 
0 18
0 0.992892 1 0.00710812 
0 19
0 0.992892 1 0.00710812 
0 20
0 0.992892 1 0.00710812 
0 21
0 0.992892 1 0.00710812 
1 0
0 0.992892 1 0.00710812 
1 2
0 0.992892 1 0.00710812 
1 3
0 0.992892 1 0.00710812 
1 4
0 0.992892 1 0.00710812 
1 5
0 0.985834 1 0.0141657 
1 6
0 0.992892 1 0.00710812 
1 7
0 0.985834 1 0.0141657 
1 8
0 0.992892 1 0.00710812 
1 9
0 0.992892 1 0.00710812 
1 10
0 0.992892 1 0.00710812 
1 11
0 0.992892 1 0.00710812 
1 12
0 0.985834 1 0.0141657 
1 13
0 0.992892 1 0.00710812 
1 14
0 0.985834 1 0.0141657 
1 15
0 0.992892 1 0.00710812 
1 16
0 0.992892 1 0.00710812 
1 17
0 0.992892 1 0.00710812 
1 18
0 0.992892 1 0.00710812 
1 19
0 0.992892 1 0.00710812 
1 20
0 0.992892 1 0.00710812 
1 21
0 0.992892 1 0.00710812 
2 0
0 0.992892 1 0.00710812 
2 1
0 0.992892 1 0.00710812 
2 3
0 0.992892 1 0.00710812 
2 4
0 0.992892 1 0.00710812 
2 5
0 0.985834 1 0.0141657 
2 6
0 0.992892 1 0.00710812 
2 7
0 0.985834 1 0.0141657 
2 8
0 0.992892 1 0.00710812 
2 9
0 0.992892 1 0.00710812 
2 10
0 0.992892 1 0.00710812 
2 11
0 0.992892 1 0.00710812 
2 12
0 0.985834 1 0.0141657 
2 13
0 0.992892 1 0.00710812 
2 14
0 0.985834 1 0.0141657 
2 15
0 0.992892 1 0.00710812 
2 16
0 0.992892 1 0.00710812 
2 17
0 0.992892 1 0.00710812 
2 18
0 0.992892 1 0.00710812 
2 19
0 0.992892 1 0.00710812 
2 20
0 0.992892 1 0.00710812 
2 21
0 0.992892 1 0.00710812 
3 0
0 0.992892 1 0.00710812 
3 1
0 0.992892 1 0.00710812 
3 2
0 0.992892 1 0.00710812 
3 4
0 0.992892 1 0.00710812 
3 5
0 0.985834 1 0.0141657 
3 6
0 0.992892 1 0.00710812 
3 7
0 0.985834 1 0.0141657 
3 8
0 0.992892 1 0.00710812 
3 9
0 0.992892 1 0.00710812 
3 10
0 0.992892 1 0.00710812 
3 11
0 0.992892 1 0.00710812 
3 12
0 0.985834 1 0.0141657 
3 13
0 0.992892 1 0.00710812 
3 14
0 0.985834 1 0.0141657 
3 15
0 0.992892 1 0.00710812 
3 16
0 0.992892 1 0.00710812 
3 17
0 0.992892 1 0.00710812 
3 18
0 0.992892 1 0.00710812 
3 19
0 0.992892 1 0.00710812 
3 20
0 0.992892 1 0.00710812 
3 21
0 0.992892 1 0.00710812 
4 0
0 0.992892 1 0.00710812 
4 1
0 0.992892 1 0.00710812 
4 2
0 0.992892 1 0.00710812 
4 3
0 0.992892 1 0.00710812 
4 5
0 0.985834 1 0.0141657 
4 6
0 0.992892 1 0.00710812 
4 7
0 0.985834 1 0.0141657 
4 8
0 0.992892 1 0.00710812 
4 9
0 0.992892 1 0.00710812 
4 10
0 0.992892 1 0.00710812 
4 11
0 0.992892 1 0.00710812 
4 12
0 0.985834 1 0.0141657 
4 13
0 0.992892 1 0.00710812 
4 14
0 0.985834 1 0.0141657 
4 15
0 0.992892 1 0.00710812 
4 16
0 0.992892 1 0.00710812 
4 17
0 0.992892 1 0.00710812 
4 18
0 0.992892 1 0.00710812 
4 19
0 0.992892 1 0.00710812 
4 20
0 0.992892 1 0.00710812 
4 21
0 0.992892 1 0.00710812 
5 0
0 0.985834 1 0.0141657 
5 1
0 0.985834 1 0.0141657 
5 2
0 0.985834 1 0.0141657 
5 3
0 0.985834 1 0.0141657 
5 4
0 0.985834 1 0.0141657 
5 6
0 0.985834 1 0.0141657 
5 7
0 0.648755 1 0.351245 
5 8
0 0.985834 1 0.0141657 
5 9
0 0.985834 1 0.0141657 
5 10
0 0.985834 1 0.0141657 
5 11
0 0.985834 1 0.0141657 
5 12
0 0.648755 1 0.351245 
5 13
0 0.985834 1 0.0141657 
5 14
0 0.648755 1 0.351245 
5 15
0 0.985834 1 0.0141657 
5 16
0 0.985834 1 0.0141657 
5 17
0 0.985834 1 0.0141657 
5 18
0 0.985834 1 0.0141657 
5 19
0 0.985834 1 0.0141657 
5 20
0 0.985834 1 0.0141657 
5 21
0 0.985834 1 0.0141657 
6 0
0 0.992892 1 0.00710812 
6 1
0 0.992892 1 0.00710812 
6 2
0 0.992892 1 0.00710812 
6 3
0 0.992892 1 0.00710812 
6 4
0 0.992892 1 0.00710812 
6 5
0 0.985834 1 0.0141657 
6 7
0 0.985834 1 0.0141657 
6 8
0 0.992892 1 0.00710812 
6 9
0 0.992892 1 0.00710812 
6 10
0 0.992892 1 0.00710812 
6 11
0 0.992892 1 0.00710812 
6 12
0 0.985834 1 0.0141657 
6 13
0 0.992892 1 0.00710812 
6 14
0 0.985834 1 0.0141657 
6 15
0 0.992892 1 0.00710812 
6 16
0 0.992892 1 0.00710812 
6 17
0 0.992892 1 0.00710812 
6 18
0 0.992892 1 0.00710812 
6 19
0 0.992892 1 0.00710812 
6 20
0 0.992892 1 0.00710812 
6 21
0 0.992892 1 0.00710812 
7 0
0 0.985834 1 0.0141657 
7 1
0 0.985834 1 0.0141657 
7 2
0 0.985834 1 0.0141657 
7 3
0 0.985834 1 0.0141657 
7 4
0 0.985834 1 0.0141657 
7 5
0 0.648755 1 0.351245 
7 6
0 0.985834 1 0.0141657 
7 8
0 0.985834 1 0.0141657 
7 9
0 0.985834 1 0.0141657 
7 10
0 0.985834 1 0.0141657 
7 11
0 0.985834 1 0.0141657 
7 12
0 0.648755 1 0.351245 
7 13
0 0.985834 1 0.0141657 
7 14
0 0.648755 1 0.351245 
7 15
0 0.985834 1 0.0141657 
7 16
0 0.985834 1 0.0141657 
7 17
0 0.985834 1 0.0141657 
7 18
0 0.985834 1 0.0141657 
7 19
0 0.985834 1 0.0141657 
7 20
0 0.985834 1 0.0141657 
7 21
0 0.985834 1 0.0141657 
8 0
0 0.992892 1 0.00710812 
8 1
0 0.992892 1 0.00710812 
8 2
0 0.992892 1 0.00710812 
8 3
0 0.992892 1 0.00710812 
8 4
0 0.992892 1 0.00710812 
8 5
0 0.985834 1 0.0141657 
8 6
0 0.992892 1 0.00710812 
8 7
0 0.985834 1 0.0141657 
8 9
0 0.992892 1 0.00710812 
8 10
0 0.992892 1 0.00710812 
8 11
0 0.992892 1 0.00710812 
8 12
0 0.985834 1 0.0141657 
8 13
0 0.992892 1 0.00710812 
8 14
0 0.985834 1 0.0141657 
8 15
0 0.992892 1 0.00710812 
8 16
0 0.992892 1 0.00710812 
8 17
0 0.992892 1 0.00710812 
8 18
0 0.992892 1 0.00710812 
8 19
0 0.992892 1 0.00710812 
8 20
0 0.992892 1 0.00710812 
8 21
0 0.992892 1 0.00710812 
9 0
0 0.992892 1 0.00710812 
9 1
0 0.992892 1 0.00710812 
9 2
0 0.992892 1 0.00710812 
9 3
0 0.992892 1 0.00710812 
9 4
0 0.992892 1 0.00710812 
9 5
0 0.985834 1 0.0141657 
9 6
0 0.992892 1 0.00710812 
9 7
0 0.985834 1 0.0141657 
9 8
0 0.992892 1 0.00710812 
9 10
0 0.992892 1 0.00710812 
9 11
0 0.992892 1 0.00710812 
9 12
0 0.985834 1 0.0141657 
9 13
0 0.992892 1 0.00710812 
9 14
0 0.985834 1 0.0141657 
9 15
0 0.992892 1 0.00710812 
9 16
0 0.992892 1 0.00710812 
9 17
0 0.992892 1 0.00710812 
9 18
0 0.992892 1 0.00710812 
9 19
0 0.992892 1 0.00710812 
9 20
0 0.992892 1 0.00710812 
9 21
0 0.992892 1 0.00710812 
10 0
0 0.992892 1 0.00710812 
10 1
0 0.992892 1 0.00710812 
10 2
0 0.992892 1 0.00710812 
10 3
0 0.992892 1 0.00710812 
10 4
0 0.992892 1 0.00710812 
10 5
0 0.985834 1 0.0141657 
10 6
0 0.992892 1 0.00710812 
10 7
0 0.985834 1 0.0141657 
10 8
0 0.992892 1 0.00710812 
10 9
0 0.992892 1 0.00710812 
10 11
0 0.992892 1 0.00710812 
10 12
0 0.985834 1 0.0141657 
10 13
0 0.992892 1 0.00710812 
10 14
0 0.985834 1 0.0141657 
10 15
0 0.992892 1 0.00710812 
10 16
0 0.992892 1 0.00710812 
10 17
0 0.992892 1 0.00710812 
10 18
0 0.992892 1 0.00710812 
10 19
0 0.992892 1 0.00710812 
10 20
0 0.992892 1 0.00710812 
10 21
0 0.992892 1 0.00710812 
11 0
0 0.992892 1 0.00710812 
11 1
0 0.992892 1 0.00710812 
11 2
0 0.992892 1 0.00710812 
11 3
0 0.992892 1 0.00710812 
11 4
0 0.992892 1 0.00710812 
11 5
0 0.985834 1 0.0141657 
11 6
0 0.992892 1 0.00710812 
11 7
0 0.985834 1 0.0141657 
11 8
0 0.992892 1 0.00710812 
11 9
0 0.992892 1 0.00710812 
11 10
0 0.992892 1 0.00710812 
11 12
0 0.985834 1 0.0141657 
11 13
0 0.992892 1 0.00710812 
11 14
0 0.985834 1 0.0141657 
11 15
0 0.992892 1 0.00710812 
11 16
0 0.992892 1 0.00710812 
11 17
0 0.992892 1 0.00710812 
11 18
0 0.992892 1 0.00710812 
11 19
0 0.992892 1 0.00710812 
11 20
0 0.992892 1 0.00710812 
11 21
0 0.992892 1 0.00710812 
12 0
0 0.985834 1 0.0141657 
12 1
0 0.985834 1 0.0141657 
12 2
0 0.985834 1 0.0141657 
12 3
0 0.985834 1 0.0141657 
12 4
0 0.985834 1 0.0141657 
12 5
0 0.648755 1 0.351245 
12 6
0 0.985834 1 0.0141657 
12 7
0 0.648755 1 0.351245 
12 8
0 0.985834 1 0.0141657 
12 9
0 0.985834 1 0.0141657 
12 10
0 0.985834 1 0.0141657 
12 11
0 0.985834 1 0.0141657 
12 13
0 0.985834 1 0.0141657 
12 14
0 0.648755 1 0.351245 
12 15
0 0.985834 1 0.0141657 
12 16
0 0.985834 1 0.0141657 
12 17
0 0.985834 1 0.0141657 
12 18
0 0.985834 1 0.0141657 
12 19
0 0.985834 1 0.0141657 
12 20
0 0.985834 1 0.0141657 
12 21
0 0.985834 1 0.0141657 
13 0
0 0.992892 1 0.00710812 
13 1
0 0.992892 1 0.00710812 
13 2
0 0.992892 1 0.00710812 
13 3
0 0.992892 1 0.00710812 
13 4
0 0.992892 1 0.00710812 
13 5
0 0.985834 1 0.0141657 
13 6
0 0.992892 1 0.00710812 
13 7
0 0.985834 1 0.0141657 
13 8
0 0.992892 1 0.00710812 
13 9
0 0.992892 1 0.00710812 
13 10
0 0.992892 1 0.00710812 
13 11
0 0.992892 1 0.00710812 
13 12
0 0.985834 1 0.0141657 
13 14
0 0.985834 1 0.0141657 
13 15
0 0.992892 1 0.00710812 
13 16
0 0.992892 1 0.00710812 
13 17
0 0.992892 1 0.00710812 
13 18
0 0.992892 1 0.00710812 
13 19
0 0.992892 1 0.00710812 
13 20
0 0.992892 1 0.00710812 
13 21
0 0.992892 1 0.00710812 
14 0
0 0.985834 1 0.0141657 
14 1
0 0.985834 1 0.0141657 
14 2
0 0.985834 1 0.0141657 
14 3
0 0.985834 1 0.0141657 
14 4
0 0.985834 1 0.0141657 
14 5
0 0.648755 1 0.351245 
14 6
0 0.985834 1 0.0141657 
14 7
0 0.648755 1 0.351245 
14 8
0 0.985834 1 0.0141657 
14 9
0 0.985834 1 0.0141657 
14 10
0 0.985834 1 0.0141657 
14 11
0 0.985834 1 0.0141657 
14 12
0 0.648755 1 0.351245 
14 13
0 0.985834 1 0.0141657 
14 15
0 0.985834 1 0.0141657 
14 16
0 0.985834 1 0.0141657 
14 17
0 0.985834 1 0.0141657 
14 18
0 0.985834 1 0.0141657 
14 19
0 0.985834 1 0.0141657 
14 20
0 0.985834 1 0.0141657 
14 21
0 0.985834 1 0.0141657 
15 0
0 0.992892 1 0.00710812 
15 1
0 0.992892 1 0.00710812 
15 2
0 0.992892 1 0.00710812 
15 3
0 0.992892 1 0.00710812 
15 4
0 0.992892 1 0.00710812 
15 5
0 0.985834 1 0.0141657 
15 6
0 0.992892 1 0.00710812 
15 7
0 0.985834 1 0.0141657 
15 8
0 0.992892 1 0.00710812 
15 9
0 0.992892 1 0.00710812 
15 10
0 0.992892 1 0.00710812 
15 11
0 0.992892 1 0.00710812 
15 12
0 0.985834 1 0.0141657 
15 13
0 0.992892 1 0.00710812 
15 14
0 0.985834 1 0.0141657 
15 16
0 0.992892 1 0.00710812 
15 17
0 0.992892 1 0.00710812 
15 18
0 0.992892 1 0.00710812 
15 19
0 0.992892 1 0.00710812 
15 20
0 0.992892 1 0.00710812 
15 21
0 0.992892 1 0.00710812 
16 0
0 0.992892 1 0.00710812 
16 1
0 0.992892 1 0.00710812 
16 2
0 0.992892 1 0.00710812 
16 3
0 0.992892 1 0.00710812 
16 4
0 0.992892 1 0.00710812 
16 5
0 0.985834 1 0.0141657 
16 6
0 0.992892 1 0.00710812 
16 7
0 0.985834 1 0.0141657 
16 8
0 0.992892 1 0.00710812 
16 9
0 0.992892 1 0.00710812 
16 10
0 0.992892 1 0.00710812 
16 11
0 0.992892 1 0.00710812 
16 12
0 0.985834 1 0.0141657 
16 13
0 0.992892 1 0.00710812 
16 14
0 0.985834 1 0.0141657 
16 15
0 0.992892 1 0.00710812 
16 17
0 0.992892 1 0.00710812 
16 18
0 0.992892 1 0.00710812 
16 19
0 0.992892 1 0.00710812 
16 20
0 0.992892 1 0.00710812 
16 21
0 0.992892 1 0.00710812 
17 0
0 0.992892 1 0.00710812 
17 1
0 0.992892 1 0.00710812 
17 2
0 0.992892 1 0.00710812 
17 3
0 0.992892 1 0.00710812 
17 4
0 0.992892 1 0.00710812 
17 5
0 0.985834 1 0.0141657 
17 6
0 0.992892 1 0.00710812 
17 7
0 0.985834 1 0.0141657 
17 8
0 0.992892 1 0.00710812 
17 9
0 0.992892 1 0.00710812 
17 10
0 0.992892 1 0.00710812 
17 11
0 0.992892 1 0.00710812 
17 12
0 0.985834 1 0.0141657 
17 13
0 0.992892 1 0.00710812 
17 14
0 0.985834 1 0.0141657 
17 15
0 0.992892 1 0.00710812 
17 16
0 0.992892 1 0.00710812 
17 18
0 0.992892 1 0.00710812 
17 19
0 0.992892 1 0.00710812 
17 20
0 0.992892 1 0.00710812 
17 21
0 0.992892 1 0.00710812 
18 0
0 0.992892 1 0.00710812 
18 1
0 0.992892 1 0.00710812 
18 2
0 0.992892 1 0.00710812 
18 3
0 0.992892 1 0.00710812 
18 4
0 0.992892 1 0.00710812 
18 5
0 0.985834 1 0.0141657 
18 6
0 0.992892 1 0.00710812 
18 7
0 0.985834 1 0.0141657 
18 8
0 0.992892 1 0.00710812 
18 9
0 0.992892 1 0.00710812 
18 10
0 0.992892 1 0.00710812 
18 11
0 0.992892 1 0.00710812 
18 12
0 0.985834 1 0.0141657 
18 13
0 0.992892 1 0.00710812 
18 14
0 0.985834 1 0.0141657 
18 15
0 0.992892 1 0.00710812 
18 16
0 0.992892 1 0.00710812 
18 17
0 0.992892 1 0.00710812 
18 19
0 0.992892 1 0.00710812 
18 20
0 0.992892 1 0.00710812 
18 21
0 0.992892 1 0.00710812 
19 0
0 0.992892 1 0.00710812 
19 1
0 0.992892 1 0.00710812 
19 2
0 0.992892 1 0.00710812 
19 3
0 0.992892 1 0.00710812 
19 4
0 0.992892 1 0.00710812 
19 5
0 0.985834 1 0.0141657 
19 6
0 0.992892 1 0.00710812 
19 7
0 0.985834 1 0.0141657 
19 8
0 0.992892 1 0.00710812 
19 9
0 0.992892 1 0.00710812 
19 10
0 0.992892 1 0.00710812 
19 11
0 0.992892 1 0.00710812 
19 12
0 0.985834 1 0.0141657 
19 13
0 0.992892 1 0.00710812 
19 14
0 0.985834 1 0.0141657 
19 15
0 0.992892 1 0.00710812 
19 16
0 0.992892 1 0.00710812 
19 17
0 0.992892 1 0.00710812 
19 18
0 0.992892 1 0.00710812 
19 20
0 0.992892 1 0.00710812 
19 21
0 0.992892 1 0.00710812 
20 0
0 0.992892 1 0.00710812 
20 1
0 0.992892 1 0.00710812 
20 2
0 0.992892 1 0.00710812 
20 3
0 0.992892 1 0.00710812 
20 4
0 0.992892 1 0.00710812 
20 5
0 0.985834 1 0.0141657 
20 6
0 0.992892 1 0.00710812 
20 7
0 0.985834 1 0.0141657 
20 8
0 0.992892 1 0.00710812 
20 9
0 0.992892 1 0.00710812 
20 10
0 0.992892 1 0.00710812 
20 11
0 0.992892 1 0.00710812 
20 12
0 0.985834 1 0.0141657 
20 13
0 0.992892 1 0.00710812 
20 14
0 0.985834 1 0.0141657 
20 15
0 0.992892 1 0.00710812 
20 16
0 0.992892 1 0.00710812 
20 17
0 0.992892 1 0.00710812 
20 18
0 0.992892 1 0.00710812 
20 19
0 0.992892 1 0.00710812 
20 21
0 0.992892 1 0.00710812 
21 0
0 0.992892 1 0.00710812 
21 1
0 0.992892 1 0.00710812 
21 2
0 0.992892 1 0.00710812 
21 3
0 0.992892 1 0.00710812 
21 4
0 0.992892 1 0.00710812 
21 5
0 0.985834 1 0.0141657 
21 6
0 0.992892 1 0.00710812 
21 7
0 0.985834 1 0.0141657 
21 8
0 0.992892 1 0.00710812 
21 9
0 0.992892 1 0.00710812 
21 10
0 0.992892 1 0.00710812 
21 11
0 0.992892 1 0.00710812 
21 12
0 0.985834 1 0.0141657 
21 13
0 0.992892 1 0.00710812 
21 14
0 0.985834 1 0.0141657 
21 15
0 0.992892 1 0.00710812 
21 16
0 0.992892 1 0.00710812 
21 17
0 0.992892 1 0.00710812 
21 18
0 0.992892 1 0.00710812 
21 19
0 0.992892 1 0.00710812 
21 20
0 0.992892 1 0.00710812 
