c 	ulysses22_tsp_22_4_4_6_44_50_11_192_0_0_0_100_7710422_0_0
c 	nn 22
c 	nm 4
c 	oComp 4
c 	ooProb 0.0176757
c 	coProb 0.0350389
c 	ooD 0.636324
c 	coD 5.0456
c 	ccD 5.68193
c 	totD 11.3639
c 	ooD/totD 0.0559954
c 	coD/totD 0.444005
c 	ccD/totD 0.5
c 	ccEval 0.473494
c 	ooN 36
c 	coN 144
c 	ccN 12
c 	totN 192
c 	totN / nn(nn-1)=0.415584
c 	 TYPE: TSPLIB
22
509 501 312 1019 736 656 60 1039 726 2314 479 448 479 619 150 342 323 635 604 596 202 
509 126 474 1526 1226 1133 532 1449 1122 2789 958 941 978 1127 542 246 510 1047 1021 1010 364 
501 126 541 1516 1184 1084 536 1371 1045 2728 913 904 946 1115 499 321 577 976 952 941 401 
312 474 541 1157 980 919 271 1333 1029 2553 751 704 720 783 455 228 37 936 904 898 171 
1019 1526 1516 1157 478 583 996 858 855 1504 677 651 600 401 1033 1325 1134 818 808 820 1179 
736 1226 1184 980 478 115 740 470 379 1581 271 289 261 308 687 1077 970 342 336 348 932 
656 1133 1084 919 583 115 667 455 288 1661 177 216 207 343 592 997 913 236 226 237 856 
60 532 536 271 996 740 667 1066 759 2320 493 454 479 598 206 341 278 666 634 628 194 
1039 1449 1371 1333 858 470 455 1066 328 1387 591 650 656 776 933 1367 1333 408 438 447 1239 
726 1122 1045 1029 855 379 288 759 328 1697 333 400 427 622 610 1046 1033 96 128 133 922 
2314 2789 2728 2553 1504 1581 1661 2320 1387 1697 1838 1868 1841 1789 2248 2656 2540 1755 1777 1789 2512 
479 958 913 751 677 271 177 493 591 333 1838 68 105 336 417 821 748 243 214 217 680 
448 941 904 704 651 289 216 454 650 400 1868 68 52 287 406 789 698 311 281 283 645 
479 978 946 720 600 261 207 479 656 427 1841 105 52 237 449 818 712 341 314 318 672 
619 1127 1115 783 401 308 343 598 776 622 1789 336 287 237 636 932 764 550 528 535 785 
150 542 499 455 1033 687 592 206 933 610 2248 417 406 449 636 436 470 525 496 486 319 
342 246 321 228 1325 1077 997 341 1367 1046 2656 821 789 818 932 436 265 959 930 921 148 
323 510 577 37 1134 970 913 278 1333 1033 2540 748 698 712 764 470 265 939 907 901 201 
635 1047 976 936 818 342 236 666 408 96 1755 243 311 341 550 525 959 939 33 39 833 
604 1021 952 904 808 336 226 634 438 128 1777 214 281 314 528 496 930 907 33 14 803 
596 1010 941 898 820 348 237 628 447 133 1789 217 283 318 535 486 921 901 39 14 794 
202 364 401 171 1179 932 856 194 1239 922 2512 680 645 672 785 319 148 201 833 803 794 
192
0 4
0 0.982324 1 0.0176757 
0 5
0 0.964961 1 0.0350389 
0 12
0 0.982324 1 0.0176757 
0 15
0 0.964961 1 0.0350389 
0 17
0 0.964961 1 0.0350389 
0 18
0 0.964961 1 0.0350389 
0 20
0 0.982324 1 0.0176757 
1 2
0 0.982324 1 0.0176757 
1 5
0 0.964961 1 0.0350389 
1 15
0 0.964961 1 0.0350389 
1 17
0 0.964961 1 0.0350389 
1 18
0 0.964961 1 0.0350389 
2 1
0 0.982324 1 0.0176757 
2 5
0 0.964961 1 0.0350389 
2 7
0 0.982324 1 0.0176757 
2 15
0 0.964961 1 0.0350389 
2 17
0 0.964961 1 0.0350389 
2 18
0 0.964961 1 0.0350389 
2 19
0 0.982324 1 0.0176757 
3 0
0 0.982324 1 0.0176757 
3 1
0 0.982324 1 0.0176757 
3 5
0 0.964961 1 0.0350389 
3 7
0 0.982324 1 0.0176757 
3 11
0 0.982324 1 0.0176757 
3 15
0 0.964961 1 0.0350389 
3 17
0 0.964961 1 0.0350389 
3 18
0 0.964961 1 0.0350389 
4 2
0 0.982324 1 0.0176757 
4 5
0 0.964961 1 0.0350389 
4 9
0 0.982324 1 0.0176757 
4 12
0 0.982324 1 0.0176757 
4 15
0 0.964961 1 0.0350389 
4 17
0 0.964961 1 0.0350389 
4 18
0 0.964961 1 0.0350389 
4 21
0 0.982324 1 0.0176757 
5 0
0 0.964961 1 0.0350389 
5 1
0 0.964961 1 0.0350389 
5 2
0 0.964961 1 0.0350389 
5 3
0 0.964961 1 0.0350389 
5 4
0 0.964961 1 0.0350389 
5 6
0 0.964961 1 0.0350389 
5 7
0 0.964961 1 0.0350389 
5 8
0 0.964961 1 0.0350389 
5 9
0 0.964961 1 0.0350389 
5 10
0 0.964961 1 0.0350389 
5 11
0 0.964961 1 0.0350389 
5 12
0 0.964961 1 0.0350389 
5 13
0 0.964961 1 0.0350389 
5 14
0 0.964961 1 0.0350389 
5 15
0 0.526506 1 0.473494 
5 16
0 0.964961 1 0.0350389 
5 17
0 0.526506 1 0.473494 
5 18
0 0.526506 1 0.473494 
5 19
0 0.964961 1 0.0350389 
5 20
0 0.964961 1 0.0350389 
5 21
0 0.964961 1 0.0350389 
6 5
0 0.964961 1 0.0350389 
6 8
0 0.982324 1 0.0176757 
6 13
0 0.982324 1 0.0176757 
6 15
0 0.964961 1 0.0350389 
6 17
0 0.964961 1 0.0350389 
6 18
0 0.964961 1 0.0350389 
7 1
0 0.982324 1 0.0176757 
7 2
0 0.982324 1 0.0176757 
7 5
0 0.964961 1 0.0350389 
7 8
0 0.982324 1 0.0176757 
7 14
0 0.982324 1 0.0176757 
7 15
0 0.964961 1 0.0350389 
7 17
0 0.964961 1 0.0350389 
7 18
0 0.964961 1 0.0350389 
8 5
0 0.964961 1 0.0350389 
8 6
0 0.982324 1 0.0176757 
8 12
0 0.982324 1 0.0176757 
8 15
0 0.964961 1 0.0350389 
8 17
0 0.964961 1 0.0350389 
8 18
0 0.964961 1 0.0350389 
9 1
0 0.982324 1 0.0176757 
9 5
0 0.964961 1 0.0350389 
9 15
0 0.964961 1 0.0350389 
9 17
0 0.964961 1 0.0350389 
9 18
0 0.964961 1 0.0350389 
10 5
0 0.964961 1 0.0350389 
10 9
0 0.982324 1 0.0176757 
10 15
0 0.964961 1 0.0350389 
10 17
0 0.964961 1 0.0350389 
10 18
0 0.964961 1 0.0350389 
11 5
0 0.964961 1 0.0350389 
11 15
0 0.964961 1 0.0350389 
11 17
0 0.964961 1 0.0350389 
11 18
0 0.964961 1 0.0350389 
12 0
0 0.982324 1 0.0176757 
12 5
0 0.964961 1 0.0350389 
12 10
0 0.982324 1 0.0176757 
12 15
0 0.964961 1 0.0350389 
12 17
0 0.964961 1 0.0350389 
12 18
0 0.964961 1 0.0350389 
13 5
0 0.964961 1 0.0350389 
13 15
0 0.964961 1 0.0350389 
13 17
0 0.964961 1 0.0350389 
13 18
0 0.964961 1 0.0350389 
14 1
0 0.982324 1 0.0176757 
14 4
0 0.982324 1 0.0176757 
14 5
0 0.964961 1 0.0350389 
14 12
0 0.982324 1 0.0176757 
14 15
0 0.964961 1 0.0350389 
14 17
0 0.964961 1 0.0350389 
14 18
0 0.964961 1 0.0350389 
14 21
0 0.982324 1 0.0176757 
15 0
0 0.964961 1 0.0350389 
15 1
0 0.964961 1 0.0350389 
15 2
0 0.964961 1 0.0350389 
15 3
0 0.964961 1 0.0350389 
15 4
0 0.964961 1 0.0350389 
15 5
0 0.526506 1 0.473494 
15 6
0 0.964961 1 0.0350389 
15 7
0 0.964961 1 0.0350389 
15 8
0 0.964961 1 0.0350389 
15 9
0 0.964961 1 0.0350389 
15 10
0 0.964961 1 0.0350389 
15 11
0 0.964961 1 0.0350389 
15 12
0 0.964961 1 0.0350389 
15 13
0 0.964961 1 0.0350389 
15 14
0 0.964961 1 0.0350389 
15 16
0 0.964961 1 0.0350389 
15 17
0 0.526506 1 0.473494 
15 18
0 0.526506 1 0.473494 
15 19
0 0.964961 1 0.0350389 
15 20
0 0.964961 1 0.0350389 
15 21
0 0.964961 1 0.0350389 
16 5
0 0.964961 1 0.0350389 
16 15
0 0.964961 1 0.0350389 
16 17
0 0.964961 1 0.0350389 
16 18
0 0.964961 1 0.0350389 
17 0
0 0.964961 1 0.0350389 
17 1
0 0.964961 1 0.0350389 
17 2
0 0.964961 1 0.0350389 
17 3
0 0.964961 1 0.0350389 
17 4
0 0.964961 1 0.0350389 
17 5
0 0.526506 1 0.473494 
17 6
0 0.964961 1 0.0350389 
17 7
0 0.964961 1 0.0350389 
17 8
0 0.964961 1 0.0350389 
17 9
0 0.964961 1 0.0350389 
17 10
0 0.964961 1 0.0350389 
17 11
0 0.964961 1 0.0350389 
17 12
0 0.964961 1 0.0350389 
17 13
0 0.964961 1 0.0350389 
17 14
0 0.964961 1 0.0350389 
17 15
0 0.526506 1 0.473494 
17 16
0 0.964961 1 0.0350389 
17 18
0 0.526506 1 0.473494 
17 19
0 0.964961 1 0.0350389 
17 20
0 0.964961 1 0.0350389 
17 21
0 0.964961 1 0.0350389 
18 0
0 0.964961 1 0.0350389 
18 1
0 0.964961 1 0.0350389 
18 2
0 0.964961 1 0.0350389 
18 3
0 0.964961 1 0.0350389 
18 4
0 0.964961 1 0.0350389 
18 5
0 0.526506 1 0.473494 
18 6
0 0.964961 1 0.0350389 
18 7
0 0.964961 1 0.0350389 
18 8
0 0.964961 1 0.0350389 
18 9
0 0.964961 1 0.0350389 
18 10
0 0.964961 1 0.0350389 
18 11
0 0.964961 1 0.0350389 
18 12
0 0.964961 1 0.0350389 
18 13
0 0.964961 1 0.0350389 
18 14
0 0.964961 1 0.0350389 
18 15
0 0.526506 1 0.473494 
18 16
0 0.964961 1 0.0350389 
18 17
0 0.526506 1 0.473494 
18 19
0 0.964961 1 0.0350389 
18 20
0 0.964961 1 0.0350389 
18 21
0 0.964961 1 0.0350389 
19 0
0 0.982324 1 0.0176757 
19 5
0 0.964961 1 0.0350389 
19 15
0 0.964961 1 0.0350389 
19 17
0 0.964961 1 0.0350389 
19 18
0 0.964961 1 0.0350389 
20 3
0 0.982324 1 0.0176757 
20 5
0 0.964961 1 0.0350389 
20 15
0 0.964961 1 0.0350389 
20 17
0 0.964961 1 0.0350389 
20 18
0 0.964961 1 0.0350389 
20 21
0 0.982324 1 0.0176757 
21 5
0 0.964961 1 0.0350389 
21 8
0 0.982324 1 0.0176757 
21 15
0 0.964961 1 0.0350389 
21 17
0 0.964961 1 0.0350389 
21 18
0 0.964961 1 0.0350389 
21 19
0 0.982324 1 0.0176757 
