c 	ulysses16_tsp_16_4_full_20_30_50_6_240_0_0_0_100_3135944_0_0
c 	nn 16
c 	nm 4
c 	oComp 22
c 	ooProb 0.00934227
c 	coProb 0.0185973
c 	ooD 1.23318
c 	coD 1.78534
c 	ccD 3.01852
c 	totD 6.03703
c 	ooD/totD 0.204269
c 	coD/totD 0.295731
c 	ccD/totD 0.5
c 	ccEval 0.251543
c 	ooN 132
c 	coN 96
c 	ccN 12
c 	totN 240
c 	totN / nn(nn-1)=1
c 	 TYPE: TSPLIB
16
509 501 312 1019 736 656 60 1039 726 2314 479 448 479 619 150 
509 126 474 1526 1226 1133 532 1449 1122 2789 958 941 978 1127 542 
501 126 541 1516 1184 1084 536 1371 1045 2728 913 904 946 1115 499 
312 474 541 1157 980 919 271 1333 1029 2553 751 704 720 783 455 
1019 1526 1516 1157 478 583 996 858 855 1504 677 651 600 401 1033 
736 1226 1184 980 478 115 740 470 379 1581 271 289 261 308 687 
656 1133 1084 919 583 115 667 455 288 1661 177 216 207 343 592 
60 532 536 271 996 740 667 1066 759 2320 493 454 479 598 206 
1039 1449 1371 1333 858 470 455 1066 328 1387 591 650 656 776 933 
726 1122 1045 1029 855 379 288 759 328 1697 333 400 427 622 610 
2314 2789 2728 2553 1504 1581 1661 2320 1387 1697 1838 1868 1841 1789 2248 
479 958 913 751 677 271 177 493 591 333 1838 68 105 336 417 
448 941 904 704 651 289 216 454 650 400 1868 68 52 287 406 
479 978 946 720 600 261 207 479 656 427 1841 105 52 237 449 
619 1127 1115 783 401 308 343 598 776 622 1789 336 287 237 636 
150 542 499 455 1033 687 592 206 933 610 2248 417 406 449 636 
240
0 1
0 0.990658 1 0.00934227 
0 2
0 0.990658 1 0.00934227 
0 3
0 0.981403 1 0.0185973 
0 4
0 0.981403 1 0.0185973 
0 5
0 0.990658 1 0.00934227 
0 6
0 0.990658 1 0.00934227 
0 7
0 0.990658 1 0.00934227 
0 8
0 0.990658 1 0.00934227 
0 9
0 0.990658 1 0.00934227 
0 10
0 0.981403 1 0.0185973 
0 11
0 0.990658 1 0.00934227 
0 12
0 0.990658 1 0.00934227 
0 13
0 0.990658 1 0.00934227 
0 14
0 0.990658 1 0.00934227 
0 15
0 0.981403 1 0.0185973 
1 0
0 0.990658 1 0.00934227 
1 2
0 0.990658 1 0.00934227 
1 3
0 0.981403 1 0.0185973 
1 4
0 0.981403 1 0.0185973 
1 5
0 0.990658 1 0.00934227 
1 6
0 0.990658 1 0.00934227 
1 7
0 0.990658 1 0.00934227 
1 8
0 0.990658 1 0.00934227 
1 9
0 0.990658 1 0.00934227 
1 10
0 0.981403 1 0.0185973 
1 11
0 0.990658 1 0.00934227 
1 12
0 0.990658 1 0.00934227 
1 13
0 0.990658 1 0.00934227 
1 14
0 0.990658 1 0.00934227 
1 15
0 0.981403 1 0.0185973 
2 0
0 0.990658 1 0.00934227 
2 1
0 0.990658 1 0.00934227 
2 3
0 0.981403 1 0.0185973 
2 4
0 0.981403 1 0.0185973 
2 5
0 0.990658 1 0.00934227 
2 6
0 0.990658 1 0.00934227 
2 7
0 0.990658 1 0.00934227 
2 8
0 0.990658 1 0.00934227 
2 9
0 0.990658 1 0.00934227 
2 10
0 0.981403 1 0.0185973 
2 11
0 0.990658 1 0.00934227 
2 12
0 0.990658 1 0.00934227 
2 13
0 0.990658 1 0.00934227 
2 14
0 0.990658 1 0.00934227 
2 15
0 0.981403 1 0.0185973 
3 0
0 0.981403 1 0.0185973 
3 1
0 0.981403 1 0.0185973 
3 2
0 0.981403 1 0.0185973 
3 4
0 0.748457 1 0.251543 
3 5
0 0.981403 1 0.0185973 
3 6
0 0.981403 1 0.0185973 
3 7
0 0.981403 1 0.0185973 
3 8
0 0.981403 1 0.0185973 
3 9
0 0.981403 1 0.0185973 
3 10
0 0.748457 1 0.251543 
3 11
0 0.981403 1 0.0185973 
3 12
0 0.981403 1 0.0185973 
3 13
0 0.981403 1 0.0185973 
3 14
0 0.981403 1 0.0185973 
3 15
0 0.748457 1 0.251543 
4 0
0 0.981403 1 0.0185973 
4 1
0 0.981403 1 0.0185973 
4 2
0 0.981403 1 0.0185973 
4 3
0 0.748457 1 0.251543 
4 5
0 0.981403 1 0.0185973 
4 6
0 0.981403 1 0.0185973 
4 7
0 0.981403 1 0.0185973 
4 8
0 0.981403 1 0.0185973 
4 9
0 0.981403 1 0.0185973 
4 10
0 0.748457 1 0.251543 
4 11
0 0.981403 1 0.0185973 
4 12
0 0.981403 1 0.0185973 
4 13
0 0.981403 1 0.0185973 
4 14
0 0.981403 1 0.0185973 
4 15
0 0.748457 1 0.251543 
5 0
0 0.990658 1 0.00934227 
5 1
0 0.990658 1 0.00934227 
5 2
0 0.990658 1 0.00934227 
5 3
0 0.981403 1 0.0185973 
5 4
0 0.981403 1 0.0185973 
5 6
0 0.990658 1 0.00934227 
5 7
0 0.990658 1 0.00934227 
5 8
0 0.990658 1 0.00934227 
5 9
0 0.990658 1 0.00934227 
5 10
0 0.981403 1 0.0185973 
5 11
0 0.990658 1 0.00934227 
5 12
0 0.990658 1 0.00934227 
5 13
0 0.990658 1 0.00934227 
5 14
0 0.990658 1 0.00934227 
5 15
0 0.981403 1 0.0185973 
6 0
0 0.990658 1 0.00934227 
6 1
0 0.990658 1 0.00934227 
6 2
0 0.990658 1 0.00934227 
6 3
0 0.981403 1 0.0185973 
6 4
0 0.981403 1 0.0185973 
6 5
0 0.990658 1 0.00934227 
6 7
0 0.990658 1 0.00934227 
6 8
0 0.990658 1 0.00934227 
6 9
0 0.990658 1 0.00934227 
6 10
0 0.981403 1 0.0185973 
6 11
0 0.990658 1 0.00934227 
6 12
0 0.990658 1 0.00934227 
6 13
0 0.990658 1 0.00934227 
6 14
0 0.990658 1 0.00934227 
6 15
0 0.981403 1 0.0185973 
7 0
0 0.990658 1 0.00934227 
7 1
0 0.990658 1 0.00934227 
7 2
0 0.990658 1 0.00934227 
7 3
0 0.981403 1 0.0185973 
7 4
0 0.981403 1 0.0185973 
7 5
0 0.990658 1 0.00934227 
7 6
0 0.990658 1 0.00934227 
7 8
0 0.990658 1 0.00934227 
7 9
0 0.990658 1 0.00934227 
7 10
0 0.981403 1 0.0185973 
7 11
0 0.990658 1 0.00934227 
7 12
0 0.990658 1 0.00934227 
7 13
0 0.990658 1 0.00934227 
7 14
0 0.990658 1 0.00934227 
7 15
0 0.981403 1 0.0185973 
8 0
0 0.990658 1 0.00934227 
8 1
0 0.990658 1 0.00934227 
8 2
0 0.990658 1 0.00934227 
8 3
0 0.981403 1 0.0185973 
8 4
0 0.981403 1 0.0185973 
8 5
0 0.990658 1 0.00934227 
8 6
0 0.990658 1 0.00934227 
8 7
0 0.990658 1 0.00934227 
8 9
0 0.990658 1 0.00934227 
8 10
0 0.981403 1 0.0185973 
8 11
0 0.990658 1 0.00934227 
8 12
0 0.990658 1 0.00934227 
8 13
0 0.990658 1 0.00934227 
8 14
0 0.990658 1 0.00934227 
8 15
0 0.981403 1 0.0185973 
9 0
0 0.990658 1 0.00934227 
9 1
0 0.990658 1 0.00934227 
9 2
0 0.990658 1 0.00934227 
9 3
0 0.981403 1 0.0185973 
9 4
0 0.981403 1 0.0185973 
9 5
0 0.990658 1 0.00934227 
9 6
0 0.990658 1 0.00934227 
9 7
0 0.990658 1 0.00934227 
9 8
0 0.990658 1 0.00934227 
9 10
0 0.981403 1 0.0185973 
9 11
0 0.990658 1 0.00934227 
9 12
0 0.990658 1 0.00934227 
9 13
0 0.990658 1 0.00934227 
9 14
0 0.990658 1 0.00934227 
9 15
0 0.981403 1 0.0185973 
10 0
0 0.981403 1 0.0185973 
10 1
0 0.981403 1 0.0185973 
10 2
0 0.981403 1 0.0185973 
10 3
0 0.748457 1 0.251543 
10 4
0 0.748457 1 0.251543 
10 5
0 0.981403 1 0.0185973 
10 6
0 0.981403 1 0.0185973 
10 7
0 0.981403 1 0.0185973 
10 8
0 0.981403 1 0.0185973 
10 9
0 0.981403 1 0.0185973 
10 11
0 0.981403 1 0.0185973 
10 12
0 0.981403 1 0.0185973 
10 13
0 0.981403 1 0.0185973 
10 14
0 0.981403 1 0.0185973 
10 15
0 0.748457 1 0.251543 
11 0
0 0.990658 1 0.00934227 
11 1
0 0.990658 1 0.00934227 
11 2
0 0.990658 1 0.00934227 
11 3
0 0.981403 1 0.0185973 
11 4
0 0.981403 1 0.0185973 
11 5
0 0.990658 1 0.00934227 
11 6
0 0.990658 1 0.00934227 
11 7
0 0.990658 1 0.00934227 
11 8
0 0.990658 1 0.00934227 
11 9
0 0.990658 1 0.00934227 
11 10
0 0.981403 1 0.0185973 
11 12
0 0.990658 1 0.00934227 
11 13
0 0.990658 1 0.00934227 
11 14
0 0.990658 1 0.00934227 
11 15
0 0.981403 1 0.0185973 
12 0
0 0.990658 1 0.00934227 
12 1
0 0.990658 1 0.00934227 
12 2
0 0.990658 1 0.00934227 
12 3
0 0.981403 1 0.0185973 
12 4
0 0.981403 1 0.0185973 
12 5
0 0.990658 1 0.00934227 
12 6
0 0.990658 1 0.00934227 
12 7
0 0.990658 1 0.00934227 
12 8
0 0.990658 1 0.00934227 
12 9
0 0.990658 1 0.00934227 
12 10
0 0.981403 1 0.0185973 
12 11
0 0.990658 1 0.00934227 
12 13
0 0.990658 1 0.00934227 
12 14
0 0.990658 1 0.00934227 
12 15
0 0.981403 1 0.0185973 
13 0
0 0.990658 1 0.00934227 
13 1
0 0.990658 1 0.00934227 
13 2
0 0.990658 1 0.00934227 
13 3
0 0.981403 1 0.0185973 
13 4
0 0.981403 1 0.0185973 
13 5
0 0.990658 1 0.00934227 
13 6
0 0.990658 1 0.00934227 
13 7
0 0.990658 1 0.00934227 
13 8
0 0.990658 1 0.00934227 
13 9
0 0.990658 1 0.00934227 
13 10
0 0.981403 1 0.0185973 
13 11
0 0.990658 1 0.00934227 
13 12
0 0.990658 1 0.00934227 
13 14
0 0.990658 1 0.00934227 
13 15
0 0.981403 1 0.0185973 
14 0
0 0.990658 1 0.00934227 
14 1
0 0.990658 1 0.00934227 
14 2
0 0.990658 1 0.00934227 
14 3
0 0.981403 1 0.0185973 
14 4
0 0.981403 1 0.0185973 
14 5
0 0.990658 1 0.00934227 
14 6
0 0.990658 1 0.00934227 
14 7
0 0.990658 1 0.00934227 
14 8
0 0.990658 1 0.00934227 
14 9
0 0.990658 1 0.00934227 
14 10
0 0.981403 1 0.0185973 
14 11
0 0.990658 1 0.00934227 
14 12
0 0.990658 1 0.00934227 
14 13
0 0.990658 1 0.00934227 
14 15
0 0.981403 1 0.0185973 
15 0
0 0.981403 1 0.0185973 
15 1
0 0.981403 1 0.0185973 
15 2
0 0.981403 1 0.0185973 
15 3
0 0.748457 1 0.251543 
15 4
0 0.748457 1 0.251543 
15 5
0 0.981403 1 0.0185973 
15 6
0 0.981403 1 0.0185973 
15 7
0 0.981403 1 0.0185973 
15 8
0 0.981403 1 0.0185973 
15 9
0 0.981403 1 0.0185973 
15 10
0 0.748457 1 0.251543 
15 11
0 0.981403 1 0.0185973 
15 12
0 0.981403 1 0.0185973 
15 13
0 0.981403 1 0.0185973 
15 14
0 0.981403 1 0.0185973 
